#GEN	x_best	f(x_best)	#eval
0	[0.75714014 5.12      ]	26.78766119521623	128
1	[0.16632894 0.06374688]	0.031728980791508085	256
2	[-0.15698984  0.03316756]	0.025745898493161654	384
3	[ 0.07312603 -0.04163915]	0.007081235236776083	512
4	[0.00968642 0.00461591]	0.0001151333134760056	640
5	[ 0.00932195 -0.00637941]	0.00012759574137492745	768
6	[-0.03467863 -0.03286222]	0.002282532791351701	896
7	[ 0.0537868 -0.0049814]	0.0029178342202906497	1024
8	[ 0.03882594 -0.02352865]	0.0020610506223179615	1152
9	[-0.04452862  0.02461666]	0.0025887777640839415	1280
10	[0.01780962 0.01607194]	0.0005754895259518153	1408
11	[-0.03370171  0.06433054]	0.005274224161071687	1536
12	[0.03283868 0.04475869]	0.003081719826754318	1664
13	[ 0.00844049 -0.00805511]	0.00013612669756193565	1792
14	[-0.01466342 -0.00736041]	0.0002691914852394407	1920
15	[-0.01128417 -0.0120499 ]	0.0002725326299517943	2048
16	[ 0.08156222 -0.00785163]	0.006714043359641371	2176
17	[0.01331661 0.02289668]	0.0007015899295263124	2304
18	[0.0151595  0.00187523]	0.00023332679099445788	2432
19	[0.02610908 0.02555172]	0.0013345747246836846	2560
20	[0.0384747  0.02411701]	0.00206193246607465	2688
21	[-0.06300924 -0.03618867]	0.00527978480308746	2816
22	[ 0.03265862 -0.02391959]	0.0016387323201449435	2944
23	[-0.02418437  0.02435553]	0.0011780757133802058	3072
24	[ 0.03146883 -0.05145925]	0.003638341042732648	3200
25	[-0.00784989 -0.01180015]	0.00020086444317153547	3328
26	[ 0.03200319 -0.01259832]	0.001182921429547045	3456
27	[-0.03927995 -0.01160075]	0.0016774918870680366	3584
28	[-0.00775183 -0.04507658]	0.0020919889079274437	3712
29	[-0.01458747  0.02820508]	0.0010083209388388617	3840
30	[-0.0217399   0.03938142]	0.002023519570966802	3968
31	[0.00981026 0.00707082]	0.00014623758349723297	4096
32	[-0.03295914 -0.03071585]	0.0020297683110806607	4224
33	[-0.00191832  0.04197116]	0.0017652583073843773	4352
34	[ 0.03663333 -0.00892887]	0.0014217255350684067	4480
35	[-0.00348852  0.01587754]	0.00026426607391921963	4608
36	[0.05269924 0.02052912]	0.0031986545753576	4736
37	[ 0.00754873 -0.05385917]	0.0029577932065126458	4864
38	[ 0.04359498 -0.01138565]	0.002030155432877382	4992
39	[0.03643701 0.03109904]	0.0022948059973095757	5120
40	[ 0.01886351 -0.04256892]	0.0021679443933419968	5248
41	[0.04125898 0.04275819]	0.003530566386436277	5376
42	[0.01647109 0.0301814 ]	0.0011822135842916618	5504
43	[-0.0025054  -0.01218816]	0.00015482830609872365	5632
44	[-0.02306771 -0.02743385]	0.0012847353264823411	5760
45	[-0.0134403  -0.00401079]	0.0001967280556612636	5888
46	[ 0.0144229 -0.0117124]	0.0003452002097294306	6016
47	[ 0.03908014 -0.03132347]	0.0025084172330779014	6144
48	[ 0.02214975 -0.00237563]	0.0004962551331620575	6272
49	[0.04088154 0.01614984]	0.0019321178538674638	6400
50	[ 0.01276891 -0.03988203]	0.0017536214062893539	6528
51	[-0.03454714  0.00401761]	0.0012096463277578265	6656
52	[0.00508269 0.02080537]	0.00045869707630347866	6784
53	[ 0.02126697 -0.03052784]	0.0013842331584246175	6912
54	[ 4.96427244e-05 -2.42154931e-02]	0.0005863925707820524	7040
55	[0.01581325 0.03559316]	0.0015169317097282224	7168
56	[-0.01617328 -0.04557864]	0.002338987508011701	7296
57	[-0.01870373  0.00542343]	0.000379242888325547	7424
58	[-0.01675774 -0.01056421]	0.0003924242763995693	7552
59	[-0.00311586  0.01847229]	0.00035093389099764545	7680
60	[ 0.01288039 -0.04123993]	0.001866636331730752	7808
61	[ 0.00026269 -0.01226746]	0.00015055950810405737	7936
62	[0.01393417 0.06743292]	0.004741360010589081	8064
63	[ 0.01008008 -0.0198172 ]	0.0004943292864096602	8192
64	[-0.02771172 -0.04612708]	0.0028956471425057076	8320
65	[ 0.02396113 -0.00731381]	0.0006276277050295668	8448
66	[ 0.01283409 -0.00106918]	0.00016585704179768255	8576
67	[ 0.00701353 -0.00135835]	5.1034644530806486e-05	8704
68	[ 0.02617859 -0.01618308]	0.0009472103585854618	8832
69	[0.00744569 0.02069546]	0.00048374028072908676	8960
70	[0.00426292 0.03523115]	0.0012594066578836638	9088
71	[ 0.00889262 -0.01265934]	0.0002393375372202637	9216
72	[-0.03153945 -0.01359591]	0.00117958585101838	9344
73	[-0.01995321 -0.00628146]	0.0004375872790195782	9472
74	[-0.03340249  0.01013306]	0.0012184049096466503	9600
75	[0.0050523  0.00029423]	2.5612287926729894e-05	9728
76	[-0.02183046 -0.00542687]	0.0005060199081467563	9856
77	[-0.00211417 -0.04179267]	0.0017510966494589874	9984
78	[0.00054176 0.01261582]	0.00015945239884752505	10112
79	[-0.05295085 -0.02686712]	0.0035256351383620675	10240
80	[-0.00137657 -0.02662964]	0.0007110328193475464	10368
81	[-0.0130973   0.00095364]	0.00017244864654739962	10496
82	[-0.03048364  0.00784955]	0.0009908679304467675	10624
83	[ 0.00959053 -0.00040553]	9.214271240755325e-05	10752
84	[0.00628303 0.00223619]	4.4477030990959034e-05	10880
85	[0.00309028 0.04865147]	0.002376514879512032	11008
86	[-0.02680122 -0.04496077]	0.002739776496028982	11136
87	[-0.00061272 -0.00258424]	7.053710911783926e-06	11264
88	[ 0.0157076  -0.01507483]	0.00047397906741748395	11392
89	[0.0228259  0.02956383]	0.0013950415098235715	11520
90	[-0.01460246  0.01648443]	0.00048496801306977607	11648
91	[ 0.04730103 -0.05465492]	0.005224547746034031	11776
92	[0.00413714 0.00382251]	3.172754111223129e-05	11904
93	[-0.02608797 -0.02579887]	0.0013461635892376977	12032
94	[-0.05798305 -0.03369828]	0.004497607422372038	12160
95	[ 0.04465937 -0.02070664]	0.0024232239187782878	12288
96	[0.05526368 0.00771277]	0.0031135606548714392	12416
97	[-0.00450524 -0.01909617]	0.0003849609785811552	12544
98	[-0.01226177  0.03487959]	0.0013669367721943879	12672
99	[0.0069764  0.03147936]	0.0010396206377125674	12800
100	[-0.0115733  -0.03103715]	0.001097246230567853	12928
101	[-0.05761129 -0.00684329]	0.003365891718148657	13056
102	[ 0.0171079  -0.02348733]	0.000844334747828432	13184
103	[-0.03413707  0.02121865]	0.0016155710695797652	13312
104	[ 0.03993548 -0.02249372]	0.0021008104218919275	13440
105	[ 0.02958982 -0.01148298]	0.001007416102796079	13568
106	[-0.0303456  -0.01380301]	0.0011113785283164408	13696
107	[-0.02430302 -0.03318576]	0.001691931421607559	13824
108	[-0.01219113  0.02305825]	0.0006803066000918254	13952
109	[ 0.00465809 -0.03411978]	0.0011858568654733205	14080
110	[-0.00862485 -0.0022372 ]	7.939299828323681e-05	14208
111	[0.00823025 0.03752836]	0.001476114819652362	14336
112	[0.04210891 0.00142221]	0.0017751831138803052	14464
113	[-0.03717727  0.02976434]	0.0022680649650179247	14592
114	[-0.06196024  0.00635912]	0.00387950969626062	14720
115	[0.04457689 0.02501891]	0.002613045136683259	14848
116	[0.01277212 0.041908  ]	0.00191940779833817	14976
117	[0.00700686 0.01134485]	0.00017780165757019648	15104
118	[-0.02293177 -0.01825061]	0.0008589509220117704	15232
119	[-0.02575648 -0.02748954]	0.00141907120417209	15360
120	[ 0.01487231 -0.00598047]	0.00025695156221974694	15488
121	[-0.02063958  0.02567548]	0.0010852227594131943	15616
122	[-0.00279034 -0.04308923]	0.0018644681237501692	15744
123	[0.02252424 0.01727455]	0.0008057516215027385	15872
124	[0.01479526 0.00842044]	0.0002898036394142892	16000
125	[-0.02558683  0.01797306]	0.0009777166047241523	16128
126	[ 0.00764186 -0.06794978]	0.004675570747981116	16256
127	[ 0.01671922 -0.01507232]	0.0005067071461696098	16384
128	[-0.02494358  0.01942853]	0.0009996496440126438	16512
129	[-0.01598539  0.00874418]	0.0003319932483572623	16640
130	[-0.01271671  0.0198431 ]	0.0005554633345260419	16768
131	[0.0107059  0.00410359]	0.00013145569379011682	16896
132	[-0.00601712  0.01612612]	0.00029625763076083226	17024
133	[-0.0332315  0.0452533]	0.003152193605744725	17152
134	[-0.03218854 -0.0149672 ]	0.0012601188479643398	17280
135	[ 0.00053353 -0.01892366]	0.00035838968008961264	17408
136	[ 0.0304033  -0.01512195]	0.0011530338727769665	17536
137	[-0.00466441 -0.00735616]	7.586987721475459e-05	17664
138	[-0.00747112  0.03314591]	0.0011544691731546768	17792
139	[0.00822623 0.0580235 ]	0.0034343971476309904	17920
140	[ 0.00497872 -0.0210847 ]	0.0004693523847063907	18048
141	[0.02244675 0.00975852]	0.0005990853832651181	18176
142	[ 0.00033299 -0.00621628]	3.875302967937094e-05	18304
143	[ 0.06999579 -0.0298321 ]	0.005789364664011981	18432
144	[-0.01895345 -0.01472486]	0.000576054908959398	18560
145	[ 0.04902521 -0.00243393]	0.0024093951815486094	18688
146	[-0.05260938 -0.00056852]	0.002768070238444392	18816
147	[-0.03066006 -0.06519234]	0.005190080779409563	18944
148	[0.01556564 0.00643787]	0.00028373540613261275	19072
149	[-0.02414227  0.00190201]	0.0005864669211544222	19200
150	[-0.00229219 -0.04510271]	0.0020395087326595305	19328
151	[-0.02179398  0.11957591]	0.014773377116318752	19456
152	[-0.02087692  0.02583942]	0.0011035213298476872	19584
153	[0.00084713 0.01620643]	0.000263365924226401	19712
154	[-0.00849377  0.03482309]	0.0012847919633082324	19840
155	[0.03002326 0.00147478]	0.0009035712319830283	19968
156	[ 0.01804507 -0.02805026]	0.0011124417058844343	20096
157	[0.02083882 0.00274784]	0.0004418071138232817	20224
158	[-0.00158474 -0.00168561]	5.352693200981341e-06	20352
159	[ 0.0304453  -0.00670192]	0.0009718318556393465	20480
160	[0.01085769 0.00783204]	0.0001792303251192989	20608
161	[ 0.0557153  -0.00704496]	0.003153825920290845	20736
162	[-0.00111374  0.00176327]	4.349552843431104e-06	20864
163	[0.00205595 0.00870262]	7.996248237559694e-05	20992
164	[0.02249214 0.03673295]	0.0018552058165053433	21120
165	[-0.00375514 -0.0085774 ]	8.767292404212141e-05	21248
166	[-0.02012004 -0.01157398]	0.0005387730134060128	21376
167	[-0.0009483 -0.0026576]	7.962117169972483e-06	21504
168	[-0.03260702 -0.01678164]	0.001344841359636669	21632
169	[-0.01707197 -0.04093345]	0.0019669997387346495	21760
170	[-0.00648539 -0.01985128]	0.000436133513444787	21888
171	[0.00241777 0.02573753]	0.0006682661703695779	22016
172	[-0.0202016  -0.03035064]	0.0013292660286418998	22144
173	[-0.02582178  0.01774341]	0.000981592835790536	22272
174	[-0.00360827 -0.05495661]	0.003033248567011302	22400
175	[-0.04148771  0.00744049]	0.0017765910568950656	22528
176	[-0.00359701  0.02239902]	0.0005146543577203759	22656
177	[0.02510779 0.04317991]	0.002494905534281331	22784
178	[ 0.00242619 -0.01049722]	0.00011607807056507819	22912
179	[-0.01064581 -0.03077537]	0.001060456472852373	23040
180	[0.01814718 0.00676953]	0.0003751467594560907	23168
181	[-0.0095751  -0.01388504]	0.00028447683486200367	23296
182	[-0.02175732  0.00631957]	0.0005133177449791402	23424
183	[-0.03480868  0.04928367]	0.003640524480992984	23552
184	[-0.00824167 -0.02543871]	0.0007150531996822733	23680
185	[0.01987042 0.02955408]	0.0012682769428512346	23808
186	[-0.0127102   0.02401955]	0.0007384879855360881	23936
187	[0.0459633  0.00812609]	0.0021786584638248097	24064
188	[-0.01261348 -0.04644834]	0.0023165486018438142	24192
189	[-0.05737298  0.01622673]	0.0035549650912831483	24320
190	[ 0.01995299 -0.02536076]	0.001041289710643674	24448
191	[ 0.013946   -0.02041401]	0.0006112227325147221	24576
192	[-0.01252244  0.05552592]	0.003239939642728561	24704
193	[-0.02632211 -0.0034654 ]	0.0007048624921820848	24832
194	[ 0.00243457 -0.00259982]	1.2686188123175664e-05	24960
195	[-0.01208707 -0.04664949]	0.002322272704995339	25088
196	[ 0.01971141 -0.00128378]	0.00039018783613529957	25216
197	[-0.00545176  0.0170876 ]	0.0003217078714987918	25344
198	[0.00534113 0.01777733]	0.0003445610882844565	25472
199	[0.00198921 0.01266393]	0.0001643321643702518	25600
200	[-0.02000781  0.01796158]	0.0007229307606864387	25728
201	[0.02309331 0.06490006]	0.004745318982031589	25856
202	[-0.00506396 -0.00251783]	3.1983231906284495e-05	25984
203	[ 0.02371854 -0.01153076]	0.0006955276411894524	26112
204	[0.01782884 0.00842628]	0.0003888698077100922	26240
205	[ 0.02996899 -0.03118706]	0.0018707729280205213	26368
206	[0.07845941 0.01424893]	0.006358910739101976	26496
207	[ 0.01715005 -0.01451741]	0.0005048793478088936	26624
208	[-0.00533535 -0.0073335 ]	8.224621356562264e-05	26752
209	[-0.00188043 -0.0558744 ]	0.003125484138705219	26880
210	[0.05857933 0.06237745]	0.0073224839301505844	27008
211	[-0.04211376 -0.0011723 ]	0.0017749432266586235	27136
212	[0.03879435 0.03536372]	0.00275559452505141	27264
213	[-0.04231013 -0.02531815]	0.0024311556535124446	27392
214	[-0.00033571 -0.01959139]	0.00038393544738567366	27520
215	[-0.0243447  -0.00176559]	0.000595781537631995	27648
216	[-0.02066725  0.03902384]	0.0019499950227812013	27776
217	[-0.02867091  0.01677188]	0.0011033169591836097	27904
218	[0.0223883  0.01235511]	0.0006538849483788027	28032
219	[ 0.01490806 -0.02997361]	0.0011206672680112498	28160
220	[ 0.00660083 -0.00954298]	0.0001346393968652596	28288
221	[-0.02108461 -0.02342021]	0.000993066785857551	28416
222	[ 0.00837161 -0.00499286]	9.50125983952397e-05	28544
223	[-0.00788024  0.01195739]	0.00020507736470934927	28672
224	[-0.02595981 -0.00903837]	0.0007556037970339113	28800
225	[0.04012236 0.02768255]	0.002376127617937217	28928
226	[-0.05112039 -0.01246962]	0.0027687859499412955	29056
227	[0.02563338 0.00741765]	0.0007120914769826324	29184
228	[0.04130018 0.00624464]	0.0017447001252891147	29312
229	[ 0.0213988  -0.00102015]	0.00045894943296057787	29440
230	[ 0.01496832 -0.0227506 ]	0.0007416404922333025	29568
231	[ 0.01226029 -0.06073702]	0.0038393008873677877	29696
232	[-0.02123279  0.01638052]	0.0007191530838090764	29824
233	[-0.00192817  0.03051165]	0.0009346787621712401	29952
234	[ 0.02442464 -0.04949235]	0.0030460552108977097	30080
235	[-0.0014182   0.00568829]	3.436793323536339e-05	30208
236	[ 0.02176286 -0.01150645]	0.0006060205927366294	30336
237	[-0.00774317  0.02039658]	0.00047597719075335944	30464
238	[-0.01812029  0.06771271]	0.004913355899039838	30592
239	[0.00529831 0.04521217]	0.0020722127899697423	30720
240	[-0.02530517 -0.04452465]	0.0026227957224303853	30848
241	[ 0.01060427 -0.00229684]	0.00011772595124562376	30976
242	[-0.00169291 -0.02593528]	0.0006755049350489729	31104
243	[ 0.01181614 -0.01397952]	0.0003350482311188903	31232
244	[-0.03103504 -0.02038195]	0.0013785977875514816	31360
245	[-0.00207912  0.05261058]	0.002772195764440544	31488
246	[0.01416138 0.00690409]	0.0002482112267520129	31616
247	[ 0.00912676 -0.02861537]	0.0009021370293840743	31744
248	[-0.0101335   0.02934273]	0.0009636837162470819	31872
249	[-0.02093023 -0.00580774]	0.00047180435857539766	32000
250	[ 0.059014  -0.0556841]	0.006583370811120235	32128
251	[0.00526188 0.02627428]	0.0007180250461284764	32256
252	[-0.0128678  -0.00155006]	0.00016798297178474862	32384
253	[-0.01078664  0.0178288 ]	0.00043421783520691907	32512
254	[-0.0060436  -0.01665644]	0.0003139619402177155	32640
255	[ 0.02951773 -0.00072515]	0.000871822225006692	32768
256	[-0.03387471  0.05184732]	0.0038356404744792393	32896
257	[ 0.04423621 -0.00547973]	0.0019868695241614396	33024
258	[-0.03498732 -0.007166  ]	0.0012754640481713213	33152
259	[-0.02677331 -0.01226871]	0.0008673313411654279	33280
260	[-0.01248487  0.01731954]	0.0004558384140860926	33408
261	[-0.02140719  0.04128341]	0.0021625880966299827	33536
262	[-0.01230667  0.00293611]	0.00016007490688579396	33664
263	[-0.05203839 -0.01102843]	0.002829619953208372	33792
264	[-0.03579698 -0.02071066]	0.00171035537172239	33920
265	[-0.02894161  0.01315979]	0.0010107970902738987	34048
266	[ 0.04169977 -0.01149853]	0.0018710873626538562	34176
267	[-0.03530107 -0.00098857]	0.0012471430112371475	34304
268	[-0.00849061 -0.00691772]	0.0001199452482863833	34432
269	[-0.04117896 -0.01042648]	0.0018044184190992344	34560
270	[ 0.0230474  -0.00955481]	0.0006224771493061268	34688
271	[-0.05336034  0.00473273]	0.002869725071820049	34816
272	[ 0.011409   -0.00939784]	0.00021848470968221948	34944
273	[0.01021493 0.02299193]	0.0006329733689947921	35072
274	[-0.02340231  0.02253412]	0.0010554547531102265	35200
275	[ 0.00847121 -0.00972649]	0.00016636599351527062	35328
276	[-0.03046264  0.01003518]	0.0010286772112988462	35456
277	[-0.02266566 -0.03354458]	0.0016389711038266386	35584
278	[ 0.00857839 -0.04347105]	0.00196332137251785	35712
279	[ 0.010938   -0.00079529]	0.00012027230094527094	35840
280	[-0.00162269  0.02089339]	0.0004391667479924357	35968
281	[0.00714858 0.02162632]	0.0005187999439439426	36096
282	[0.10117861 0.04233036]	0.012028970219799493	36224
283	[0.01534106 0.01292803]	0.0004024821313459683	36352
284	[ 0.01302441 -0.00542696]	0.00019908727083722922	36480
285	[0.04642733 0.01642076]	0.002425138146518101	36608
286	[0.0405033  0.01442511]	0.0018486011026667565	36736
287	[ 0.01034807 -0.04223273]	0.001890686110710871	36864
288	[ 0.03408537 -0.04615031]	0.0032916638682660543	36992
289	[-0.02258486  0.0511897 ]	0.0031304608681945664	37120
290	[-0.04720569 -0.02424138]	0.0028160212676298165	37248
291	[ 0.00762929 -0.01960336]	0.0004424975324130253	37376
292	[ 0.00406857 -0.00487729]	4.03411627282775e-05	37504
293	[ 0.04808715 -0.07096536]	0.0073484568214679385	37632
294	[-0.02482455 -0.0557086 ]	0.0037197066136869785	37760
295	[-0.00821497 -0.01170401]	0.00020446967750200375	37888
296	[-0.02165317 -0.01166433]	0.0006049163561327998	38016
297	[-0.03859111  0.03097454]	0.002448695948813744	38144
298	[-0.05526389  0.05195961]	0.005753898480572037	38272
299	[-0.04599529  0.01359335]	0.0023003458982639676	38400
300	[-0.04728245  0.00028635]	0.0022357119668520117	38528
301	[0.04476964 0.03164493]	0.003005722572557804	38656
302	[-0.020405    0.00520034]	0.0004434076329510624	38784
303	[-0.01506996 -0.02261871]	0.0007387098097090254	38912
304	[-0.04218568  0.02661097]	0.0024877750788332214	39040
305	[ 0.01559067 -0.01943297]	0.0006207096508922748	39168
306	[ 0.03512607 -0.01893996]	0.0015925631328836815	39296
307	[-0.03104196 -0.03256484]	0.0020240720444658616	39424
308	[-0.00669028 -0.03312813]	0.0011422325336842311	39552
309	[0.01731155 0.0044987 ]	0.0003199280636867699	39680
310	[ 0.01989397 -0.05697383]	0.0036417874649507234	39808
311	[0.05069673 0.03787516]	0.004004686266020546	39936
312	[ 0.01036184 -0.02114516]	0.0005544855487594489	40064
313	[-0.03136358 -0.02304879]	0.001514920784428928	40192
314	[0.01983577 0.02135295]	0.0008494062482728706	40320
315	[-0.01470876  0.02999539]	0.0011160709592231712	40448
316	[-8.64778444e-05  8.47029679e-03]	7.175340615391259e-05	40576
317	[ 0.00203783 -0.00296452]	1.2941141373459943e-05	40704
318	[-0.0675221   0.00159115]	0.004561765603170893	40832
319	[ 0.02716215 -0.00244123]	0.00074374190724842	40960
320	[-0.00505177  0.04097804]	0.0017047203265989103	41088
321	[-0.01190241  0.01146048]	0.00027300988516210605	41216
322	[0.02470728 0.00453694]	0.0006310333323219434	41344
323	[-0.00752685 -0.02388404]	0.000627100953206245	41472
324	[0.02152793 0.01419236]	0.0006648750680203952	41600
325	[0.0150261  0.06097306]	0.003943497844399639	41728
326	[-0.02915749  0.04655131]	0.0030171834312638316	41856
327	[-0.03439238  0.01360289]	0.0013678741520827982	41984
328	[-0.020684    0.03102547]	0.0013904079258003355	42112
329	[0.00041241 0.02522093]	0.0006362656177281162	42240
330	[-0.01231786 -0.00811796]	0.00021763090524527985	42368
331	[ 0.02006943 -0.01598135]	0.0006581856662032264	42496
332	[-0.0312203 -0.0231378]	0.0015100649627222233	42624
333	[ 0.02293407 -0.04867429]	0.0028951575161961615	42752
334	[-0.01120609 -0.01808371]	0.0004525969975864935	42880
335	[-0.00391147  0.00717981]	6.684922887889947e-05	43008
336	[ 0.05858936 -0.00352581]	0.003445144426864735	43136
337	[-0.03512964 -0.00550709]	0.0012644193862301543	43264
338	[-0.00403817  0.05008706]	0.0025250201674742808	43392
339	[-0.0347885  -0.02870307]	0.0020341057656254697	43520
340	[0.00619165 0.07498408]	0.005660948433939328	43648
341	[ 0.00193823 -0.00655173]	4.668191052771124e-05	43776
342	[ 0.01118419 -0.07816389]	0.006234679462877267	43904
343	[ 0.00514301 -0.01378135]	0.0002163762525428227	44032
344	[-0.01582679 -0.0487463 ]	0.0026266891185572723	44160
345	[0.02369043 0.00268286]	0.0005684342368429466	44288
346	[0.01091936 0.02413563]	0.0007017612115041358	44416
347	[0.00690191 0.00554789]	7.841553846914257e-05	44544
348	[-0.0673645   0.02311812]	0.005072422769804747	44672
349	[0.01330358 0.01363098]	0.00036278876689489395	44800
350	[ 0.05515992 -0.02739232]	0.003792955662224637	44928
351	[-0.00520967  0.02648544]	0.0007286190244713697	45056
352	[ 0.00558511 -0.03534758]	0.0012806451593538794	45184
353	[-0.02393051 -0.0140835 ]	0.0007710140737687944	45312
354	[-0.00871559  0.00366947]	8.942658258227523e-05	45440
355	[-0.00567412 -0.0048339 ]	5.5562264168893054e-05	45568
356	[ 0.02273729 -0.02859337]	0.001334564956336823	45696
357	[-0.02088709 -0.00571877]	0.00046897483170283273	45824
358	[ 0.01896605 -0.04732633]	0.0025994923570763005	45952
359	[-0.04431567 -0.02215886]	0.0024548937885171132	46080
360	[0.01769874 0.02044597]	0.0007312832031342774	46208
361	[0.04450785 0.02157153]	0.002446280050337779	46336
362	[-0.01290623  0.03007078]	0.0010708225168004348	46464
363	[ 0.00908565 -0.00958877]	0.00017449349602003696	46592
364	[-0.04544698 -0.0138756 ]	0.0022579602918747447	46720
365	[0.06356636 0.01388018]	0.0042333414095713905	46848
366	[0.00102822 0.00093218]	1.9262050891659914e-06	46976
367	[-0.01698987 -0.03383909]	0.001433739591930236	47104
368	[-0.01699609 -0.02307893]	0.0008215039110157079	47232
369	[-0.02536974 -0.04522005]	0.002688476883102238	47360
370	[-0.00519481  0.08273326]	0.006871777611572225	47488
371	[ 0.02597007 -0.01053241]	0.0007853763991375277	47616
372	[ 0.00331545 -0.06878861]	0.004742864683085004	47744
373	[-0.00040403 -0.03537683]	0.0012516830983382115	47872
374	[-0.01642645  0.00187664]	0.0002733501981228967	48000
375	[-0.02612398 -0.03890227]	0.002195848601761874	48128
376	[-0.0251256  -0.03442619]	0.0018164581849800213	48256
377	[ 0.02859044 -0.03644735]	0.002145822164590707	48384
378	[ 0.00612198 -0.0431728 ]	0.001901368947976018	48512
379	[-0.03688759  0.03271732]	0.002431116906424119	48640
380	[0.05404888 0.00966902]	0.003014771656222839	48768
381	[0.02498602 0.00646672]	0.0006661193719487493	48896
382	[-0.04618546 -0.01647352]	0.0024044738498576433	49024
383	[-0.03187095 -0.00676275]	0.001061492247538983	49152
384	[0.00563742 0.05019687]	0.0025515067162989826	49280
385	[0.02411215 0.0059981 ]	0.0006173728191855008	49408
386	[ 0.02455056 -0.03391367]	0.001752867067343242	49536
387	[-0.0089483   0.03171789]	0.001086096474803296	49664
388	[-0.06237995  0.01603397]	0.004148346138377613	49792
389	[-0.03119236 -0.03939522]	0.002524946352892662	49920
390	[0.03904702 0.02258444]	0.002034726377033811	50048
391	[-0.00931926 -0.0057673 ]	0.00012011039171454614	50176
392	[-0.00570837 -0.01966197]	0.0004191785482655562	50304
393	[-0.01000292 -0.01932758]	0.0004736135862650384	50432
394	[ 0.00073431 -0.05320734]	0.0028315604802530334	50560
395	[ 0.00620978 -0.01131553]	0.00016660261860949212	50688
396	[-0.01404587 -0.04918036]	0.0026159946723249587	50816
397	[0.02427072 0.00327983]	0.0005998249629056385	50944
398	[ 0.00181988 -0.05658425]	0.0032050895744377104	51072
399	[ 0.03381507 -0.01607865]	0.0014019818382522654	51200
400	[-0.01413945 -0.00354989]	0.0002125257236067591	51328
401	[ 0.01573405 -0.02062964]	0.0006731425981351886	51456
402	[-0.01329488  0.04848732]	0.002527774418165045	51584
403	[ 0.02430194 -0.02261867]	0.0011021881855231516	51712
404	[ 0.03774247 -0.03982695]	0.0030106801557951415	51840
405	[-0.00962377  0.00852134]	0.00016523031007047932	51968
406	[ 0.01177452 -0.01206577]	0.0002842221382414173	52096
407	[-0.03174144 -0.0669069 ]	0.005484051796906238	52224
408	[-0.01394557 -0.03478416]	0.0014044164476199159	52352
409	[-0.06179227 -0.02007914]	0.004221456841432294	52480
410	[-0.00111286  0.06656917]	0.004432692989319157	52608
411	[0.05867079 0.03508901]	0.004673500103499472	52736
412	[0.08699981 0.03490021]	0.008786992228712435	52864
413	[-0.00772589 -0.06204595]	0.003909388844696903	52992
414	[ 0.0023575  -0.00233026]	1.0987908502179494e-05	53120
415	[ 0.02444233 -0.00280762]	0.0006053100032409838	53248
416	[0.019534   0.01387975]	0.0005742247015117939	53376
417	[-0.03379923  0.03216674]	0.0021770872345608146	53504
418	[-0.01340118  0.01746102]	0.00048447902258556255	53632
419	[0.05014328 0.01160315]	0.0026489811474690677	53760
420	[0.01278182 0.02550317]	0.0008137863079190405	53888
421	[0.00509102 0.014775  ]	0.0002442191681325783	54016
422	[ 0.03174771 -0.05094711]	0.0036035255312823183	54144
423	[-0.00982087  0.00722042]	0.0001485839719465375	54272
424	[0.04501556 0.0221687 ]	0.0025178523113689516	54400
425	[0.01645171 0.00476561]	0.0002933698493997323	54528
426	[ 0.04460038 -0.01574561]	0.0022371181267581666	54656
427	[0.06136063 0.00135016]	0.0037669502560703245	54784
428	[-0.03786414  0.02832614]	0.002236063210467874	54912
429	[0.02299329 0.02164892]	0.0009973673544391008	55040
430	[0.03591785 0.01567733]	0.001535870332736738	55168
431	[-0.08087416  0.00359994]	0.006553590054008346	55296
432	[ 0.04408934 -0.00216911]	0.0019485750907492594	55424
433	[-0.01048302 -0.01243587]	0.0002645446024993577	55552
434	[-0.0465063  -0.06844165]	0.0068470955311924035	55680
435	[ 0.00779671 -0.00962042]	0.00015334108734771872	55808
436	[-0.00775399  0.00843518]	0.0001312766926224653	55936
437	[ 0.02952019 -0.01958298]	0.001254934496646796	56064
438	[0.00892498 0.0117145 ]	0.00021688475520824005	56192
439	[-0.03959346  0.03222421]	0.0026060419788627317	56320
440	[-0.02723736 -0.07295276]	0.006063979461501803	56448
441	[-0.00980904  0.017312  ]	0.00039592257718854234	56576
442	[-0.02291619 -0.02966809]	0.0014053475995087585	56704
443	[0.03760387 0.01124633]	0.0015405311612708029	56832
444	[0.02376407 0.02938116]	0.0014279837367538327	56960
445	[ 0.01898302 -0.01163531]	0.0004957353612888783	57088
446	[0.02265477 0.01818241]	0.0008438386029115404	57216
447	[ 0.01849127 -0.02684551]	0.0010626088490823498	57344
448	[-0.01855704  0.00604586]	0.0003809162809818179	57472
449	[ 0.02861907 -0.00497985]	0.0008438498932458459	57600
450	[ 0.04642692 -0.03190341]	0.003173286544841717	57728
451	[0.0075646  0.03019373]	0.0009688845173768614	57856
452	[-0.03000536  0.00848148]	0.0009722570442461292	57984
453	[0.02105019 0.00760236]	0.000500906544347644	58112
454	[0.01692562 0.03391048]	0.0014363975863703744	58240
455	[0.00168906 0.02234415]	0.000502114020432417	58368
456	[0.02736033 0.01435387]	0.0009546215922992392	58496
457	[-0.03814449  0.00833633]	0.0015244963520456613	58624
458	[0.03325298 0.01590484]	0.0013587246714163754	58752
459	[-0.03471811  0.0211291 ]	0.0016517859446541433	58880
460	[0.00572371 0.00137144]	3.464167235768775e-05	59008
461	[-0.02746832 -0.08884337]	0.008647652563760409	59136
462	[0.00576536 0.03817093]	0.0014902589723021307	59264
463	[0.01263873 0.07372292]	0.005594806243247101	59392
464	[0.01427344 0.02426777]	0.0007926561032548455	59520
465	[-0.07286497 -0.02869913]	0.0061329434361571565	59648
466	[0.00747145 0.01438724]	0.0002628152815582989	59776
467	[0.00790225 0.00028376]	6.25260545805272e-05	59904
468	[0.01098742 0.02975573]	0.0010061266036875145	60032
469	[-0.01403518 -0.04037039]	0.0018267544774447186	60160
470	[ 0.01265673 -0.01884994]	0.0005155131955858723	60288
471	[-0.0363463  0.0169827]	0.001609465420777796	60416
472	[ 0.02909604 -0.02099254]	0.0012872661753898138	60544
473	[-0.04085728 -0.0034849 ]	0.0016814619128812098	60672
474	[ 0.00185521 -0.0389213 ]	0.0015183094319657523	60800
475	[ 0.00151246 -0.0373154 ]	0.0013947264421505224	60928
476	[-0.00914836 -0.01442126]	0.00029166535371858663	61056
477	[-0.05892417  0.03996476]	0.005069240354570409	61184
478	[0.01738932 0.03906351]	0.00182834604046428	61312
479	[0.01914043 0.07013696]	0.005285549487326141	61440
480	[ 0.04427009 -0.01193732]	0.0021023405252662683	61568
481	[ 0.03235144 -0.03209755]	0.0020768682765222794	61696
482	[ 0.04276055 -0.01970395]	0.00221671041404718	61824
483	[-0.03400606  0.05694457]	0.004399096571045948	61952
484	[ 0.01584616 -0.02997561]	0.0011496378064548536	62080
485	[-0.08322791 -0.03861416]	0.008417938796166619	62208
486	[-0.01691785  0.01516949]	0.0005163270217105924	62336
487	[0.03315708 0.0201521 ]	0.0015054988093264913	62464
488	[0.01860869 0.03639602]	0.0016709535509041662	62592
489	[-0.05165079 -0.0162307 ]	0.0029312397415997976	62720
490	[0.00662174 0.00089555]	4.464947251828102e-05	62848
491	[-0.05219236  0.01217897]	0.0028723697421230376	62976
492	[ 0.00864896 -0.0171608 ]	0.0003692976967555085	63104
493	[-0.00141975 -0.00344481]	1.3882432189732641e-05	63232
494	[ 0.01904958 -0.01464138]	0.0005772562721180854	63360
495	[-0.02887378 -0.00074121]	0.0008342448000747185	63488
496	[0.04759888 0.00611383]	0.002303032608053663	63616
497	[0.02135158 0.00086564]	0.00045663929940457964	63744
498	[-0.03847926 -0.01435402]	0.001686691236888029	63872
499	[-0.01012323 -0.06197275]	0.003943101331059522	64000
500	[0.05278829 0.01569777]	0.0030330237144856696	64128
501	[-0.00687633  0.00105181]	4.839026869895604e-05	64256
502	[-0.02136826 -0.00840808]	0.0005272982402765941	64384
503	[-0.01882924  0.05190967]	0.0030491540141536827	64512
504	[ 0.0150066  -0.01797673]	0.0005483608025460811	64640
505	[0.03680052 0.03655235]	0.002690352962149374	64768
506	[-0.01078794 -0.00765798]	0.00017502430840973479	64896
507	[-0.0234894   0.01820047]	0.0008830089666989093	65024
508	[ 0.04054148 -0.08579124]	0.009003748699888651	65152
509	[0.03262798 0.0158819 ]	0.00131681958639713	65280
510	[-0.01799745  0.00730452]	0.0003772642937422371	65408
511	[-0.0235568  -0.01312756]	0.0007272559754946048	65536
512	[0.004945   0.04600461]	0.0021408776388071988	65664
513	[-0.04168011 -0.02015544]	0.0021434736959781175	65792
514	[0.02170592 0.03256582]	0.0015316799169693461	65920
515	[-0.00633248  0.05316116]	0.0028662095110288557	66048
516	[ 0.03740158 -0.01929541]	0.0017711912762408792	66176
517	[-0.0089875   0.00138951]	8.27058440149224e-05	66304
518	[-0.01230661 -0.01340932]	0.00033126232206042003	66432
519	[0.00546042 0.02782418]	0.00080400099298558	66560
520	[-0.04703039  0.01514364]	0.0024411870987041846	66688
521	[0.00867406 0.03155283]	0.0010708203797384587	66816
522	[-0.01128091 -0.0254659 ]	0.0007757707183243688	66944
523	[0.01231703 0.03449219]	0.001341420224249027	67072
524	[-0.01402391 -0.04994618]	0.0026912910506148202	67200
525	[ 0.05624718 -0.04333497]	0.005041665505041321	67328
526	[-0.01116041 -0.06419153]	0.004245106731231658	67456
527	[-0.00719758  0.03038461]	0.0009750295216247736	67584
528	[0.02987115 0.01232788]	0.0010442623684447671	67712
529	[ 0.00553809 -0.03954789]	0.0015947060437046454	67840
530	[ 0.02011992 -0.00300377]	0.00041383363542089673	67968
531	[-0.04382024 -0.01157889]	0.0020542845514228397	68096
532	[-0.00787247  0.0005828 ]	6.231540569670154e-05	68224
533	[ 0.03388412 -0.03820302]	0.0026076046978796103	68352
534	[-0.01020984 -0.00791163]	0.00016683476562192353	68480
535	[0.00552044 0.02790847]	0.0008093577314043966	68608
536	[ 0.02737486 -0.00046931]	0.0007496030845957081	68736
537	[-0.00458214 -0.03740537]	0.0014201573243301094	68864
538	[-0.01104502 -0.02523103]	0.000758597324528692	68992
539	[ 0.05700051 -0.03014828]	0.004157977060323007	69120
540	[ 0.01005769 -0.00225802]	0.00010625584064289856	69248
541	[-0.03423864  0.00908128]	0.0012547540591622815	69376
542	[ 0.01715246 -0.00117234]	0.00029558115936690016	69504
543	[0.02109422 0.04096853]	0.0021233867309809673	69632
544	[ 0.0230727  -0.01165489]	0.0006681859943475164	69760
545	[0.01009781 0.012446  ]	0.0002568686002275579	69888
546	[ 0.01723852 -0.00641234]	0.00033828452302390766	70016
547	[ 0.02519404 -0.05402027]	0.003552928891509653	70144
548	[-0.03556822  0.016209  ]	0.0015278295009911055	70272
549	[0.00350515 0.04042038]	0.001646092967375344	70400
550	[0.00043609 0.01864239]	0.00034772886120738546	70528
551	[-0.02715819  0.02640272]	0.0014346709382903624	70656
552	[ 0.0312791  -0.02667828]	0.0016901130158176278	70784
553	[0.00835205 0.00648037]	0.00011175189931452707	70912
554	[0.00866237 0.06777033]	0.00466785448309344	71040
555	[0.01779319 0.00010394]	0.0003166084343255846	71168
556	[-0.01302046 -0.03552588]	0.0014316207039370074	71296
557	[-0.03616355 -0.02395298]	0.0018815472194144854	71424
558	[ 0.02973973 -0.00911502]	0.0009675349702147086	71552
559	[0.03733071 0.01303994]	0.0015636220614997764	71680
560	[ 0.06043625 -0.01891106]	0.004010168283792844	71808
561	[0.03598891 0.00562722]	0.0013268673083347586	71936
562	[ 0.01803646 -0.00686581]	0.00037245326292636863	72064
563	[0.0010062  0.04288097]	0.0018397899170640025	72192
564	[ 0.01676822 -0.00749891]	0.00033740695997296966	72320
565	[-0.02733931 -0.0377397 ]	0.0021717224475915823	72448
566	[-0.00541232  0.01713421]	0.00032287433352370693	72576
567	[-0.02182962  0.02594199]	0.0011495188785507111	72704
568	[-0.00317253  0.00084662]	1.0781718503711103e-05	72832
569	[-0.03289336 -0.02165037]	0.001550711530333723	72960
570	[-0.02645672  0.00446695]	0.0007199118401264339	73088
571	[0.03530513 0.01175422]	0.0013846140040725554	73216
572	[0.01122479 0.00381304]	0.00014053515833622988	73344
573	[ 0.03494078 -0.02180272]	0.0016962167584839017	73472
574	[ 0.04670561 -0.00711633]	0.002232055733925648	73600
575	[-0.00681176  0.01233415]	0.00019853122905021613	73728
576	[ 0.05204616 -0.05242613]	0.0054573021466260505	73856
577	[0.00106397 0.09911677]	0.009825265781349565	73984
578	[-0.04403353 -0.00489496]	0.001962912157973658	74112
579	[-0.05608037 -0.02896117]	0.003983757311731291	74240
580	[-0.05300903  0.02576146]	0.003473610571753009	74368
581	[-0.00888091  0.00362854]	9.203688857423769e-05	74496
582	[ 0.0007329  -0.02613911]	0.0006837901594442592	74624
583	[-0.00322658  0.00049098]	1.0651874598861666e-05	74752
584	[-0.00171899 -0.04049161]	0.0016425254264881822	74880
585	[-0.02065121 -0.00825804]	0.0004946678611653623	75008
586	[-0.02790352  0.01222613]	0.0009280843575777135	75136
587	[ 0.004641   -0.00998172]	0.00012117367849467214	75264
588	[ 0.01233467 -0.01169004]	0.0002888009698875394	75392
589	[0.01426439 0.02809456]	0.0009927770882197113	75520
590	[-0.02028139 -0.01816765]	0.0007413983150296787	75648
591	[-0.04179297  0.00495186]	0.0017711730702757542	75776
592	[-0.05032738  0.02858992]	0.0033502290345966477	75904
593	[ 0.03650666 -0.00247425]	0.0013388578384468243	76032
594	[0.00053824 0.01525555]	0.00023302136267161353	76160
595	[ 0.06376937 -0.02974308]	0.004951183169398695	76288
596	[-0.0177357  -0.03335854]	0.0014273473067720902	76416
597	[0.01022393 0.05296647]	0.0029099759668390584	76544
598	[ 0.02025521 -0.0272334 ]	0.0011519317018844116	76672
599	[-0.00705237  0.04064165]	0.0017014795452250401	76800
600	[ 0.01528349 -0.00920588]	0.00031833334977875074	76928
601	[ 0.06353552 -0.02784346]	0.004812019767137482	77056
602	[0.00783747 0.04169692]	0.001800058903766606	77184
603	[0.02839779 0.0257268 ]	0.0014683027402837888	77312
604	[0.01857934 0.01451084]	0.0005557566540878845	77440
605	[-0.05468809 -0.00063795]	0.002991194064405343	77568
606	[0.03805079 0.06721515]	0.005965738628004877	77696
607	[-0.00911106 -0.0565971 ]	0.0032862435683613063	77824
608	[-0.02276648  0.01955769]	0.0009008158072400928	77952
609	[0.0009824  0.02207123]	0.0004881043686884288	78080
610	[-0.00901268  0.00991029]	0.00017944220980614127	78208
611	[0.01552707 0.02355561]	0.0007959567118435516	78336
612	[ 0.05055087 -0.02559696]	0.003210594357728108	78464
613	[0.00474676 0.00119047]	2.3948959962156514e-05	78592
614	[-0.00401017  0.01216925]	0.0001641720463972679	78720
615	[-0.01999769 -0.02490762]	0.0010202968213493474	78848
616	[ 0.01961323 -0.02145633]	0.0008450528801757127	78976
617	[-0.02228055  0.01293596]	0.0006637619852314776	79104
618	[-0.01407005 -0.03683318]	0.0015546497915002208	79232
619	[-0.04178282  0.00352579]	0.001758235335189944	79360
620	[-0.02010892 -0.041278  ]	0.002108242066540649	79488
621	[0.02835786 0.02623088]	0.001492227302223377	79616
622	[ 0.03088564 -0.0493683 ]	0.0033911522905618083	79744
623	[0.0231763 0.0341877]	0.0017059396735076165	79872
624	[ 0.07903689 -0.05450182]	0.00921727827399588	80000
625	[0.01313451 0.05313755]	0.002996114781496657	80128
626	[-0.01385062 -0.01166855]	0.0003279946783001495	80256
627	[-0.03932668 -0.06321829]	0.0055431398034283715	80384
628	[0.02555998 0.02152282]	0.0011165442757188687	80512
629	[0.02625554 0.0142543 ]	0.0008925387106527336	80640
630	[-0.00140907  0.03830898]	0.0014695637876981416	80768
631	[-0.02065572 -0.01241468]	0.000580783002963863	80896
632	[ 0.01677386 -0.01059561]	0.0003936295125376896	81024
633	[0.02178058 0.0430722 ]	0.0023296081332362644	81152
634	[-0.01419601 -0.03129106]	0.0011806573603711681	81280
635	[-0.01222121 -0.02837258]	0.000954361470244071	81408
636	[ 0.0141862  -0.00943908]	0.00029034460554611905	81536
637	[-0.04362605  0.02308195]	0.0024360088951315586	81664
638	[ 0.0085812  -0.01921461]	0.0004428383905446833	81792
639	[0.03520348 0.0068156 ]	0.0012857376007787634	81920
640	[ 0.03344084 -0.00439616]	0.0011376161917959272	82048
641	[-0.00850672 -0.07766618]	0.00610440057104475	82176
642	[0.00662046 0.04756401]	0.0023061659440960624	82304
643	[-0.08452219  0.01260945]	0.00730299908994012	82432
644	[-0.0218541   0.05092117]	0.0030705676200859537	82560
645	[0.02511308 0.0215539 ]	0.001095237125193223	82688
646	[0.00572964 0.01660484]	0.00030854960758529564	82816
647	[0.02088294 0.02491738]	0.0010569729770184793	82944
648	[-0.03324363 -0.01640207]	0.0013741670122972402	83072
649	[0.08731647 0.01577449]	0.00787300135907038	83200
650	[-0.02236269 -0.01705484]	0.0007909575378041777	83328
651	[ 0.01257634 -0.00700812]	0.0002072780217613918	83456
652	[0.01802163 0.03924359]	0.001864838179586111	83584
653	[-0.0051513   0.00461512]	4.783518593338408e-05	83712
654	[-0.00161459  0.00136364]	4.466436625981067e-06	83840
655	[-0.0096861  -0.00756972]	0.00015112121699346502	83968
656	[ 0.02145184 -0.01474232]	0.0006775174268152529	84096
657	[-0.03332976 -0.00411303]	0.001127789918779936	84224
658	[ 0.02117675 -0.02446381]	0.0010469327325713484	84352
659	[-0.02231278  0.06952323]	0.005331339237330898	84480
660	[-0.00020818  0.01410362]	0.00019895543843340507	84608
661	[-0.04596103 -0.03166778]	0.0031152646163305243	84736
662	[0.01122792 0.06358177]	0.004168708352781219	84864
663	[ 0.01715421 -0.01059385]	0.0004064966047505217	84992
664	[0.00753205 0.0012024 ]	5.817749009498601e-05	85120
665	[-0.02012786 -0.00274675]	0.00041267553243353356	85248
666	[-0.05518029 -0.02417387]	0.0036292404644521483	85376
667	[ 0.03883183 -0.0144709 ]	0.0017173178502151885	85504
668	[ 0.01817654 -0.00430706]	0.00034893741301873505	85632
669	[ 0.0550996 -0.0289475]	0.0038739235355777376	85760
670	[-0.02978931 -0.02778222]	0.0016592548897260734	85888
671	[-0.02204183  0.01299322]	0.0006546663110605186	86016
672	[-0.01627454  0.02921162]	0.0011181796205004331	86144
673	[-0.01757691  0.02862316]	0.0011282332556450348	86272
674	[0.00933234 0.00544751]	0.00011676782639893167	86400
675	[-0.01488055  0.03180985]	0.0012332972158785702	86528
676	[-0.02108621 -0.04620329]	0.0025793725652433295	86656
677	[-0.01872991 -0.04491438]	0.002368110922205985	86784
678	[ 0.0171318  -0.00332741]	0.00030457033562377367	86912
679	[-0.04733439  0.00518617]	0.002267441086983626	87040
680	[-0.00888709 -0.01367603]	0.00026601414345973364	87168
681	[-0.00282668  0.01973063]	0.00039728801620628266	87296
682	[ 0.00470485 -0.06087625]	0.0037280532770483897	87424
683	[0.01125952 0.01429243]	0.0003310503909834722	87552
684	[-0.01283208  0.02478361]	0.0007788897760313	87680
685	[-0.02678611  0.040225  ]	0.002335546564717843	87808
686	[-0.00475058  0.00842445]	9.353943978769845e-05	87936
687	[-0.00774586  0.03587728]	0.0013471771853685384	88064
688	[-0.02481963  0.00530512]	0.0006441582818720175	88192
689	[ 0.02300521 -0.03837692]	0.002002027352340189	88320
690	[0.0216398  0.01351995]	0.0006510701285350969	88448
691	[-0.02882098  0.04730351]	0.0030682713002144002	88576
692	[-0.04312073 -0.0153192 ]	0.002094075652931882	88704
693	[0.01252221 0.02233623]	0.0006557126179679008	88832
694	[-0.03211185  0.02586421]	0.001700128487097061	88960
695	[-0.01382164  0.00708249]	0.00024119941855620314	89088
696	[-0.01906055  0.01453809]	0.0005746605040337608	89216
697	[ 0.04586262 -0.02806003]	0.002890744727989294	89344
698	[ 0.02647329 -0.00752837]	0.0007575114535856788	89472
699	[-0.04277486 -0.01298169]	0.001998212848253801	89600
700	[-0.02077794  0.05804857]	0.0038013591034905246	89728
701	[ 0.04304272 -0.04545928]	0.003919221490060749	89856
702	[ 0.02343612 -0.03719206]	0.001932500965394557	89984
703	[-0.02243552 -0.01976493]	0.0008940049141999821	90112
704	[0.00710953 0.03372657]	0.0011880269342274792	90240
705	[-0.05616491  0.00558548]	0.003185695037764574	90368
706	[0.01374395 0.00407352]	0.00020548960543111618	90496
707	[-0.04942948  0.03025149]	0.0033584264960439115	90624
708	[ 0.01591288 -0.00589727]	0.000287997374303977	90752
709	[0.01868892 0.05702465]	0.00360108644646552	90880
710	[ 0.03690281 -0.01986288]	0.001756351419116412	91008
711	[ 0.0421639  -0.04243702]	0.003578694884658045	91136
712	[-0.00394663  0.01114728]	0.00013983767931654193	91264
713	[1.61924687e-02 8.73736827e-05]	0.00026220367658913343	91392
714	[-0.02661094  0.01946499]	0.0010870281588364777	91520
715	[0.00362895 0.01641711]	0.00028269089226429787	91648
716	[-0.0294051   0.02563964]	0.0015220510357939147	91776
717	[-0.05711681 -0.0124895 ]	0.0034183177884577103	91904
718	[-0.01608183 -0.00069022]	0.0002591015856737426	92032
719	[-0.08444984  0.03688159]	0.008492026986155692	92160
720	[-0.03637125  0.02576582]	0.0019867450408210725	92288
721	[-0.00724513  0.02173113]	0.0005247339937712852	92416
722	[-0.03104325 -0.00720366]	0.001015575795157613	92544
723	[0.01265229 0.00719347]	0.000211826401968937	92672
724	[ 0.02511416 -0.02460074]	0.0012359171192786486	92800
725	[ 0.00225948 -0.02130128]	0.000458849583690143	92928
726	[0.03218998 0.00020741]	0.0010362378467384554	93056
727	[0.00616259 0.01287739]	0.00020380480393141626	93184
728	[-0.06410517  0.06429162]	0.00824288446462287	93312
729	[-0.03223561 -0.00817248]	0.0011059238905904113	93440
730	[ 9.37045815e-03 -5.02984200e-05]	8.780801587475662e-05	93568
731	[ 0.00043202 -0.0259944 ]	0.0006758955008414121	93696
732	[0.00791392 0.01742665]	0.0003663181826904021	93824
733	[-0.02941342  0.01307422]	0.0010360844702089222	93952
734	[0.02030198 0.02044903]	0.0008303333670536489	94080
735	[-0.00510173  0.02286745]	0.0005489477669712078	94208
736	[-0.00610382 -0.0220754 ]	0.0005245798932903803	94336
737	[-0.02520881  0.04323937]	0.002505127267398391	94464
738	[0.02496683 0.01708273]	0.0009151621906529486	94592
739	[-0.00418342  0.01442462]	0.00022557068272844664	94720
740	[-0.0249021  0.0409381]	0.0022960424585237197	94848
741	[-0.02121677 -0.05251117]	0.0032075743767465883	94976
742	[ 0.03880931 -0.00341026]	0.0015177925001216759	95104
743	[-0.001652    0.04809257]	0.002315624742753671	95232
744	[-0.05067323  0.0339188 ]	0.0037182613249450215	95360
745	[-0.00303391  0.05218725]	0.0027327136510572627	95488
746	[-0.04848038 -0.0052622 ]	0.0023780379383381537	95616
747	[0.01489501 0.00046459]	0.00022207722349294374	95744
748	[-0.00879083 -0.02013555]	0.0004827189686318989	95872
749	[0.0043245  0.00659788]	6.223333133796667e-05	96000
750	[ 0.03645795 -0.00209063]	0.0013335530645694875	96128
751	[ 0.02873482 -0.02574408]	0.0014884473258964703	96256
752	[ 0.0363072  -0.05974542]	0.004887728545072771	96384
753	[ 0.04726861 -0.05886651]	0.005699586862896752	96512
754	[ 0.05760364 -0.00929481]	0.0034045727871351216	96640
755	[ 0.01832093 -0.02125688]	0.0007875117565947837	96768
756	[ 0.00396332 -0.0159711 ]	0.00027078407216244886	96896
757	[ 0.03649915 -0.02077828]	0.0017639250669051665	97024
758	[ 0.02472038 -0.02046874]	0.0010300662691252664	97152
759	[ 0.00802394 -0.05615819]	0.003218125368678032	97280
760	[-0.04628206 -0.04061318]	0.0037914593261942106	97408
761	[-0.04754172 -0.03240621]	0.0033103772917091835	97536
762	[-0.03142279 -0.01335506]	0.0011657495722035827	97664
763	[0.00201825 0.02239192]	0.0005054715338575119	97792
764	[0.01101075 0.02032761]	0.0005344484055671074	97920
765	[-0.02756779 -0.01040511]	0.00086824958071049	98048
766	[-0.05839864 -0.01459162]	0.0036233160994530687	98176
767	[-0.01237244  0.01667391]	0.0004310963562086772	98304
768	[ 0.00922835 -0.01977661]	0.00047627657536362955	98432
769	[ 0.04281376 -0.001779  ]	0.001836182527792808	98560
770	[-0.04345898 -0.03833069]	0.00335792466937023	98688
771	[-0.02419795 -0.00331955]	0.0005965601220964457	98816
772	[0.02497903 0.04026454]	0.002245185464852833	98944
773	[-0.01490969 -0.00123137]	0.00022381516689330856	99072
774	[ 0.00625419 -0.02467811]	0.0006481241089190527	99200
775	[ 0.00125661 -0.01021775]	0.00010598143460457328	99328
776	[-0.01935709  0.00153412]	0.0003770504052765737	99456
777	[ 0.03695927 -0.00807282]	0.0014311583011581317	99584
778	[-0.02925088 -0.02336748]	0.0014016531691162805	99712
779	[-0.00418503 -0.01123826]	0.0001438129794681923	99840
780	[-0.00196518  0.00652394]	4.6423696532542926e-05	99968
781	[-0.01930739 -0.04340086]	0.002256409718967911	100096
Result: mean = 0.03600123996545198 std = 0.9572522379211374