#GEN	x_best	f(x_best)	#eval
0	[5.12       0.60233524]	26.577207746931016	1024
1	[ 0.33492329 -0.76588743]	0.6987571710310682	2048
2	[ 0.30270974 -0.32470609]	0.19706723042830873	3072
3	[ 0.02082115 -0.01354662]	0.0006170312236937032	4096
4	[ 0.00263598 -0.00940929]	9.54831780738551e-05	5120
5	[0.01356233 0.00368106]	0.00019748690959223915	6144
6	[-0.0125828  -0.00431812]	0.00017697290631505394	7168
7	[0.00668537 0.00906633]	0.00012689254453826878	8192
8	[ 0.00895582 -0.00991103]	0.00017843530418930716	9216
9	[-0.00187154 -0.01273461]	0.00016567286643890238	10240
10	[-0.01426668 -0.00085355]	0.00020426658474244225	11264
11	[ 0.01552393 -0.02615812]	0.0009252395220419983	12288
12	[-0.00170086  0.00570699]	3.546264530287288e-05	13312
13	[0.00723725 0.01500535]	0.0002775384053096005	14336
14	[-0.01540776 -0.00173472]	0.0002404082599933251	15360
15	[ 0.00316404 -0.00401883]	2.61622013841516e-05	16384
16	[ 0.00261262 -0.01780095]	0.00032369972821727234	17408
17	[ 0.02877829 -0.00641133]	0.000869294969436191	18432
18	[ 0.01771532 -0.00967307]	0.0004074007956153293	19456
19	[-0.01245845 -0.00783554]	0.0002166085284017061	20480
20	[ 0.00177156 -0.00682749]	4.975307927628383e-05	21504
21	[0.00986565 0.00298373]	0.00010623367487177477	22528
22	[-0.00216199  0.01421262]	0.0002066726802168859	23552
23	[ 0.0052532  -0.00674484]	7.308904468708506e-05	24576
24	[ 0.00124721 -0.00321341]	1.1881540010034788e-05	25600
25	[-0.00744046 -0.00131921]	5.7100745878750784e-05	26624
26	[0.01560124 0.00432705]	0.0002621219938337402	27648
27	[0.02046303 0.01409346]	0.0006173612870754612	28672
28	[ 0.01220791 -0.00407523]	0.0001656405324686253	29696
29	[ 0.00063335 -0.01494012]	0.00022360823169469878	30720
30	[ 0.00452426 -0.01160263]	0.00015509000994873713	31744
31	[-0.00609053  0.02371884]	0.0005996779150564019	32768
32	[0.01371612 0.00573105]	0.00022097695057126366	33792
33	[0.00511898 0.00586747]	6.063119490636674e-05	34816
34	[0.00199023 0.01911499]	0.00036934395772474153	35840
35	[0.01509126 0.00549361]	0.0002579257509392564	36864
36	[-0.00167055 -0.00563687]	3.456497466413608e-05	37888
37	[ 0.00458103 -0.0036699 ]	3.4453999975987245e-05	38912
38	[-0.02033358 -0.00536524]	0.00044224028404698336	39936
39	[-0.00833681  0.00031039]	6.959881326470247e-05	40960
40	[-0.02646881 -0.00620671]	0.0007391212272409924	41984
41	[-0.00584401  0.00014529]	3.41735232648678e-05	43008
42	[ 0.0074531 -0.0085264]	0.00012824812684243033	44032
43	[-0.00460814 -0.00239487]	2.697035184304082e-05	45056
44	[ 0.00127675 -0.00402217]	1.7807964958629336e-05	46080
45	[-0.00176962 -0.00076273]	3.7133267144167887e-06	47104
46	[-0.02522772  0.00351504]	0.0006487931290254286	48128
47	[-0.00609146 -0.00184884]	4.05240568730386e-05	49152
48	[0.01369109 0.00308543]	0.00019696581680053266	50176
49	[-0.00946369  0.01423872]	0.0002923025584046789	51200
50	[0.0027407  0.00405143]	2.3925504142378457e-05	52224
51	[0.00324372 0.00150197]	1.2777621019292402e-05	53248
52	[ 0.00756678 -0.00990936]	0.0001554514601249804	54272
53	[-0.00394354 -0.01063991]	0.00012875907221738568	55296
54	[-0.00979448 -0.0047007 ]	0.00011802829977010723	56320
55	[-0.02389413  0.00685174]	0.0006178759297013446	57344
56	[-0.01334508  0.00330409]	0.00018900808089702565	58368
57	[-0.00946899 -0.01172047]	0.0002270310268138948	59392
58	[-0.00379658  0.01334866]	0.00019260076337825936	60416
59	[-0.00702208 -0.00343649]	6.111908885133832e-05	61440
60	[0.01291076 0.01212488]	0.00031370055009569814	62464
61	[-0.00621454 -0.0001679 ]	3.864871605871931e-05	63488
62	[ 0.00664706 -0.01032343]	0.00015075659134663002	64512
63	[-0.00394922  0.02539485]	0.000660494846561522	65536
64	[ 0.0022492  -0.00047535]	5.284863823463653e-06	66560
65	[-0.00221661 -0.01419633]	0.00020644921258777626	67584
66	[-0.00379313 -0.00667894]	5.899605566026717e-05	68608
67	[ 0.0096486  -0.00755545]	0.0001501804091462741	69632
68	[0.00223557 0.01612082]	0.0002648786195331557	70656
69	[-0.00995675 -0.01104169]	0.00022105580443250016	71680
70	[-0.00124124  0.01917812]	0.00036934095052619715	72704
71	[0.00325866 0.00804608]	7.53582340290289e-05	73728
72	[ 0.01273009 -0.01379385]	0.00035232549206279243	74752
73	[0.00579463 0.01004236]	0.00013442680403212608	75776
74	[-0.01481403  0.01312713]	0.00039177724041831346	76800
75	[ 0.00947163 -0.01553933]	0.000331182592773198	77824
76	[ 0.00083049 -0.01452037]	0.00021153083070482082	78848
77	[-0.00382231  0.01632646]	0.0002811633218228623	79872
78	[ 0.00341816 -0.00535249]	4.033302469489247e-05	80896
79	[0.00608154 0.00122708]	3.849082549575845e-05	81920
80	[0.00748837 0.02254574]	0.0005643859419734459	82944
81	[-0.00077462 -0.00041627]	7.733189193069673e-07	83968
82	[ 0.0037287  -0.02037186]	0.0004289158710597142	84992
83	[0.00455479 0.00246197]	2.6807448224825734e-05	86016
84	[-0.00647555  0.00193031]	4.5658875733428396e-05	87040
85	[ 0.00656974 -0.00417382]	6.05822290116743e-05	88064
86	[-0.00739472 -0.0083044 ]	0.000123644885731692	89088
87	[-0.02160016 -0.00111388]	0.0004678076718513385	90112
88	[0.00816707 0.0035329 ]	7.918240609796999e-05	91136
89	[-0.00530113  0.00194831]	3.189784377320715e-05	92160
90	[ 0.00742351 -0.00412966]	7.216250532684792e-05	93184
91	[-0.00103566 -0.00103486]	2.143533924575965e-06	94208
92	[0.01088439 0.00868435]	0.00019388790653889355	95232
93	[-0.00636931 -0.00339699]	5.210756170296675e-05	96256
94	[ 0.00580341 -0.00024604]	3.374014578370382e-05	97280
95	[-0.00870746 -0.00162431]	7.845820067057908e-05	98304
96	[-0.00213385  0.01114804]	0.00012883203767795242	99328
97	[ 0.00257746 -0.00317751]	1.673988006477926e-05	100352
Result: mean = 0.28053768848779137 std = 2.671012840111589