#GEN	x_best	f(x_best)	#eval
0	[1.74864199 5.12      ]	29.272148813825623	128
1	[-0.27108172 -0.05975727]	0.07705623260173147	256
2	[0.13314536 0.27032883]	0.09080536072643504	384
3	[0.14454483 0.06978686]	0.025763414476448393	512
4	[-0.05947431  0.03154748]	0.004532437392518404	640
5	[ 0.00235249 -0.02583371]	0.0006729148657437699	768
6	[-0.00408122 -0.02187207]	0.000495043639485224	896
7	[-0.00033113 -0.0097361 ]	9.490125028823699e-05	1024
8	[-0.00367923  0.03081785]	0.0009632765949858867	1152
9	[0.00775393 0.01479367]	0.00027897613839680666	1280
10	[-0.03034143  0.02720218]	0.001660560529820445	1408
11	[ 0.02437391 -0.00772399]	0.0006537473875153232	1536
12	[ 0.03700186 -0.01884279]	0.0017241881528751147	1664
13	[-0.02414354 -0.02149864]	0.0010451019870421196	1792
14	[ 0.02514677 -0.02749417]	0.0013882895163391256	1920
15	[-0.0003689   0.03047896]	0.0009291033660875534	2048
16	[-0.03307322  0.03412684]	0.002258479139796604	2176
17	[-0.02059199  0.05046621]	0.0029708685818274874	2304
18	[-0.02006353 -0.04343122]	0.0022888159356548683	2432
19	[-0.01092932 -0.01617705]	0.0003811469765771115	2560
20	[0.01794662 0.01121371]	0.0004478283608300626	2688
21	[-0.0122885  -0.03616261]	0.0014587419385514208	2816
22	[ 0.01343465 -0.00794155]	0.0002435581162895217	2944
23	[-0.01490914 -0.0005598 ]	0.00022259580153336474	3072
24	[0.04794401 0.02753487]	0.0030567973293217604	3200
25	[ 0.05407166 -0.02883158]	0.0037550049009166114	3328
26	[-0.03883833 -0.00949411]	0.001598554029928149	3456
27	[-0.03605358 -0.01293175]	0.0014670906792026324	3584
28	[0.00179845 0.07084631]	0.005022433890590463	3712
29	[-0.02603811 -0.05918915]	0.004181338624033088	3840
30	[0.05181558 0.01715098]	0.0029790106418666274	3968
31	[ 0.00702915 -0.01593773]	0.0003034201573250899	4096
32	[-0.03962044 -0.00825311]	0.0016378929750287816	4224
33	[-0.02139405  0.00365627]	0.0004710737817516421	4352
34	[ 0.05902402 -0.01255996]	0.0036415870351753634	4480
35	[0.0004397  0.00922429]	8.528092263061813e-05	4608
36	[ 0.03247715 -0.02624382]	0.0017435035844238327	4736
37	[-0.05121916  0.00902361]	0.0027048278300035667	4864
38	[-0.0485781  -0.01881677]	0.0027139028179400696	4992
39	[0.00011358 0.01198962]	0.00014376377370437052	5120
40	[-0.0054426   0.02152859]	0.0004931019750841016	5248
41	[ 0.01449323 -0.01468874]	0.0004258126748403944	5376
42	[-0.01376203  0.00289695]	0.00019778586909878848	5504
43	[0.01958701 0.01251989]	0.0005403985005926881	5632
44	[-0.00347049  0.01995998]	0.0004104450087757386	5760
45	[0.0088715  0.02142986]	0.0005379422252108042	5888
46	[ 0.05636442 -0.00050868]	0.0031772066783573557	6016
47	[ 0.02680715 -0.05903026]	0.004203195644715099	6144
48	[0.01392044 0.00857316]	0.0002672776797647116	6272
49	[-0.0611086  -0.04220577]	0.005515587795391098	6400
50	[0.01661512 0.01194897]	0.00041884019808390444	6528
51	[ 0.06455818 -0.04042704]	0.005802103408248346	6656
52	[ 0.02442568 -0.01701721]	0.0008861988926201633	6784
53	[-0.03492663  0.01579543]	0.0014693651388175866	6912
54	[ 0.01614449 -0.0168805 ]	0.0005455957808559051	7040
55	[ 0.01941749 -0.00728749]	0.00043014642517583953	7168
56	[-0.05970117 -0.05571894]	0.006668829875119651	7296
57	[ 0.00533083 -0.00146145]	3.055359147039727e-05	7424
58	[-0.00985257 -0.00209727]	0.00010147170166623203	7552
59	[-0.01509034 -0.03294931]	0.001313375655979018	7680
60	[0.02665412 0.00827479]	0.0007789142815886574	7808
61	[-0.01147209 -0.01393211]	0.0003257125133519056	7936
62	[0.02709763 0.01344045]	0.0009149273166244814	8064
63	[0.04922157 0.02476827]	0.0030362300085110625	8192
64	[ 0.02521576 -0.00909691]	0.0007185885879590435	8320
65	[ 0.02983398 -0.00474713]	0.0009126016186866283	8448
66	[ 0.00041192 -0.04814644]	0.0023182492087471737	8576
67	[-0.03522787  0.02241076]	0.0017432451739816052	8704
68	[-0.04489902  0.0081466 ]	0.0020822888301300396	8832
69	[-0.00768253 -0.00099248]	6.000628469445996e-05	8960
70	[0.03142518 0.01754333]	0.0012953104940854492	9088
71	[0.00911993 0.0055227 ]	0.00011367335213330551	9216
72	[-2.41078605e-02  5.48564351e-05]	0.0005811919479328086	9344
73	[0.04587683 0.0702418 ]	0.007038593809797866	9472
74	[-0.01023632 -0.0220201 ]	0.0005896672123780511	9600
75	[ 0.03729785 -0.00055984]	0.0013914428426470267	9728
76	[-0.01822034 -0.01697802]	0.00062023421377535	9856
77	[-0.00875668 -0.01353143]	0.00025977902504434726	9984
78	[ 0.01214641 -0.00013458]	0.00014755327300520647	10112
79	[ 0.03282598 -0.01615098]	0.0013383990030592032	10240
80	[-0.0441781  -0.00581351]	0.0019855016707916355	10368
81	[-0.02470262  0.04500012]	0.0026352304816582442	10496
82	[-0.02380842 -0.01111272]	0.0006903333920193065	10624
83	[-0.05181301 -0.02099835]	0.0031255188324993822	10752
84	[ 0.01227413 -0.04237546]	0.0019463338428449023	10880
85	[-0.00365573 -0.00229302]	1.862227717039906e-05	11008
86	[ 0.02621822 -0.0067413 ]	0.0007328403165887156	11136
87	[-0.03241312 -0.00949114]	0.001140692100012281	11264
88	[-0.00572028 -0.00484422]	5.618805683010897e-05	11392
89	[-0.01068104  0.05785844]	0.0034616840077952692	11520
90	[0.00699126 0.01183621]	0.00018897354679921788	11648
91	[ 0.00344087 -0.01446546]	0.0002210891272875579	11776
92	[-0.04401081 -0.03149465]	0.0029288647985187778	11904
93	[ 0.03395747 -0.01836209]	0.0014902756627188977	12032
94	[-0.05246655 -0.01883937]	0.0031076609945837404	12160
95	[-0.01821838  0.00024725]	0.00033197035999843016	12288
96	[-0.00925052  0.02512508]	0.000716841655617638	12416
97	[0.04810014 0.0004813 ]	0.002313855017335566	12544
98	[-0.00893025  0.00508511]	0.00010560769742980215	12672
99	[-2.38572692e-02 -5.15615337e-05]	0.0005691719535627555	12800
100	[0.03620082 0.00060396]	0.0013108643289438983	12928
101	[-0.02039144  0.01715248]	0.0007100184675105721	13056
102	[0.02287855 0.01231194]	0.0006750120803111039	13184
103	[ 0.01001    -0.00549268]	0.0001303696648975382	13312
104	[ 0.0128393 -0.0021574]	0.0001695020140981177	13440
105	[ 0.03469443 -0.01514673]	0.0014331269821223401	13568
106	[0.02130484 0.01810855]	0.0007818156689306817	13696
107	[-0.01591818 -0.02321588]	0.0007923655302739165	13824
108	[-0.01609916 -0.04981246]	0.002740463943412856	13952
109	[0.00318717 0.02206625]	0.0004970773697396873	14080
110	[-0.00628677 -0.01033599]	0.00014635617863853026	14208
111	[-0.07010511 -0.02548434]	0.005564177635376988	14336
112	[-0.01298143  0.00436483]	0.00018756936448341869	14464
113	[0.00084973 0.03715693]	0.001381359414783341	14592
114	[-0.01951306 -0.01550488]	0.0006211610118381338	14720
115	[ 0.00131006 -0.00693065]	4.9750150715815855e-05	14848
116	[ 0.07356413 -0.04375937]	0.007326563564232105	14976
117	[ 0.01071752 -0.00570102]	0.00014736693426423275	15104
118	[-0.0156616   0.00577592]	0.00027864705386668453	15232
119	[-0.00347042 -0.00624419]	5.103375271831078e-05	15360
120	[-0.0153253   0.03254832]	0.0012942579593528839	15488
121	[-0.00348452  0.00183273]	1.5500811188982882e-05	15616
122	[0.00303185 0.02315551]	0.0005453697222392112	15744
123	[-0.00159351  0.06366661]	0.0040559770234802625	15872
124	[0.01681183 0.01444636]	0.0004913349184634296	16000
125	[-0.01107543 -0.01174571]	0.00026062677486511805	16128
126	[-0.00688288  0.02968161]	0.0009283721986661369	16256
127	[-0.04234117 -0.01634428]	0.002059910163854318	16384
128	[ 0.03390922 -0.03803352]	0.0025963837852912134	16512
129	[ 0.01090675 -0.00164451]	0.00012166167282428337	16640
130	[ 0.02990459 -0.00659456]	0.0009377725866017942	16768
131	[-0.01451944  0.01625816]	0.0004751418565811025	16896
132	[-0.02559425  0.0334241 ]	0.0017722364950407909	17024
133	[-0.01494364 -0.01084552]	0.0003409376973943903	17152
134	[0.0215037  0.03966515]	0.0020357331297898734	17280
135	[ 0.01076916 -0.00178627]	0.00011916550399865435	17408
136	[-0.0299491  -0.00644828]	0.0009385286857108756	17536
137	[-8.08942815e-05 -1.42684951e-03]	2.0424434057914146e-06	17664
138	[ 0.08254391 -0.07874024]	0.013013522931017056	17792
139	[-0.01256824 -0.03102215]	0.001120334597583601	17920
140	[-0.04161548 -0.00429768]	0.0017503182548003339	18048
141	[0.00479323 0.00035465]	2.310080876060478e-05	18176
142	[0.01586391 0.00897158]	0.0003321529814558974	18304
143	[0.0356605 0.0022479]	0.001276724394505498	18432
144	[-0.04740198 -0.01447775]	0.002456553040527472	18560
145	[0.02857447 0.04815015]	0.003134936883410439	18688
146	[ 0.01368448 -0.03778585]	0.0016150356239003824	18816
147	[-0.03626489 -0.02803642]	0.0021011833796839427	18944
148	[-0.00684503  0.00689988]	9.446268593007209e-05	19072
149	[ 0.02128704 -0.03271017]	0.0015230929217639006	19200
150	[0.00301759 0.01506403]	0.00023603085731691378	19328
151	[0.03255175 0.00856513]	0.0011329778447042049	19456
152	[ 0.0137211  -0.01942051]	0.000565424768619653	19584
153	[-0.01063328  0.02276046]	0.0006311052576954214	19712
154	[ 0.02846766 -0.00530106]	0.0008385092068936126	19840
155	[-0.01913852  0.04490616]	0.0023828460593653157	19968
156	[-0.01922949  0.01916947]	0.0007372419813387295	20096
157	[0.00642269 0.00611029]	7.858661193442197e-05	20224
158	[0.00968078 0.0245023 ]	0.0006940802883158955	20352
159	[-0.03256039 -0.03025   ]	0.001975241618119065	20480
160	[-0.05215645 -0.0368913 ]	0.004081263492390946	20608
161	[-0.04419959 -0.02719724]	0.002693293712206133	20736
162	[0.01518608 0.00877919]	0.0003076913122056652	20864
163	[ 0.04076615 -0.02680903]	0.0023806028278252024	20992
164	[ 0.03107688 -0.05374163]	0.0038539359354777328	21120
165	[-0.0931981   0.00322775]	0.00869630476134822	21248
166	[-0.01321356  0.03089482]	0.0011290877456313	21376
167	[-0.00272486 -0.00828601]	7.608273091134335e-05	21504
168	[-0.0038259   0.00791043]	7.721252017697928e-05	21632
169	[-0.01715821  0.05535089]	0.003358124616838393	21760
170	[-0.04325875  0.01447175]	0.002080750949876139	21888
171	[-0.00477698 -0.03657027]	0.0013602044992046946	22016
172	[-0.01426553 -0.00193293]	0.00020724162927223996	22144
173	[-0.0183075  -0.05355314]	0.0032031032908792847	22272
174	[-0.03538536 -0.00516005]	0.0012787496779043644	22400
175	[-0.00694874 -0.00987842]	0.0001458681665842053	22528
176	[0.01180907 0.01285854]	0.0003047960076313726	22656
177	[-0.0225881   0.02110263]	0.0009555431794922701	22784
178	[ 0.0166436  -0.01937633]	0.0006524513861984423	22912
179	[0.00051432 0.03278667]	0.001075230572464612	23040
180	[-0.00418448 -0.00905417]	9.948791681743536e-05	23168
181	[ 0.02344457 -0.0601266 ]	0.004164855399911946	23296
182	[0.01577066 0.02348146]	0.0008000925323882803	23424
183	[-0.00149106  0.04868331]	0.0023722882604405174	23552
184	[0.05719309 0.00942014]	0.0033597884634067217	23680
185	[ 0.0071495  -0.00087859]	5.1887263927991014e-05	23808
186	[-0.02749686  0.00296436]	0.0007648650036767773	23936
187	[-8.49584564e-05 -3.80699787e-02]	0.001449330499309854	24064
188	[-0.01938507 -0.00370879]	0.00038953594035012724	24192
189	[-0.0188819  -0.01101043]	0.00047775563262127715	24320
190	[ 0.00814697 -0.01859174]	0.00041202599423945894	24448
191	[0.00568984 0.00787847]	9.444455238427473e-05	24576
192	[-0.01421317  0.03377792]	0.0013429619385746546	24704
193	[ 0.05480701 -0.00038356]	0.0030039554955338414	24832
194	[-0.0132744   0.02593859]	0.000849020132222955	24960
195	[-0.01584793 -0.0070602 ]	0.00030100336044892027	25088
196	[0.00319485 0.0251268 ]	0.000641563047576121	25216
197	[-0.01901487  0.02662716]	0.0010705707074417817	25344
198	[0.0080791  0.00857445]	0.00013879308725595307	25472
199	[-0.00193488 -0.03289816]	0.001086032576024341	25600
200	[-0.00231376 -0.02606703]	0.0006848433408574591	25728
201	[-0.03053885 -0.01165406]	0.00106843811430276	25856
202	[-0.06088212  0.01720414]	0.004002614629034462	25984
203	[ 0.0248368  -0.02738359]	0.001366727613302433	26112
204	[-0.03925048  0.01712517]	0.0018338714079832955	26240
205	[0.04273549 0.03509575]	0.0030580342125861104	26368
206	[-0.01343562 -0.05607872]	0.0033253385174212163	26496
207	[0.05049056 0.01126295]	0.002676150694866762	26624
208	[-0.01946613 -0.01693258]	0.000665642539060386	26752
209	[0.02838981 0.0158625 ]	0.001057600260426292	26880
210	[-0.02465647 -0.04423826]	0.0025649650053043687	27008
211	[-0.00166197  0.00389444]	1.7928801242207868e-05	27136
212	[0.00749057 0.01801983]	0.0003808230557825508	27264
213	[0.01985105 0.01534594]	0.0006295621943503498	27392
214	[-0.05040378 -0.01400624]	0.0027367155523354515	27520
215	[ 0.00248501 -0.00401109]	2.2264128991720946e-05	27648
216	[ 0.00504254 -0.00910229]	0.00010827901028417034	27776
217	[-0.01455204 -0.00638165]	0.00025248722901503905	27904
218	[ 0.03063665 -0.0292765 ]	0.0017957179252274934	28032
219	[-0.02471531 -0.0346736 ]	0.0018131049627068963	28160
220	[0.00664605 0.03872619]	0.0015438874777809481	28288
221	[-0.02523809  0.00598807]	0.0006728181437436402	28416
222	[-0.06710712 -0.01024917]	0.004608410451848314	28544
223	[-0.01430176 -0.00207924]	0.00020886362094005027	28672
224	[-0.03923958  0.03715205]	0.002920019360055493	28800
225	[-0.01714297  0.03711073]	0.0016710879961243175	28928
226	[-0.0648627  -0.00046494]	0.0042073853780540335	29056
227	[0.06545231 0.03462643]	0.005482994732735849	29184
228	[0.00710413 0.01111441]	0.00017399871604090595	29312
229	[-0.02025025 -0.01735989]	0.0007114383659526542	29440
230	[-0.00193106  0.02659398]	0.0007109685630128464	29568
231	[0.03734952 0.01872257]	0.001745521149292449	29696
232	[-0.02321575 -0.06617058]	0.004917516303872337	29824
233	[-0.01962767 -0.04751985]	0.0026433818007502636	29952
234	[-0.04175018 -0.01024361]	0.0018480094644147808	30080
235	[-0.00745182 -0.01141092]	0.00018573863128983667	30208
236	[-0.00595362 -0.02802202]	0.0008206791496681742	30336
237	[-0.01881712 -0.03031788]	0.0012732576603847851	30464
238	[0.07247673 0.00026853]	0.0052529479649064455	30592
239	[0.03260527 0.02227214]	0.0015591519043961768	30720
240	[ 0.02729171 -0.03318815]	0.0018462906445809377	30848
241	[0.03585429 0.0116046 ]	0.001420197090720677	30976
242	[-0.02996633 -0.01682908]	0.0011811988129650304	31104
243	[0.03044475 0.00796781]	0.0009903689661118185	31232
244	[-0.01597418  0.01792389]	0.0005764402067962315	31360
245	[-0.00433706  0.06921189]	0.004809095277984696	31488
246	[-0.00755106  0.0278495 ]	0.0008326128923519761	31616
247	[ 0.03222269 -0.02052569]	0.0014596053044298564	31744
248	[0.03104374 0.04382466]	0.002884315239599577	31872
249	[ 0.00486981 -0.02376073]	0.0005882874480518713	32000
250	[0.01661968 0.01188795]	0.0004175372343683349	32128
251	[ 0.02111778 -0.0287256 ]	0.001271120655749517	32256
252	[-0.01839543 -0.02465078]	0.0009460528461487905	32384
253	[-0.02652822  0.0115942 ]	0.0008381718644782925	32512
254	[ 0.03727347 -0.00322908]	0.0013997385374688637	32640
255	[-0.03004437  0.0047905 ]	0.0009256128821872809	32768
256	[-0.02817217  0.01322367]	0.000968536444507041	32896
257	[0.00519823 0.00112477]	2.828675687397002e-05	33024
258	[-0.01630059  0.02075391]	0.0006964340229056879	33152
259	[-0.00603037  0.04736616]	0.0022799187520211013	33280
260	[ 0.00842169 -0.01368202]	0.00025812260464224025	33408
261	[-0.01062492  0.01172008]	0.00025024918925083264	33536
262	[-0.00184966  0.01952012]	0.00038445650203480406	33664
263	[0.00266576 0.00191108]	1.0758509148952883e-05	33792
264	[-0.02117009 -0.01504267]	0.0006744543722180659	33920
265	[ 0.00436088 -0.01800443]	0.0003431766923706607	34048
266	[0.0031549  0.00822109]	7.753968387927776e-05	34176
267	[0.00876879 0.0054064 ]	0.00010612081094567527	34304
268	[-0.00302975  0.01082065]	0.0001262657468367736	34432
269	[-0.00431385 -0.0124483 ]	0.00017356934860063045	34560
270	[-0.05880415 -0.06338328]	0.007475368129501415	34688
271	[ 0.03020463 -0.01685819]	0.0011965178750890117	34816
272	[-0.02434172  0.01436942]	0.0007989998914579809	34944
273	[ 0.024566   -0.01353625]	0.0007867186058192208	35072
274	[-0.00596395 -0.02905768]	0.0008799175514589138	35200
275	[0.0166461 0.0234742]	0.0008281306598334607	35328
276	[ 0.04088478 -0.0116802 ]	0.001807992476504414	35456
277	[-0.02392782 -0.02948343]	0.001441813306390584	35584
278	[-0.01596528  0.00972489]	0.00034946381580520177	35712
279	[-0.02740436  0.02850584]	0.001563581935171996	35840
280	[-0.00712967 -0.00668871]	9.557111370705316e-05	35968
281	[ 0.02344057 -0.00623252]	0.0005883045914725511	36096
282	[-0.05813296 -0.02114369]	0.0038264961722338058	36224
283	[2.23613762e-05 3.19678513e-02]	0.0010219440171775685	36352
284	[ 0.03364217 -0.00471868]	0.0011540614857088226	36480
285	[0.01223415 0.06287717]	0.0041032135278687544	36608
286	[ 0.00358729 -0.05101945]	0.0026158527610545467	36736
287	[ 0.0449543  -0.03140321]	0.0030070500692990143	36864
288	[-0.02768    -0.00428828]	0.0007845720167012488	36992
289	[-0.00622811 -0.020399  ]	0.00045490860007095377	37120
290	[-0.01298688 -0.04068128]	0.0018236258904422563	37248
291	[-0.02695888 -0.03678514]	0.0020799277342318633	37376
292	[-0.04308793 -0.07164117]	0.006989026829217142	37504
293	[-0.01292699  0.07730041]	0.006142460447675675	37632
294	[-0.02084795  0.00265258]	0.00044167305424261605	37760
295	[0.00415614 0.02743221]	0.0007697994307406496	37888
296	[0.0200054  0.00334675]	0.0004114167427588308	38016
297	[-0.0579144   0.02314073]	0.0038895708329630806	38144
298	[ 0.00577521 -0.0464392 ]	0.0021899523617244752	38272
299	[ 0.02142437 -0.07751604]	0.00646773920648252	38400
300	[0.07155142 0.02608818]	0.005800199258776164	38528
301	[-0.01224182  0.03482695]	0.0013627784387414865	38656
302	[-0.01200997 -0.03449781]	0.0013343385358449067	38784
303	[ 0.0115519  -0.05609652]	0.0032802654546573917	38912
304	[-0.03943842 -0.03598506]	0.0028503132621841717	39040
305	[-0.07386001 -0.02524285]	0.006092502546301703	39168
306	[-0.00847324 -0.0236409 ]	0.0006306881177623984	39296
307	[-0.03121554  0.0425829 ]	0.0027877132564889853	39424
308	[-0.03847784  0.01263317]	0.001640140779287074	39552
309	[0.02422318 0.0163632 ]	0.0008545165474396145	39680
310	[-0.01093885 -0.03392938]	0.0012708610792148483	39808
311	[0.03665092 0.02301258]	0.0018728686023920123	39936
312	[-0.01147194  0.01985002]	0.0005256284732593867	40064
313	[0.04196202 0.04698102]	0.003968027042808664	40192
314	[-0.00873471 -0.01799903]	0.00040026020955000603	40320
315	[-0.02939855  0.00683943]	0.0009110523941554779	40448
316	[0.00120834 0.0409539 ]	0.0016786816790986642	40576
317	[0.0283726  0.00893283]	0.0008847996852515147	40704
318	[ 0.04340953 -0.02644261]	0.002583599014518015	40832
319	[ 0.00296399 -0.02024161]	0.00041850807744250526	40960
320	[ 0.00899178 -0.00078136]	8.14626917506784e-05	41088
321	[ 0.0228903  -0.01194568]	0.000666665104456514	41216
322	[0.00698648 0.00773847]	0.00010869470020647229	41344
323	[-0.0067836   0.03258659]	0.0011079029613656655	41472
324	[-0.00657653 -0.00404189]	5.958760409015401e-05	41600
325	[-0.04933575  0.06735244]	0.006970367618324693	41728
326	[ 0.01106569 -0.00301734]	0.00013155383418969173	41856
327	[-0.02918472 -0.01279668]	0.0010155030144094175	41984
328	[-0.01879954 -0.03017401]	0.0012638936706685032	42112
329	[-0.00181947 -0.00889536]	8.243784341578105e-05	42240
330	[-0.01728667  0.01019092]	0.0004026836407488761	42368
331	[-0.00239635 -0.0351596 ]	0.0012419400739316318	42496
332	[ 0.00686203 -0.01897579]	0.00040716807493988445	42624
333	[-0.07739124  0.04884639]	0.00837537408471098	42752
334	[-0.00252661  0.03445121]	0.0011932694013966198	42880
335	[-0.01152318 -0.03235912]	0.0011798964709503483	43008
336	[-0.00870165 -0.00711028]	0.00012627479942517252	43136
337	[-0.03653533 -0.01572018]	0.0015819546374213496	43264
338	[0.00807951 0.03166844]	0.0010681684632236346	43392
339	[ 0.07113227 -0.02372327]	0.005622592765519342	43520
340	[-0.02372662  0.03168877]	0.0015671309002928935	43648
341	[-0.03481926 -0.00099431]	0.0012133692087409591	43776
342	[ 0.03896929 -0.00204601]	0.0015227914332820755	43904
343	[-0.02596647  0.02146618]	0.0011350543930110318	44032
344	[ 0.01087385 -0.03754939]	0.0015281972167968834	44160
345	[-0.005776   -0.00334393]	4.4544044828865737e-05	44288
346	[-0.0241192  -0.01833732]	0.0009179931591255875	44416
347	[ 0.00608948 -0.00978241]	0.00013277739273755428	44544
348	[ 0.03331141 -0.02129228]	0.0015630113375787256	44672
349	[-0.0228017  0.0446995]	0.0025179631597341302	44800
350	[-0.02669937 -0.00271658]	0.0007202359339560929	44928
351	[-0.01190784 -0.02708293]	0.0008752817733574962	45056
352	[-0.00216892  0.00345431]	1.663646756254139e-05	45184
353	[0.02314865 0.02075306]	0.00096654955375273	45312
354	[-0.01046628  0.04035482]	0.0017380547440227208	45440
355	[ 0.06746415 -0.05077343]	0.007129352824575805	45568
356	[ 0.0085344  -0.04015137]	0.0016849680571051	45696
357	[0.00993416 0.0184809 ]	0.00044023131330323385	45824
358	[-0.08008943 -0.03774815]	0.0078392399566638	45952
359	[0.01541722 0.03509249]	0.0014691738337745805	46080
360	[-0.03807045  0.03091071]	0.002404831113917708	46208
361	[-0.0395521  0.0148258]	0.0017841727953475115	46336
362	[-0.00578442  0.0124226 ]	0.0001877803660373475	46464
363	[-0.0114204   0.01598111]	0.00038582128697856705	46592
364	[ 0.06078068 -0.0229972 ]	0.004223161916669579	46720
365	[-0.01068787 -0.01318744]	0.00028813915323658854	46848
366	[-0.01484081 -0.0448614 ]	0.002232794741873714	46976
367	[0.00578906 0.02178415]	0.0005080624761152425	47104
368	[-0.05699225 -0.02366439]	0.0038081203684711654	47232
369	[-0.01057568  0.01306972]	0.00028266277311393456	47360
370	[0.00948265 0.0280067 ]	0.000874296199656375	47488
371	[-0.03683754  0.03849387]	0.002838782044436365	47616
372	[-0.01573944 -0.03967144]	0.0018215531075540473	47744
373	[-0.04325497 -0.0206425 ]	0.002297105246575052	47872
374	[-0.00683311 -0.02404295]	0.0006247546138214047	48000
375	[0.04209115 0.01310579]	0.0019434266555170777	48128
376	[0.01527499 0.0400955 ]	0.001840974235588867	48256
377	[0.00903353 0.06959085]	0.004924491390548603	48384
378	[-0.01188502  0.05044163]	0.002685611693670049	48512
379	[-0.01866964 -0.03841715]	0.0018244330610352089	48640
380	[-0.02644393 -0.01056864]	0.0008109773331404336	48768
381	[ 0.05531833 -0.01913766]	0.0034263672180435347	48896
382	[0.01147416 0.05421903]	0.003071359737690984	49024
383	[ 0.02604762 -0.0147999 ]	0.0008975154134989962	49152
384	[-0.02532188 -0.01884433]	0.0009963061102728718	49280
385	[-0.01045733 -0.01968857]	0.000496995607898684	49408
386	[0.05299422 0.02008763]	0.0032119001402951364	49536
387	[-0.011869  -0.0413726]	0.0018525648570405944	49664
388	[0.01246513 0.02163648]	0.0006235168896983066	49792
389	[ 0.00515149 -0.06567269]	0.0043394395574166515	49920
390	[0.02444536 0.03706089]	0.001971085167941059	50048
391	[0.02074756 0.01415465]	0.0006308155486570848	50176
392	[-0.02205159  0.01831929]	0.0008218689603931717	50304
393	[-0.02834025  0.02664919]	0.0015133491332191811	50432
394	[-0.05463892 -0.05042365]	0.005527956749355481	50560
395	[-0.00371591  0.0023698 ]	1.9423942732865703e-05	50688
396	[-0.00541219 -0.00716026]	8.056113373476667e-05	50816
397	[-0.01015543 -0.00148305]	0.00010533219235746061	50944
398	[-0.0035367   0.00234705]	1.801689115392926e-05	51072
399	[-0.01231519 -0.02632682]	0.0008447653552177889	51200
400	[-0.02593704  0.07212712]	0.005875051709661403	51328
401	[0.0159605  0.06635062]	0.0046571423755785765	51456
402	[-0.00239418  0.0201106 ]	0.0004101685011720239	51584
403	[-0.01531345  0.02877936]	0.001062753330681665	51712
404	[-0.00695542  0.02447098]	0.0006472068740663499	51840
405	[ 0.0920397  -0.03156149]	0.00946743436808604	51968
406	[ 0.00494502 -0.00469474]	4.649376961007753e-05	52096
407	[-0.05243725 -0.03736049]	0.004145470919162114	52224
408	[-0.04982609 -0.06404362]	0.006584224110379348	52352
409	[-0.033829   -0.00654757]	0.0011872716471939624	52480
410	[ 0.03066122 -0.0038908 ]	0.00095524872865439	52608
411	[-0.03749391 -0.03163037]	0.0024062734596811985	52736
412	[-0.01708691 -0.04144484]	0.0020096369752383592	52864
413	[0.02481713 0.00223521]	0.0006208860765873011	52992
414	[0.00885789 0.01684645]	0.00036226521961900523	53120
415	[0.04907344 0.02108241]	0.0028526707507622842	53248
416	[ 0.03835033 -0.01236317]	0.001623595767741078	53376
417	[0.00469189 0.04900409]	0.0024234142048783205	53504
418	[-0.00580596 -0.04593111]	0.002143376312820675	53632
419	[-0.02339201  0.02215725]	0.001038129653606303	53760
420	[-0.0368206  -0.02027308]	0.0017667539265913738	53888
421	[-0.00806716  0.01000372]	0.00016515352649840187	54016
422	[ 0.03824305 -0.0827063 ]	0.008302862829960568	54144
423	[0.00187185 0.00387089]	1.8487639086035182e-05	54272
424	[-0.02564047 -0.01258233]	0.0008157487197219619	54400
425	[-0.02011059 -0.03651356]	0.0017376755993776275	54528
426	[-0.00903011 -0.02171271]	0.0005529844587866836	54656
427	[ 0.01409707 -0.03653819]	0.0015337667510959422	54784
428	[0.04182143 0.01184573]	0.0018893536749489683	54912
429	[-0.00207217 -0.04079098]	0.001668197981862302	55040
430	[ 0.01808401 -0.00930059]	0.0004135324274897182	55168
431	[0.0101153  0.02838373]	0.0009079553852312773	55296
432	[0.02313739 0.02592199]	0.0012072884652012087	55424
433	[0.0276583  0.00643725]	0.0008064198388942704	55552
434	[-0.01159098  0.01245597]	0.000289502192079349	55680
435	[-0.01564366 -0.01939263]	0.0006207984216258627	55808
436	[-0.01780408  0.02393827]	0.0008900263230207695	55936
437	[-0.03047212 -0.03381092]	0.0020717285438718565	56064
438	[-0.01750999  0.00897294]	0.00038711354582275626	56192
439	[ 0.00059614 -0.00108724]	1.5374782960266842e-06	56320
440	[-0.01857087 -0.0141243 ]	0.0005443729194162761	56448
441	[-0.00637092  0.02069279]	0.0004687801771771823	56576
442	[-0.02367625 -0.00984448]	0.0006574784991610216	56704
443	[0.00297727 0.01329239]	0.00018555167537829653	56832
444	[ 0.01484185 -0.05747053]	0.003523142307254977	56960
445	[0.02377845 0.00786112]	0.0006272117199200548	57088
446	[-0.04581575 -0.016965  ]	0.0023868935644507736	57216
447	[0.02022726 0.0263766 ]	0.0011048669888911711	57344
448	[-0.0278303  -0.00540439]	0.0008037330294806695	57472
449	[0.03191959 0.05214559]	0.003738022986702982	57600
450	[0.04095032 0.00469359]	0.0016989588695319534	57728
451	[ 0.03461923 -0.06744974]	0.005747958298315257	57856
452	[-0.02205829 -0.01787635]	0.0008061319435483775	57984
453	[ 0.0139537  -0.05116968]	0.002813042477894999	58112
454	[8.07617155e-05 4.16379175e-02]	0.0017337227000563825	58240
455	[ 0.00576043 -0.0002056 ]	3.3224817432384455e-05	58368
456	[ 0.00759081 -0.00646583]	9.942738039980909e-05	58496
457	[ 0.00716097 -0.01508645]	0.0002788803156318361	58624
458	[-0.06669899 -0.0321071 ]	0.0054796209004335395	58752
459	[-0.05257967  0.0105835 ]	0.002876631785860494	58880
460	[0.02635607 0.04307726]	0.002550292548768267	59008
461	[-0.00952653  0.01563086]	0.00033507858944404034	59136
462	[0.01104729 0.02445239]	0.0007199622046326604	59264
463	[0.06037226 0.00145815]	0.003646936508979974	59392
464	[0.03204026 0.01813913]	0.0013556065599644126	59520
465	[0.02575885 0.01556904]	0.0009059132408783774	59648
466	[ 0.01348937 -0.00698939]	0.0002308147536686091	59776
467	[-0.02545683 -0.04308629]	0.0025044787592535885	59904
468	[ 0.04150096 -0.0170052 ]	0.0020115068869715007	60032
469	[-0.03560164 -0.02251094]	0.0017742192599316908	60160
470	[ 0.00787028 -0.01900059]	0.00042296372732750264	60288
471	[ 0.02566449 -0.06541737]	0.004938097874298721	60416
472	[-0.06035631  0.03665783]	0.004986680155487522	60544
473	[-0.02023444  0.04913024]	0.002823213257761665	60672
474	[-0.03587105 -0.00434348]	0.0013055984180333376	60800
475	[ 0.02590348 -0.02958699]	0.001546380506770668	60928
476	[-0.03171268  0.00426851]	0.00102391419015123	61056
477	[0.00696129 0.06337747]	0.004065162758704663	61184
478	[-0.00323829  0.03282325]	0.001087852123399125	61312
479	[-0.02428619 -0.00141905]	0.0005918326268077357	61440
480	[-0.01619781  0.05855781]	0.003691386571297375	61568
481	[0.02010675 0.03048864]	0.0013338384830509707	61696
482	[-0.03066258 -0.03696849]	0.0023068636146390234	61824
483	[-0.00303918  0.01057652]	0.00012109944418333696	61952
484	[-0.05643185  0.01331966]	0.0033619666689978503	62080
485	[0.01923072 0.036778  ]	0.001722441414140737	62208
486	[-0.01557583 -0.0478633 ]	0.0025335017184464057	62336
487	[-0.01579744 -0.00429189]	0.00026797942672287243	62464
488	[ 0.02746309 -0.03959506]	0.002321990179022949	62592
489	[-0.03474987  0.00258198]	0.0012142203360747828	62720
490	[0.04536696 0.00035944]	0.0020582901737889858	62848
491	[ 0.02607304 -0.01400302]	0.0008758883028807318	62976
492	[-0.02226236  0.02172131]	0.0009674278276650154	63104
493	[0.00919389 0.00883968]	0.00016266759441504493	63232
494	[0.00211838 0.03394754]	0.0011569228254717462	63360
495	[-0.01437247  0.04212286]	0.0019809036414995835	63488
496	[0.05977457 0.04721518]	0.005802273184017253	63616
497	[-0.08161803 -0.00363513]	0.006674716498322909	63744
498	[ 0.01578293 -0.04616181]	0.0023800137021649063	63872
499	[0.00966053 0.00318586]	0.00010347555305405277	64000
500	[-0.03319569  0.00715221]	0.0011531078553295205	64128
501	[-0.04093657 -0.00701955]	0.0017250771581106927	64256
502	[-0.02153609 -0.01252428]	0.0006206609463144374	64384
503	[-0.01048296 -0.01380488]	0.00030046718487340864	64512
504	[0.0186498  0.01856771]	0.0006925747097228244	64640
505	[-0.00312165  0.00952544]	0.00010047861429055555	64768
506	[-0.04122041 -0.00164846]	0.0017018396878869702	64896
507	[-0.00841635  0.02419833]	0.0006563938423632363	65024
508	[-0.02578381 -0.01235176]	0.0008173707967421226	65152
509	[-0.05179723 -0.01588455]	0.002935271665785979	65280
510	[-0.01733512  0.02670357]	0.0010135871202659095	65408
511	[ 0.02989476 -0.02576628]	0.0015575977382131802	65536
512	[0.01221724 0.01694247]	0.0004363083356543596	65664
513	[-0.02318367  0.02247802]	0.001042743766002484	65792
514	[0.03466285 0.04075643]	0.0028625999705214696	65920
515	[-0.02127044  0.00523834]	0.00047987190851297637	66048
516	[-0.04625711 -0.03349676]	0.003261753632732449	66176
517	[-0.0587767   0.02659203]	0.0041618364924993585	66304
518	[0.00308708 0.03871249]	0.0015081873299934805	66432
519	[ 0.00982894 -0.03087783]	0.001050048655582405	66560
520	[0.0254911  0.08305414]	0.007547785368291181	66688
521	[0.01614672 0.03366467]	0.0013940265308701174	66816
522	[ 0.02600638 -0.00078519]	0.0006769480590142368	66944
523	[-0.0126615   0.02632664]	0.0008534054911398277	67072
524	[-0.03772682  0.04143506]	0.003140177880527139	67200
525	[-0.03086623  0.0007577 ]	0.0009532985328582127	67328
526	[0.00954912 0.05569302]	0.0031928985876881954	67456
527	[-0.06589124 -0.04970615]	0.006812357256737127	67584
528	[0.06281541 0.01637872]	0.004214037417747596	67712
529	[ 0.00368837 -0.00267393]	2.075396489229328e-05	67840
530	[-0.00819552 -0.01234081]	0.00021946202489728003	67968
531	[-0.00755236 -0.00246614]	6.312003021895465e-05	68096
532	[ 0.010943   -0.01164202]	0.0002552860727052084	68224
533	[-0.02666004  0.008154  ]	0.0007772453229788527	68352
534	[ 0.00069013 -0.01220785]	0.00014950798067660514	68480
535	[-0.02712936 -0.01964297]	0.0011218488248022078	68608
536	[ 0.02845245 -0.02896419]	0.0016484665332373478	68736
537	[0.04429967 0.02968245]	0.0028435084918762244	68864
538	[ 0.01499196 -0.03347703]	0.0013454702438647252	68992
539	[-0.02318967  0.0348154 ]	0.001749873091285398	69120
540	[0.01926566 0.01579308]	0.0006205870264865526	69248
541	[-0.00214033 -0.0229788 ]	0.0005326060953868957	69376
542	[0.01212105 0.02301133]	0.0006764412889414045	69504
543	[ 0.01968046 -0.01297632]	0.000555705315482721	69632
544	[0.02578242 0.02301829]	0.0011945746382409795	69760
545	[ 0.00286123 -0.00354089]	2.0724545679762166e-05	69888
546	[-0.00768021 -0.01593354]	0.0003128631575295579	70016
547	[-0.06732887 -0.0308895 ]	0.005487337185480683	70144
548	[0.01180245 0.01453031]	0.00035042792447065904	70272
549	[-0.01400957 -0.04739648]	0.0024426939901929295	70400
550	[ 0.00897438 -0.03361125]	0.0012102559433823444	70528
551	[-0.00072017  0.01708966]	0.00029257518567591675	70656
552	[-0.00511409 -0.00692473]	7.410578433752004e-05	70784
553	[ 0.00561583 -0.0403968 ]	0.001663438813673394	70912
554	[ 0.05653075 -0.01443505]	0.0034040966135896163	71040
555	[ 0.0301203  -0.00245781]	0.0009132732502773414	71168
556	[0.01615642 0.0097429 ]	0.0003559541304348175	71296
557	[0.02848623 0.01901266]	0.0011729465678906774	71424
558	[-0.01060924 -0.00208001]	0.00011688252576089326	71552
559	[0.05805427 0.03006507]	0.004274205999382625	71680
560	[-0.03017235 -0.00428666]	0.0009287463151356954	71808
561	[0.05695482 0.02800165]	0.004027943997311315	71936
562	[0.00528975 0.00219524]	3.280051467190595e-05	72064
563	[-0.00789401  0.02670539]	0.0007754931743250284	72192
564	[-0.02595352  0.002599  ]	0.0006803398395741721	72320
565	[-0.00291353  0.05718863]	0.0032790276050576068	72448
566	[-0.00279872  0.01242668]	0.00016225524835685034	72576
567	[-0.01676143 -0.030953  ]	0.001239034103943526	72704
568	[ 0.04507208 -0.01016527]	0.002134825260812118	72832
569	[-0.03346686 -0.02365974]	0.0016798143628133882	72960
570	[-0.02941261  0.01138818]	0.0009947921281586133	73088
571	[-0.00583965 -0.02889141]	0.0008688151618557832	73216
572	[-0.03573571 -0.01206768]	0.0014226696507179009	73344
573	[-0.01398964  0.00943745]	0.00028477542226478355	73472
574	[-0.03987433 -0.02618846]	0.0022757974794912535	73600
575	[ 0.04246512 -0.04715549]	0.004026926490128445	73728
576	[ 0.02233912 -0.02687105]	0.0012210895836525456	73856
577	[0.02180499 0.00631796]	0.0005153740166182014	73984
578	[ 0.00495671 -0.01290277]	0.0001910505863488648	74112
579	[-0.01050389 -0.01872519]	0.0004609643210329445	74240
580	[0.00790262 0.00421728]	8.023687354739384e-05	74368
581	[8.08501946e-05 6.61597230e-03]	4.377762619194421e-05	74496
582	[-0.03713557 -0.02573546]	0.0020413646138153323	74624
583	[0.05257635 0.01542165]	0.0030021002232094814	74752
584	[0.01023029 0.00865099]	0.00017949845125564496	74880
585	[ 0.02010091 -0.00273759]	0.00041154105782366005	75008
586	[ 0.01078772 -0.01589478]	0.0003690189953591735	75136
587	[-0.01350804 -0.01981775]	0.0005752105157341982	75264
588	[-0.05187103 -0.04788469]	0.00498354761481863	75392
589	[-0.00177796 -0.02331614]	0.0005468033729151036	75520
590	[ 0.00824122 -0.03238018]	0.0011163939458752568	75648
591	[0.11731283 0.01163267]	0.013897620232527422	75776
592	[-0.01722758 -0.00279796]	0.0003046182416183044	75904
593	[ 0.03932698 -0.00789751]	0.0016089816737269893	76032
594	[0.00240803 0.00318279]	1.5928777970747042e-05	76160
595	[-0.02766945  0.02083114]	0.0011995350025661754	76288
596	[0.02354391 0.0318898 ]	0.001571275250747751	76416
597	[-0.00448142  0.01111676]	0.00014366546166070355	76544
598	[-0.00525104  0.03468601]	0.0012306930529185675	76672
599	[-0.08316542 -0.00824712]	0.006984501491429632	76800
600	[ 0.0210642  -0.02917819]	0.001295067267008448	76928
601	[-0.01210338  0.040174  ]	0.0017604421945232223	77056
602	[-0.03714616  0.02099459]	0.0018206096353365858	77184
603	[0.01220953 0.03097939]	0.001108795643411109	77312
604	[-0.02591608 -0.0330736 ]	0.0017655063131439687	77440
605	[0.032741   0.01604774]	0.0013295032060031396	77568
606	[-0.00218255  0.0390411 ]	0.001528971205950588	77696
607	[ 0.0119569  -0.05035691]	0.0026787858248469715	77824
608	[ 0.00740996 -0.02810994]	0.0008450762404006184	77952
609	[0.01816561 0.03001502]	0.0012308908769440693	78080
610	[ 0.03897324 -0.01555812]	0.0017609681554629697	78208
611	[0.02325669 0.03336846]	0.0016543275023254119	78336
612	[-0.01114209 -0.00878067]	0.0002012462261463339	78464
613	[ 0.00362898 -0.01774126]	0.0003279216798012668	78592
614	[ 0.00055518 -0.02072523]	0.00042984351892890105	78720
615	[-0.04275403 -0.02128695]	0.0022810415088415498	78848
616	[ 0.01616174 -0.01269843]	0.00042245194791051225	78976
617	[-0.0394831   0.02695324]	0.0022853920128277513	79104
618	[ 0.0045443  -0.01204027]	0.00016561879497869325	79232
619	[ 0.00558081 -0.01330894]	0.00020827341794588269	79360
620	[-0.00956448 -0.03506228]	0.0013208431259052196	79488
621	[ 0.01462946 -0.0241806 ]	0.0007987224366873358	79616
622	[-0.00854713  0.01175384]	0.00021120620192893258	79744
623	[0.0195362  0.03635439]	0.0017033048746655445	79872
624	[0.02292113 0.0237144 ]	0.0010877506808573125	80000
625	[-0.05031751  0.00898598]	0.0026125999389409547	80128
626	[-0.0137407  -0.01253857]	0.00034602243236281154	80256
627	[-0.05324871 -0.01284287]	0.0030003640170488243	80384
628	[-0.03006037  0.0578693 ]	0.004252481345405142	80512
629	[-0.00349801 -0.02854194]	0.0008268782963357793	80640
630	[0.02824498 0.00174803]	0.0008008342977338088	80768
631	[-0.0013242  -0.01474808]	0.00021925936069621535	80896
632	[-0.02162865  0.04925995]	0.002894341018761369	81024
633	[-0.00582468  0.00770372]	9.327419273014824e-05	81152
634	[ 0.01316814 -0.05518163]	0.0032184116847098457	81280
635	[0.0030859  0.00519508]	3.651159268092214e-05	81408
636	[-0.04853194  0.03603521]	0.003653886010348214	81536
637	[ 0.03034371 -0.02337229]	0.0014670045515624524	81664
638	[-0.02236152 -0.00558033]	0.0005311778809833745	81792
639	[-0.07313806  0.03281225]	0.006425819090553158	81920
640	[0.01336318 0.02497426]	0.0008022881976996306	82048
641	[ 0.02418185 -0.02526697]	0.001223181862412241	82176
642	[-0.02936757  0.01081591]	0.0009794381009907286	82304
643	[-0.03701963  0.00881976]	0.0014482410818666342	82432
644	[-0.02095442  0.0041692 ]	0.0004564698082961428	82560
645	[-0.00045539 -0.002209  ]	5.087063663826093e-06	82688
646	[0.02108375 0.00230376]	0.0004498320078740223	82816
647	[-1.6866569e-05 -1.8621787e-02]	0.000346771235717783	82944
648	[-0.0084912  -0.02900689]	0.0009135002398731426	83072
649	[-0.01953186 -0.0102228 ]	0.0004859991650263487	83200
650	[0.06090336 0.00065548]	0.0037096488854776494	83328
651	[ 0.02324216 -0.05836553]	0.003946732554544446	83456
652	[0.01493426 0.00180619]	0.000226294527473129	83584
653	[-0.0208813  -0.06209725]	0.004292096819006629	83712
654	[-0.01045502  0.00611864]	0.00014674524070584988	83840
655	[-0.00114975 -0.05507379]	0.0030344443832897483	83968
656	[0.00262051 0.01532615]	0.00024175779032301493	84096
657	[-0.02248113 -0.01767374]	0.0008177621935192057	84224
658	[-0.03506755  0.02931201]	0.0020889268205785613	84352
659	[0.01884111 0.01598232]	0.0006104216816307566	84480
660	[-0.03428732  0.05309047]	0.003994218710798202	84608
661	[-0.01186924  0.04119489]	0.0018378977453061913	84736
662	[0.03275264 0.03087516]	0.002026011375855867	84864
663	[-0.04072883 -0.02227531]	0.0021550273736891693	84992
664	[-0.02080506 -0.04909777]	0.002843441713822908	85120
665	[-0.01691685  0.05849624]	0.003707990155596775	85248
666	[-0.00819856  0.01234736]	0.0002196736967937178	85376
667	[0.01326978 0.0091454 ]	0.00025972529327081127	85504
668	[ 0.00086193 -0.01654714]	0.0002745507772869672	85632
669	[-0.01682481 -0.01860814]	0.0006293370559518147	85760
670	[ 0.00187521 -0.0084328 ]	7.462847716203683e-05	85888
671	[-0.04621468  0.01570097]	0.002382317342480009	86016
672	[ 0.01456081 -0.04623003]	0.00234923265618179	86144
673	[ 0.03071575 -0.01394495]	0.0011379191338227671	86272
674	[-0.01690244  0.04837909]	0.0026262287586914677	86400
675	[ 0.01840311 -0.01290343]	0.0005051729361612663	86528
676	[ 0.03045379 -0.03319649]	0.0020294403457473183	86656
677	[0.02328687 0.02242034]	0.0010449500132483154	86784
678	[ 0.01646776 -0.06518745]	0.004520590906325528	86912
679	[0.02156084 0.02092941]	0.0009029102474414573	87040
680	[0.02575116 0.01298531]	0.000831740571452713	87168
681	[-0.02552798 -0.03944754]	0.0022077862672966065	87296
682	[0.00880017 0.01632426]	0.0003439243834608469	87424
683	[-0.00063594  0.03340074]	0.0011160140562440205	87552
684	[0.00350066 0.01084007]	0.00012976164790102983	87680
685	[0.02133287 0.02799338]	0.0012387206451287104	87808
686	[-0.05121641 -0.02700628]	0.003352459379547333	87936
687	[ 0.01904337 -0.03664059]	0.00170518316237692	88064
688	[-0.02926638  0.00091253]	0.0008573536988555133	88192
689	[0.03617589 0.00349218]	0.0013208905090443357	88320
690	[-0.00505666 -0.02233249]	0.0005243099029146325	88448
691	[-2.94861155e-02  5.74849975e-05]	0.0008694343109144612	88576
692	[-0.04732949  0.01909798]	0.0026048132628510782	88704
693	[0.00789978 0.0314065 ]	0.0010487744810959356	88832
694	[-0.02400199 -0.00876735]	0.0006529618817687309	88960
695	[0.02531706 0.01681062]	0.0009235505154211703	89088
696	[-0.02196842  0.02587063]	0.0011519008252357924	89216
697	[-0.02157282  0.00245945]	0.0004714356508752443	89344
698	[-0.02434913  0.00343743]	0.0006046960570981049	89472
699	[-0.07559806  0.01887085]	0.0060711750845753015	89600
700	[0.03419648 0.03642314]	0.002496044650766925	89728
701	[-0.03688626 -0.02225823]	0.0018560252562429774	89856
702	[ 0.03891359 -0.00833257]	0.0015836989827814607	89984
703	[-0.00481039 -0.0212072 ]	0.0004728852341097859	90112
704	[0.00858033 0.03825407]	0.0015369960108022412	90240
705	[4.89761925e-06 9.18051355e-03]	8.428185297621619e-05	90368
706	[0.01179143 0.05840413]	0.0035500803467071306	90496
707	[-0.00711814 -0.01112366]	0.0001744036853753132	90624
708	[-0.02273074 -0.00500616]	0.0005417482220206862	90752
709	[0.00705176 0.00028952]	4.981117625870179e-05	90880
710	[0.03237717 0.0188849 ]	0.0014049201880519855	91008
711	[-0.02452611 -0.01162394]	0.0007366459407877927	91136
712	[0.01126396 0.00625602]	0.00016601445517793248	91264
713	[-0.00061821 -0.02416672]	0.0005844124771374705	91392
714	[-0.01075642  0.04130668]	0.0018219424492806812	91520
715	[ 0.03684478 -0.04437124]	0.0033263453367213757	91648
716	[-0.01015111 -0.01804054]	0.00042850610693725673	91776
717	[ 0.02510541 -0.01059773]	0.0007425935868314489	91904
718	[-0.02678801  0.01815294]	0.0010471267626947507	92032
719	[ 0.02520287 -0.02008441]	0.0010385682241128486	92160
720	[0.01537209 0.006117  ]	0.0002737189089004684	92288
721	[-0.05692934  0.05399476]	0.006156383213104126	92416
722	[ 0.00329587 -0.00445076]	3.06719927411463e-05	92544
723	[-0.04080517 -0.00672272]	0.0017102571137848689	92672
724	[0.00600185 0.02327959]	0.0005779616905836304	92800
725	[0.00853969 0.00779925]	0.0001337545901446619	92928
726	[-0.04717278 -0.0567566 ]	0.005446583363475341	93056
727	[-0.01966273  0.00092823]	0.0003874844535287606	93184
728	[-0.02548397 -0.02338396]	0.0011962421914992766	93312
729	[-0.00994145 -0.01471286]	0.0003153005079067943	93440
730	[0.00620616 0.0111394 ]	0.00016260255819731853	93568
731	[0.02585567 0.00248156]	0.0006746738430553924	93696
732	[-0.0454699   0.01328483]	0.0022439983650362136	93824
733	[-0.01776169 -0.026523  ]	0.0010189471318794838	93952
734	[-0.02547555 -0.04493555]	0.0026682073764904687	94080
735	[-0.00203296  0.02337363]	0.0005504595925831369	94208
736	[-0.04427513 -0.03589512]	0.0032487465201393798	94336
737	[-0.03687746 -0.02642356]	0.002058151039381538	94464
738	[-0.03944062 -0.00217816]	0.0015603069094632946	94592
739	[0.02073181 0.00046884]	0.0004300277763345985	94720
740	[-0.00877937 -0.0308095 ]	0.0010263027808422752	94848
741	[-0.03183948  0.02227371]	0.0015098705905444666	94976
742	[0.03899158 0.00317827]	0.0015304444453738012	95104
743	[-0.04596099  0.02788542]	0.0028900090751159783	95232
744	[0.0376646 0.0501002]	0.00392865215301989	95360
745	[ 0.00028684 -0.01540217]	0.00023730914256733928	95488
746	[ 0.0002188  -0.04629735]	0.002143492810252651	95616
747	[ 0.01214331 -0.00868374]	0.00022286727663732705	95744
748	[ 0.02088494 -0.02664134]	0.001145941640409369	95872
749	[-0.01211102  0.05432941]	0.003098361045749047	96000
750	[ 0.00726286 -0.08898141]	0.007970440547303255	96128
751	[-0.00791793 -0.05993769]	0.003655219873713596	96256
752	[ 0.00481334 -0.03712585]	0.0014014968776217345	96384
753	[ 0.00664799 -0.02062077]	0.0004694118857909781	96512
754	[-0.00811598  0.02516808]	0.0006993013129446123	96640
755	[0.01230275 0.00860135]	0.00022534088912050436	96768
756	[0.09419551 0.04641407]	0.01102706068130481	96896
757	[ 0.01079886 -0.0001251 ]	0.00011663096710596532	97024
758	[-0.01201353 -0.04793874]	0.0024424477954903996	97152
759	[-0.02932603 -0.00255875]	0.000866563151717265	97280
760	[ 0.03418786 -0.01367036]	0.0013556887875340246	97408
761	[-0.00686348 -0.01108677]	0.00017002390058445716	97536
762	[-0.01512986  0.00748042]	0.00028486942500104747	97664
763	[ 0.03548042 -0.00031614]	0.0012589598846565863	97792
764	[0.04120911 0.04804277]	0.004006298673778801	97920
765	[-0.03406013  0.0005062 ]	0.0011603490106225612	98048
766	[0.00499457 0.0276002 ]	0.0007867168962308074	98176
767	[-0.00488124  0.00321626]	3.417088519152675e-05	98304
768	[ 0.01842251 -0.04239376]	0.002136619838510901	98432
769	[0.02293686 0.0195885 ]	0.000909808863250898	98560
770	[0.00605746 0.04001034]	0.0016375204251838273	98688
771	[0.00679732 0.03827908]	0.0015114912394867484	98816
772	[-0.00107155  0.02024014]	0.0004108113274136033	98944
773	[ 0.03810059 -0.01103139]	0.0015733463593108718	99072
774	[ 0.00462487 -0.03150145]	0.0010137306786216645	99200
775	[-0.02801529 -0.01870945]	0.001134899942623477	99328
776	[-0.00748845  0.00841398]	0.00012687185282464356	99456
777	[-0.04098817 -0.00818145]	0.0017469661635512168	99584
778	[-0.04723747  0.0168192 ]	0.002514264423081285	99712
779	[ 0.02825281 -0.02229285]	0.00129519248101199	99840
780	[ 0.02662589 -0.02439878]	0.0013042388632398174	99968
781	[0.00650044 0.01539385]	0.00027922641832511585	100096
Result: mean = 0.039299503037687186 std = 1.046043718982244