#GEN	x_best	f(x_best)	#eval
0	[5.12      1.6349729]	28.88753637359907	128
1	[ 0.3869962  -0.43726406]	0.3409659134856762	256
2	[ 0.13158334 -0.39233325]	0.17123955798390217	384
3	[0.09806038 0.01410334]	0.009814742179563563	512
4	[-0.03145617 -0.03630518]	0.0023075569460062396	640
5	[ 0.0740656  -0.01725547]	0.005783463911077144	768
6	[-0.00424167  0.04368686]	0.0019265337923326862	896
7	[ 0.01097409 -0.03400327]	0.0012766532175365222	1024
8	[0.01398814 0.04386425]	0.0021197407275227336	1152
9	[-0.02311322 -0.00769286]	0.0005934010778849816	1280
10	[0.02893207 0.00285752]	0.0008452302908964675	1408
11	[-0.00637147 -0.02714326]	0.0007773520062528909	1536
12	[0.00087163 0.04084833]	0.0016693456023631147	1664
13	[0.04587606 0.0266059 ]	0.0028124868870971114	1792
14	[-0.00145288  0.0064567 ]	4.379990325038095e-05	1920
15	[ 0.01582262 -0.00555533]	0.00028121707157430345	2048
16	[ 0.00569034 -0.00779864]	9.319869782347726e-05	2176
17	[-0.01234738  0.04549002]	0.002221799771797695	2304
18	[-0.00956691 -0.01855656]	0.00043587171557734266	2432
19	[ 0.01335662 -0.01348619]	0.00036027685340073406	2560
20	[ 0.00884574 -0.05347962]	0.0029383168877829	2688
21	[ 0.0430727  -0.01533095]	0.0020902953365809357	2816
22	[-0.0289652  -0.04636117]	0.0029883407988251253	2944
23	[-0.01366857 -0.01198846]	0.0003305528310248333	3072
24	[-0.0124561  -0.00096515]	0.00015608590292716292	3200
25	[-0.01615993 -0.00956267]	0.0003525877870387938	3328
26	[0.0169143  0.02486802]	0.0009045120248921938	3456
27	[ 0.05320842 -0.00019548]	0.0028311742887532896	3584
28	[0.05446647 0.01535146]	0.003202263982757022	3712
29	[-0.0506369  -0.02867304]	0.0033862387343813645	3840
30	[-0.04274312  0.0294759 ]	0.0026958026644927037	3968
31	[-0.01809633  0.01866471]	0.0006758483365528971	4096
32	[ 0.01163252 -0.06368818]	0.004191499561456799	4224
33	[0.01230766 0.02178823]	0.0006262054461973601	4352
34	[ 0.00821005 -0.00210159]	7.182159729487452e-05	4480
35	[-0.02185127 -0.00951459]	0.0005680052317741898	4608
36	[-0.01564708  0.08975322]	0.008300472398082044	4736
37	[ 0.05035357 -0.02170792]	0.0030067154922405162	4864
38	[-0.02197085  0.06814199]	0.005126049193013118	4992
39	[-0.01293643 -0.00389226]	0.00018250098274594635	5120
40	[0.01328388 0.02528452]	0.0008157681756780629	5248
41	[ 0.00236472 -0.03212325]	0.0010374952512068087	5376
42	[0.09184427 0.02351514]	0.008988332621481989	5504
43	[0.04001588 0.0149067 ]	0.0018234807645114205	5632
44	[ 0.03154064 -0.01992862]	0.0013919615464331753	5760
45	[ 0.01408927 -0.02233535]	0.0006973753713668093	5888
46	[ 0.01212097 -0.011018  ]	0.0002683142106148514	6016
47	[-0.024738    0.01376175]	0.0008013546807999952	6144
48	[ 0.00825931 -0.01746529]	0.0003732524112959898	6272
49	[-0.03001942  0.0600176 ]	0.004503278427647336	6400
50	[-0.02144349  0.01365615]	0.0006463139138727732	6528
51	[-0.05100712  0.03428582]	0.0037772432900065826	6656
52	[-0.02540098  0.0234502 ]	0.001195121669962836	6784
53	[-0.01298777 -0.02258595]	0.0006788072229083174	6912
54	[0.010393   0.01608138]	0.0003666251477737165	7040
55	[-0.00092089 -0.00036675]	9.825408308815447e-07	7168
56	[ 0.03179031 -0.0473934 ]	0.003256758143270244	7296
57	[ 0.02564701 -0.02296514]	0.0011851666407595668	7424
58	[-0.01752408  0.02235647]	0.0008069051344616648	7552
59	[0.03982172 0.00207987]	0.0015900954559654214	7680
60	[0.00131567 0.00651157]	4.413153058843525e-05	7808
61	[-0.0311218  -0.02200059]	0.0014525925720135669	7936
62	[-0.04540674  0.01000068]	0.0021617855529126374	8064
63	[ 0.02157038 -0.0021731 ]	0.0004700038374986593	8192
64	[-0.01841558 -0.04930788]	0.0027704004079497887	8320
65	[-0.02857263 -0.04719599]	0.003043856277251151	8448
66	[-0.02436498 -0.00730282]	0.0006469832670699443	8576
67	[-0.0299988  -0.02818214]	0.001694161286289768	8704
68	[-0.00277833 -0.0248554 ]	0.000625510239036056	8832
69	[-0.02909288  0.00604369]	0.0008829219406448276	8960
70	[0.00922336 0.04598347]	0.0021995502937828446	9088
71	[-0.0245885  -0.02499841]	0.001229514853571814	9216
72	[ 0.03271012 -0.0206765 ]	0.0014974697837093357	9344
73	[ 0.07209944 -0.02614636]	0.0058819612701741806	9472
74	[0.0553775  0.04614471]	0.005196001860839124	9600
75	[-0.04133968  0.04728485]	0.003944826559968842	9728
76	[-0.00667325  0.01356383]	0.00022850962095990747	9856
77	[-0.01992744 -0.08091786]	0.006944802549404173	9984
78	[-0.01743414  0.0014454 ]	0.0003060385075156413	10112
79	[-0.03546776 -0.05034915]	0.003792998808414127	10240
80	[0.02191468 0.03093988]	0.0014375295008637774	10368
81	[0.01254243 0.01393172]	0.0003514054977223895	10496
82	[ 0.02668412 -0.00034334]	0.0007121602776064761	10624
83	[ 0.01291583 -0.04494733]	0.002187081292821931	10752
84	[ 0.02660205 -0.00726699]	0.000760478064479072	10880
85	[0.02507146 0.00721414]	0.0006806219503466559	11008
86	[ 0.02048742 -0.01483392]	0.0006397797332501594	11136
87	[0.00630118 0.00631109]	7.953470556170496e-05	11264
88	[0.00718073 0.01257513]	0.00020969681329631025	11392
89	[ 0.02454739 -0.02426591]	0.0011914089591670764	11520
90	[0.02776357 0.04965695]	0.0032366284815859387	11648
91	[-0.04269725 -0.08243423]	0.008618456722319118	11776
92	[-0.0154805  -0.00784408]	0.00030117536300533455	11904
93	[0.00664482 0.02804232]	0.0008305251245530498	12032
94	[-0.00833385 -0.05191732]	0.0027648608564570347	12160
95	[0.01645976 0.02777784]	0.0010425324945294375	12288
96	[0.01950734 0.01370867]	0.0005684638773093382	12416
97	[-0.02148529 -0.03808082]	0.0019117661655085462	12544
98	[-0.02226467  0.02742837]	0.0012480305837213857	12672
99	[ 0.01343191 -0.05480081]	0.003183545194068951	12800
100	[-0.04423696  0.02036468]	0.0023716290090448427	12928
101	[ 0.00988359 -0.01094095]	0.00021738971451452512	13056
102	[-0.02701366  0.03364179]	0.0018615074619369337	13184
103	[ 0.05393119 -0.01919016]	0.00327683592580394	13312
104	[ 0.00760377 -0.0153437 ]	0.0002932463132233432	13440
105	[ 0.02511451 -0.00962271]	0.0007233352239560064	13568
106	[-0.01054312  0.05056331]	0.0026678059079796325	13696
107	[-0.03475819  0.01347748]	0.0013897740981031188	13824
108	[-0.01159198 -0.02001692]	0.0005350509445135378	13952
109	[-0.04882729 -0.04495042]	0.004404644260453778	14080
110	[0.01877887 0.0006567 ]	0.0003530771392893341	14208
111	[-0.00250151 -0.00234272]	1.1745899883298944e-05	14336
112	[-0.0041932   0.01989128]	0.00041324599807797776	14464
113	[ 0.00349346 -0.00873268]	8.846401487736221e-05	14592
114	[-0.02329467  0.00419999]	0.0005602817206921461	14720
115	[ 0.01557258 -0.01898938]	0.0006031019927366605	14848
116	[ 0.0028446  -0.01887208]	0.00036424722597730447	14976
117	[-0.0019293  -0.04903812]	0.0024084597350469837	15104
118	[ 0.05130961 -0.03260117]	0.0036955124526029124	15232
119	[ 0.01991697 -0.0374829 ]	0.0018016536244076576	15360
120	[0.01994052 0.0079571 ]	0.000460939646038796	15488
121	[0.00061331 0.01887559]	0.0003566642007202861	15616
122	[ 0.03739161 -0.05611146]	0.004546628280602244	15744
123	[-0.02480855 -0.01888026]	0.000971928337285129	15872
124	[-0.02333427  0.00313359]	0.0005543073762920388	16000
125	[ 0.04751932 -0.06830369]	0.006923479493831644	16128
126	[0.03765403 0.02234142]	0.0019169649455335232	16256
127	[ 0.00728438 -0.04192632]	0.0018108783176994303	16384
128	[0.01604168 0.0395758 ]	0.001823579455666897	16512
129	[ 0.03312538 -0.0260933 ]	0.0017781507017962646	16640
130	[-0.03894392  0.01690784]	0.001802503625038535	16768
131	[-0.0369833   0.00482227]	0.0013910191136416274	16896
132	[0.04613143 0.01619089]	0.002390254102704381	17024
133	[-0.03100604 -0.00607718]	0.0009983067463258655	17152
134	[-0.00027935 -0.0160799 ]	0.0002586412510893891	17280
135	[-0.02031662  0.00071816]	0.000413280966289817	17408
136	[-0.07599489  0.02270483]	0.006290731788671887	17536
137	[-0.01433839 -0.04669079]	0.002385618942067028	17664
138	[-0.0225157  -0.00752401]	0.0005635674260712676	17792
139	[ 0.00156752 -0.01783318]	0.0003204793979631751	17920
140	[ 0.00872585 -0.02818201]	0.0008703663556052867	18048
141	[ 0.00214942 -0.03090305]	0.0009596185750977571	18176
142	[-0.00226415  0.00096274]	6.053270804421035e-06	18304
143	[-0.01476191  0.00711858]	0.0002685881562352666	18432
144	[0.04951724 0.01794882]	0.002774117183250368	18560
145	[ 0.00676214 -0.01138886]	0.00017543256554112106	18688
146	[0.0078198  0.03695907]	0.001427122106679105	18816
147	[ 0.05410293 -0.06831905]	0.007594619676176419	18944
148	[-0.03371292  0.05124207]	0.0037623108642801124	19072
149	[ 0.05067962 -0.01967665]	0.0029555943589536977	19200
150	[-0.0315664   0.06407784]	0.005102407476843512	19328
151	[0.02949937 0.01204318]	0.0010152509680206286	19456
152	[ 0.01904285 -0.01898653]	0.0007231185032106882	19584
153	[ 0.05099574 -0.00762437]	0.002658696970867869	19712
154	[-0.03761835 -0.02871513]	0.00223969861249765	19840
155	[-0.02561976  0.02529671]	0.001296295673963977	19968
156	[-0.06518448 -0.00052646]	0.004249293047080564	20096
157	[-0.02246629 -0.02761363]	0.0012672466748926655	20224
158	[-0.00465888  0.02230988]	0.0005194360711610535	20352
159	[0.05241343 0.02608421]	0.0034275540281054496	20480
160	[0.00781471 0.00766986]	0.00011989649223492114	20608
161	[ 0.01328152 -0.08331097]	0.007117116272166327	20736
162	[-0.05824574  0.03547949]	0.004651359984719089	20864
163	[-0.02266963 -0.00791524]	0.0005765632727407486	20992
164	[0.02012064 0.04208937]	0.0021763555657897116	21120
165	[0.02797489 0.01718274]	0.0010778408242103094	21248
166	[0.01632796 0.01855459]	0.0006108749549349388	21376
167	[-0.05264892  0.02966306]	0.0036518057188794483	21504
168	[ 0.04430862 -0.00999073]	0.0020630682012941865	21632
169	[-0.01293623 -0.00493423]	0.00019169262414765447	21760
170	[0.01751677 0.00668035]	0.00035146417353031426	21888
171	[-0.04356146 -0.00455919]	0.0019183871511641313	22016
172	[ 0.00742207 -0.01189039]	0.00019646848683662688	22144
173	[-0.01692535 -0.06404131]	0.004387756543059424	22272
174	[-0.02539147 -0.02555785]	0.0012979303529366054	22400
175	[-0.0046312   0.00245844]	2.749193153341287e-05	22528
176	[0.00647168 0.00511318]	6.802716386869887e-05	22656
177	[-0.03955057  0.01171314]	0.0017014454958779231	22784
178	[-0.03492622  0.00567179]	0.0012520097651185992	22912
179	[-0.0353531  -0.01045603]	0.0013591701650220898	23040
180	[ 0.03752857 -0.03879872]	0.0029137345785011474	23168
181	[0.01013881 0.01311638]	0.00027483503755899933	23296
182	[-0.02776579 -0.00897017]	0.0008514030360822374	23424
183	[-0.01917168 -0.00180801]	0.00037082217234664383	23552
184	[-0.04652191  0.04256592]	0.003976145167291752	23680
185	[-0.03791967  0.04074243]	0.003097846395016205	23808
186	[-0.00161515 -0.01293828]	0.00017000778641631853	23936
187	[0.00800792 0.01729233]	0.0003631513860616398	24064
188	[-0.00401263 -0.04369741]	0.0019255645927390153	24192
189	[-0.00784692 -0.0022946 ]	6.683928927876009e-05	24320
190	[6.36471888e-02 8.03905439e-05]	0.004050971110264304	24448
191	[0.00906187 0.02338847]	0.0006291382809754314	24576
192	[0.02969666 0.00963178]	0.0009746627535690187	24704
193	[0.03465336 0.02832449]	0.0020031323754626895	24832
194	[ 0.04756072 -0.01186042]	0.002402691270468572	24960
195	[-0.05396762 -0.04542764]	0.004976174448096704	25088
196	[-0.02357174 -0.076842  ]	0.006460320666941033	25216
197	[ 0.00067259 -0.00343497]	1.2251406979179756e-05	25344
198	[-0.00053904  0.01713787]	0.000293997226027487	25472
199	[ 0.04296959 -0.00214761]	0.0018509982129106984	25600
200	[ 0.0107786  -0.03756594]	0.0015273778698083366	25728
201	[-0.05886911 -0.02434629]	0.0040583140642856804	25856
202	[ 0.03113001 -0.00311987]	0.0009788112452749898	25984
203	[ 0.05375433 -0.02422913]	0.003476579075772319	26112
204	[-0.01110757  0.00150358]	0.0001256389638815395	26240
205	[0.0221723  0.04044931]	0.00212775763630466	26368
206	[ 0.01368123 -0.03136029]	0.0011706436717230655	26496
207	[0.06014061 0.0092006 ]	0.0037015442345763585	26624
208	[-0.04646177  0.03322958]	0.003262900781818852	26752
209	[ 0.00867097 -0.02627771]	0.0007657037895685732	26880
210	[-0.01789141 -0.02004143]	0.0007217613786662443	27008
211	[-0.0119257  -0.04069252]	0.001798103326308425	27136
212	[0.04933012 0.0121518 ]	0.002581127297524089	27264
213	[-0.01842284  0.06179599]	0.004158145557337447	27392
214	[ 0.00907474 -0.01730734]	0.0003818950169919568	27520
215	[ 0.02785883 -0.00115702]	0.000777453064236608	27648
216	[-0.03094433 -0.03192835]	0.0019769705212934227	27776
217	[0.0242292  0.02769437]	0.0013540325814298524	27904
218	[-0.01180606  0.04862587]	0.002503857899576955	28032
219	[ 0.02815629 -0.00881154]	0.0008704199264080683	28160
220	[ 0.05009653 -0.01980704]	0.002901981071295395	28288
221	[-0.02820964 -0.00795803]	0.0008591139364964729	28416
222	[-0.02773432 -0.03046147]	0.001697093769840933	28544
223	[-0.02471653  0.02207127]	0.0010980479576182607	28672
224	[-0.01864767  0.03067812]	0.0012888827850535815	28800
225	[-0.0286393   0.00689423]	0.0008677397385187333	28928
226	[-0.05900047  0.0273906 ]	0.004231300756440559	29056
227	[ 0.0135922  -0.01242763]	0.0003391938233879222	29184
228	[-0.03640134 -0.00599819]	0.0013610358527845854	29312
229	[-0.00557538 -0.00740118]	8.586231159628388e-05	29440
230	[-0.01232957  0.01797712]	0.0004751949514159604	29568
231	[ 0.01174457 -0.00690422]	0.00018560313629457866	29696
232	[-0.01347883 -0.0402813 ]	0.0018042620276658657	29824
233	[0.06864819 0.02751674]	0.005469745420504118	29952
234	[-0.01203044 -0.04156971]	0.001872772146862193	30080
235	[0.01031038 0.00336927]	0.00011765586048587773	30208
236	[ 0.0114761  -0.04364639]	0.0020367083219232545	30336
237	[-0.04946487  0.00666878]	0.002491245535278356	30464
238	[-0.00088262 -0.00115197]	2.1060704726718925e-06	30592
239	[0.01109774 0.00488615]	0.00014703418301480106	30720
240	[ 0.05493281 -0.01732459]	0.0033177552870816023	30848
241	[-0.05586202  0.03684649]	0.004478229476854221	30976
242	[-0.02407445 -0.03500417]	0.0018048713136005487	31104
243	[-0.0429355  -0.03886786]	0.003354167433102748	31232
244	[0.0061969  0.04585532]	0.0021411116463736063	31360
245	[ 0.00018899 -0.07282131]	0.0053029789324755185	31488
246	[0.01017686 0.01419455]	0.0003050535910431142	31616
247	[ 0.020416   -0.04808618]	0.0027290940300624547	31744
248	[ 0.00996398 -0.02837997]	0.0009047038134401217	31872
249	[-0.03821798 -0.01582831]	0.0017111496208079865	32000
250	[ 0.04531736 -0.02352947]	0.002607298683767562	32128
251	[-0.0204083  0.0054843]	0.00044657639280017847	32256
252	[ 0.03669084 -0.06265294]	0.005271608742360231	32384
253	[0.061141   0.04014241]	0.005349634961428165	32512
254	[ 0.03304628 -0.00737517]	0.0011464497445216237	32640
255	[-0.01308664  0.03798279]	0.0016139522350524294	32768
256	[-0.05202499  0.02959558]	0.003582497533144973	32896
257	[-0.0027421  -0.06584502]	0.004343085620731703	33024
258	[-0.0130039   0.01026806]	0.00027453456852650983	33152
259	[-0.06182991  0.00154803]	0.0038253347340398633	33280
260	[-0.0295121   0.04760915]	0.003137594725081494	33408
261	[0.04756102 0.01491644]	0.002484550494241242	33536
262	[0.01031528 0.00731144]	0.0001598622806132041	33664
263	[-0.03089269 -0.01549414]	0.0011944266191554647	33792
264	[-0.03194145  0.02832417]	0.0018225148140912457	33920
265	[-0.02031758 -0.03320703]	0.0015155107700545079	34048
266	[-0.01263705 -0.02101088]	0.0006011520198564973	34176
267	[-0.03813801 -0.00365927]	0.0014678977385143225	34304
268	[ 0.00078381 -0.03475375]	0.0012084372848013185	34432
269	[-0.0492507   0.02504348]	0.0030528076486425744	34560
270	[0.00711174 0.04431361]	0.0020142727385509926	34688
271	[-0.01746748 -0.01959781]	0.0006891867601688474	34816
272	[-0.02359402 -0.06820472]	0.005208561854991897	34944
273	[-0.04490605 -0.0104814 ]	0.0021264126661984088	35072
274	[-0.12477903 -0.00012645]	0.015569823263520058	35200
275	[-0.04023671  0.01830901]	0.0019542126386238898	35328
276	[-0.03242814  0.02036743]	0.0014664166444812669	35456
277	[-0.02542973 -0.01726971]	0.00094491432931231	35584
278	[-0.00770927 -0.00386195]	7.434745342996759e-05	35712
279	[-0.00018334 -0.03098498]	0.0009601026093962775	35840
280	[ 0.03135192 -0.04974606]	0.0034576127238052177	35968
281	[0.00866349 0.00933466]	0.000162191929899505	36096
282	[0.02571031 0.03357588]	0.0017883594662621903	36224
283	[0.04004155 0.03480595]	0.0028147797485954516	36352
284	[-0.00840915  0.0063015 ]	0.00011042276515451629	36480
285	[0.02682746 0.04326815]	0.0025918448648875525	36608
286	[ 0.02325443 -0.00579595]	0.0005743615491410627	36736
287	[0.01691225 0.04280674]	0.0021184411644308864	36864
288	[-0.00824497  0.00458039]	8.895951486747737e-05	36992
289	[0.04475536 0.00694944]	0.0020513372798586535	37120
290	[ 0.03017755 -0.02334304]	0.001455582502068236	37248
291	[ 0.03880876 -0.02299839]	0.002035046004427189	37376
292	[-0.01520018 -0.04236312]	0.002025679686644133	37504
293	[ 0.03513217 -0.03563   ]	0.0025037660522064086	37632
294	[0.03554702 0.03137847]	0.0022481993455798596	37760
295	[0.02199387 0.04843284]	0.0028294697449770586	37888
296	[0.0309899  0.01406247]	0.001158127317661268	38016
297	[-0.08444564 -0.00896176]	0.007211378656360497	38144
298	[0.02890711 0.00012829]	0.0008356377320458062	38272
299	[-0.0642365   0.02930057]	0.0049848508227242	38400
300	[0.00926723 0.00961301]	0.0001782915921994291	38528
301	[ 0.00664147 -0.00769944]	0.00010339048819229442	38656
302	[ 0.00725443 -0.03545457]	0.0013096532031636225	38784
303	[ 0.02301782 -0.0204806 ]	0.0009492751915473068	38912
304	[0.02098419 0.02397129]	0.0010149589095312503	39040
305	[-0.04243238 -0.00614482]	0.0018382654998590586	39168
306	[-0.02041846  0.00329216]	0.0004277517250628902	39296
307	[-0.00142096 -0.00236139]	7.59526177871563e-06	39424
308	[ 0.0148695  -0.04088497]	0.0018926830938210354	39552
309	[-0.01396026  0.00063845]	0.00019529639345080847	39680
310	[-0.01762741 -0.03040177]	0.0012349933409511618	39808
311	[ 0.00532377 -0.01908488]	0.0003925752125177504	39936
312	[-0.01280687  0.02838984]	0.0009699990381336972	40064
313	[ 0.01591473 -0.04754041]	0.0025133689587035894	40192
314	[ 0.00263064 -0.03881449]	0.0015134846609457017	40320
315	[-0.02188341  0.01639163]	0.0007475694694800431	40448
316	[0.01403302 0.00154676]	0.0001993182196941105	40576
317	[-0.05934314 -0.03088468]	0.0044754720413092385	40704
318	[0.04787866 0.00536045]	0.002321100591368504	40832
319	[-0.01942069 -0.03871583]	0.001876079149542904	40960
320	[5.15673325e-05 9.73785504e-03]	9.482847995501771e-05	41088
321	[-0.03352493  0.02966586]	0.0020039840681949105	41216
322	[ 0.00339158 -0.02208737]	0.0004993549155002061	41344
323	[-0.00355961  0.00725002]	6.523367972296765e-05	41472
324	[ 0.02530403 -0.03481885]	0.0018526464472636678	41600
325	[ 0.01583246 -0.03582754]	0.0015342795746272177	41728
326	[ 0.03494855 -0.03515417]	0.0024572174001598187	41856
327	[-0.00995689  0.06893242]	0.004850818456113651	41984
328	[-0.02116796 -0.02356054]	0.00100318171651759	42112
329	[0.01888009 0.00019476]	0.0003564957249127898	42240
330	[-0.05567564 -0.01542804]	0.003337801560639211	42368
331	[-0.01733288 -0.003975  ]	0.0003162294453448791	42496
332	[ 0.02139165 -0.01105059]	0.0005797182370885308	42624
333	[-0.03349219  0.00238847]	0.001127431375044093	42752
334	[ 0.00593249 -0.00568458]	6.750881911410164e-05	42880
335	[0.02441997 0.008007  ]	0.0006604468102695982	43008
336	[0.00498235 0.01619235]	0.00028701606026858376	43136
337	[-0.0369079  -0.03359772]	0.0024910004768154284	43264
338	[ 0.01515326 -0.00429499]	0.00024806815294394315	43392
339	[0.00082922 0.00076088]	1.2665422984722e-06	43520
340	[0.00473877 0.02296535]	0.000549863268543374	43648
341	[0.03829452 0.02562345]	0.0021230314229126225	43776
342	[-0.00033919 -0.01000689]	0.00010025286880249941	43904
343	[-0.02078081  0.02403364]	0.0010094578647016597	44032
344	[-0.0066167   0.01278097]	0.00020713396826466633	44160
345	[ 0.0175475 -0.0029642]	0.00031670117525850553	44288
346	[-0.01154994 -0.00275946]	0.00014101582886793602	44416
347	[-0.01835847  0.07053979]	0.005312895798951257	44544
348	[-0.0338894  0.045669 ]	0.003234148496193158	44672
349	[-0.008354   0.0294025]	0.0009342962076126652	44800
350	[-0.02652183 -0.00697765]	0.000752095052211822	44928
351	[-0.02561742 -0.01249834]	0.0008124607835656167	45056
352	[-0.02951556  0.03010928]	0.001777737171939068	45184
353	[ 0.00607558 -0.07041742]	0.0049955261461986184	45312
354	[0.0144907  0.02405433]	0.0007885912345164466	45440
355	[0.02472313 0.03272419]	0.0016821053264537897	45568
356	[-0.00474116  0.060595  ]	0.003694232885405859	45696
357	[0.04278352 0.01759309]	0.0021399469295583454	45824
358	[0.0176129  0.00169843]	0.00031309876799643705	45952
359	[ 0.01714429 -0.00643732]	0.00033536588971559006	46080
360	[-0.0578899  -0.04133781]	0.005060055042080898	46208
361	[-0.01958555 -0.01310126]	0.0005552366606144855	46336
362	[ 0.01888831 -0.01670456]	0.0006358105654516651	46464
363	[-0.00755693 -0.0030762 ]	6.657025744167423e-05	46592
364	[-0.00531904  0.0095179 ]	0.00011888255579107399	46720
365	[0.0064294  0.00582256]	7.523936140651858e-05	46848
366	[0.03331952 0.01526306]	0.0013431511146526065	46976
367	[-0.0348012  -0.04584831]	0.003313191234859586	47104
368	[ 0.02012625 -0.02642417]	0.0011033030221467906	47232
369	[ 0.0046894  -0.02639225]	0.0007185412561630697	47360
370	[ 0.02536858 -0.02226539]	0.001139312632453139	47488
371	[0.04762943 0.02766666]	0.0030340069641237753	47616
372	[-0.02628403 -0.00698668]	0.0007396639314362757	47744
373	[-0.03920852  0.00608405]	0.0015743235000178985	47872
374	[0.02105223 0.03035032]	0.001364337864549872	48000
375	[-0.03893441 -0.00336637]	0.001527220408655154	48128
376	[ 0.02969246 -0.0134351 ]	0.0010621439049826255	48256
377	[ 0.0066127  -0.05055848]	0.0025998874935233454	48384
378	[-0.0142316  -0.01760328]	0.0005124140340752744	48512
379	[0.0397072 0.0001453]	0.001576682519537381	48640
380	[ 0.01558553 -0.03048658]	0.0011723400865198913	48768
381	[0.07654907 0.00694315]	0.005907967666106253	48896
382	[0.01609889 0.04939167]	0.002698711248904714	49024
383	[-0.00712077  0.00277647]	5.841412493157183e-05	49152
384	[0.01202002 0.04340819]	0.0020287520614970444	49280
385	[-0.00025014 -0.02763844]	0.000763946072967292	49408
386	[-0.01961567 -0.00323248]	0.0003952234045822351	49536
387	[-0.02853989  0.04782395]	0.003101655779805077	49664
388	[ 0.02419256 -0.00623283]	0.000624128195658783	49792
389	[-0.0127517  -0.02288878]	0.000686501987691897	49920
390	[ 0.0151713  -0.00047656]	0.000230395365715605	50048
391	[-0.01023282 -0.02124958]	0.0005562550707971202	50176
392	[-0.0036753 -0.019129 ]	0.00037942646542868245	50304
393	[ 0.03847932 -0.00748722]	0.0015367166532148431	50432
394	[-0.02708155 -0.01115717]	0.0008578927380004941	50560
395	[ 0.00628164 -0.02047104]	0.0004585225614265157	50688
396	[-0.0387884   0.01795886]	0.0018270606360321533	50816
397	[-0.01032326  0.02238918]	0.0006078452035077405	50944
398	[-0.0078542   0.03092467]	0.0010180236810699269	51072
399	[-0.0131408  -0.01738655]	0.0004749725783879475	51200
400	[0.02026471 0.02695186]	0.001137061378533178	51328
401	[-0.01001102  0.03994621]	0.0016959200735310075	51456
402	[-0.02335179 -0.01352349]	0.0007281908721508852	51584
403	[ 0.01854173 -0.00815757]	0.00041034184734530015	51712
404	[0.00586524 0.02445818]	0.0006326035927772236	51840
405	[0.0176529 0.0119132]	0.0004535489715860037	51968
406	[0.07117791 0.01529878]	0.005300347496214705	52096
407	[-0.0147214  -0.02526556]	0.0008550682811053915	52224
408	[ 0.02810516 -0.0508324 ]	0.0033738326573473035	52352
409	[0.0163811 0.0166222]	0.0005446382059549854	52480
410	[0.00559681 0.0102301 ]	0.00013597926997683775	52608
411	[0.00853157 0.03642038]	0.001399231914130479	52736
412	[0.00013366 0.0065398 ]	4.278681218779454e-05	52864
413	[-0.00625226 -0.01141538]	0.00016940155001645048	52992
414	[0.00413968 0.0394276 ]	0.0015716722058497213	53120
415	[ 0.01256866 -0.00992571]	0.00025649095531836056	53248
416	[-4.81004432e-03  7.57248612e-05]	2.3142260632027048e-05	53376
417	[0.0065131  0.02625343]	0.000731663113610891	53504
418	[-0.05543753 -0.04983553]	0.005556899661639414	53632
419	[ 0.01734564 -0.03481619]	0.001513038053499402	53760
420	[-0.01763168  0.03084413]	0.0012622363504033928	53888
421	[-0.06232706  0.03697442]	0.005251769766883393	54016
422	[0.01801946 0.00082079]	0.0003253746080691786	54144
423	[-0.0055545  -0.05222641]	0.002758450707586194	54272
424	[-0.02765535 -0.05698074]	0.004011622986361643	54400
425	[ 0.05394442 -0.00244302]	0.0029159686129919876	54528
426	[-0.02205118  0.00243425]	0.000492179960893468	54656
427	[-0.02190019 -0.04744644]	0.002730783008090904	54784
428	[-0.00942249 -0.02801492]	0.0008736191436619405	54912
429	[ 0.00950416 -0.09504118]	0.009123154942366339	55040
430	[ 0.02549134 -0.03720429]	0.0020339681594642796	55168
431	[ 0.05155661 -0.01726005]	0.002955993365689944	55296
432	[ 0.00509089 -0.03968746]	0.0016010118838990022	55424
433	[0.00393533 0.04726691]	0.00224964755204732	55552
434	[-0.0017401  -0.01187715]	0.00014409472609871343	55680
435	[0.02481294 0.00068174]	0.0006161469713694861	55808
436	[0.00527592 0.01498194]	0.00025229377781117853	55936
437	[0.01136913 0.0571213 ]	0.003392099987170764	56064
438	[ 0.06517096 -0.0089545 ]	0.004327437434293816	56192
439	[ 0.05943229 -0.01585837]	0.0037836847533690462	56320
440	[ 0.03729987 -0.02708952]	0.0021251229024047864	56448
441	[0.02605899 0.01451673]	0.0008898062533063836	56576
442	[-0.0361287   0.04423758]	0.003262246435986142	56704
443	[-0.01930163 -0.01293902]	0.0005399710987455253	56832
444	[-0.02607599 -0.03086233]	0.001632440680594097	56960
445	[0.01872087 0.02716395]	0.0010883514329223703	57088
446	[-0.00222737  0.00217166]	9.677276896302327e-06	57216
447	[-0.02108123 -0.02124403]	0.0008957267981665874	57344
448	[ 0.05089342 -0.01005448]	0.0026912331331498856	57472
449	[0.02495994 0.03233486]	0.0016685421965862983	57600
450	[ 0.0504237  -0.04041782]	0.004176149367249222	57728
451	[-0.05019932  0.01147984]	0.0026517579451109047	57856
452	[-0.00758397  0.0652623 ]	0.004316684235866488	57984
453	[0.10291204 0.02324004]	0.011130987528600703	58112
454	[0.04751724 0.00312687]	0.0022676652814407035	58240
455	[ 0.02338308 -0.00197146]	0.0005506551559294593	58368
456	[-0.01116704 -0.01077121]	0.00024072173908511424	58496
457	[-0.01624725  0.05213147]	0.002981663646164083	58624
458	[0.04359636 0.00993371]	0.0019993214875590956	58752
459	[0.02265312 0.01591368]	0.0007664089365899223	58880
460	[ 0.0214635  -0.01311671]	0.0006327300349214388	59008
461	[-0.02135106 -0.01781017]	0.0007730698961785211	59136
462	[-0.00134653 -0.00897753]	8.240928814858204e-05	59264
463	[ 0.02508271 -0.01034087]	0.0007360760218695736	59392
464	[-0.0007652  -0.02736483]	0.0007494193804565725	59520
465	[0.00177124 0.03747302]	0.001407364831250513	59648
466	[0.01737957 0.03451523]	0.0014933507520368235	59776
467	[-0.00485615  0.00606473]	6.036323205162116e-05	59904
468	[ 0.06644292 -0.03533219]	0.005663025698680913	60032
469	[0.02164261 0.04076648]	0.002130308139563194	60160
470	[-0.00766026 -0.01149645]	0.0001908478668087758	60288
471	[-0.00773486  0.03101123]	0.0010215247506604084	60416
472	[ 0.0443103  -0.03125156]	0.00294006273691987	60544
473	[0.00311466 0.05388281]	0.0029130579775964813	60672
474	[0.00063474 0.00585665]	3.47032558422891e-05	60800
475	[ 0.01688877 -0.03667892]	0.001630573670953634	60928
476	[-0.01695607 -0.02627006]	0.0009776241598173402	61056
477	[-0.02454848  0.03802852]	0.0020487959212613866	61184
478	[0.00839324 0.00839117]	0.00014085822550485277	61312
479	[0.00485718 0.02172375]	0.0004955137121885867	61440
480	[0.01642993 0.01764419]	0.0005812601330091576	61568
481	[0.04764217 0.00660648]	0.0023134214694446034	61696
482	[ 0.03061138 -0.04172292]	0.002677859209244286	61824
483	[-0.01382156 -0.0110223 ]	0.00031252651542872843	61952
484	[-0.0261743   0.02387248]	0.0012549896467137938	62080
485	[-0.02705693  0.01083655]	0.0008495079483408468	62208
486	[-0.00354636  0.01463129]	0.0002266512880734804	62336
487	[ 0.02275533 -0.02271856]	0.0010339380017745203	62464
488	[-0.0520714  -0.01928823]	0.003083466680751206	62592
489	[ 0.02455406 -0.01699844]	0.0008918487590130202	62720
490	[ 0.01869935 -0.01890538]	0.000707078969494798	62848
491	[ 0.03571846 -0.01098481]	0.0013964742261240641	62976
492	[-0.01041748  0.04375769]	0.002023259477655015	63104
493	[-0.02108754 -0.02775726]	0.0012151499445397231	63232
494	[0.01762201 0.028567  ]	0.0011266087728731783	63360
495	[ 0.0227789  -0.00168101]	0.0005217039051681251	63488
496	[-0.00599967 -0.02475179]	0.0006486474047457581	63616
497	[-0.07310363  0.02161403]	0.005811306672149536	63744
498	[0.01201144 0.00186911]	0.00014776820828700778	63872
499	[-0.02938168  0.00103951]	0.0008643634379686756	64000
500	[-0.03563276 -0.00139295]	0.0012716335545494399	64128
501	[-0.01192149 -0.01977625]	0.0005332221207417124	64256
502	[ 0.00392256 -0.03729082]	0.0014059919664439514	64384
503	[-0.02643192 -0.01851875]	0.0010415902776358505	64512
504	[0.00968626 0.00258035]	0.0001004817770193775	64640
505	[0.02899423 0.02360168]	0.0013977048029969845	64768
506	[-0.01565315  0.04134994]	0.0019548390926876157	64896
507	[-0.028236  -0.0004599]	0.0007974834080558051	65024
508	[-0.02030496 -0.00819164]	0.0004793942484307479	65152
509	[-0.01843492 -0.00323302]	0.00035029856860262063	65280
510	[-0.00758161 -0.00309388]	6.705296183504947e-05	65408
511	[ 0.01603727 -0.0201494 ]	0.0006631923881385234	65536
512	[-0.02385229  0.0168022 ]	0.000851245633799725	65664
513	[ 0.00796498 -0.01327611]	0.00023969603947317415	65792
514	[0.01018928 0.00686204]	0.00015090896263658538	65920
515	[0.00722659 0.02114855]	0.0004994847891218745	66048
516	[0.011658   0.00309243]	0.00014547206704064079	66176
517	[ 0.0562023  -0.03932157]	0.0047048845208994316	66304
518	[ 0.00980724 -0.03247934]	0.0011510893310485697	66432
519	[-0.05791255  0.00861727]	0.003428120450307422	66560
520	[ 0.08918091 -0.07361026]	0.013371704720978678	66688
521	[-0.0103145  -0.00238062]	0.00011205629294363383	66816
522	[0.0168726 0.0154052]	0.0005220050340370274	66944
523	[0.00989317 0.01196856]	0.0002411211787778632	67072
524	[ 0.01248105 -0.02266664]	0.0006695532894466251	67200
525	[-0.05003477  0.01451543]	0.002714175991906032	67328
526	[ 0.01890166 -0.00612407]	0.000394777175505834	67456
527	[0.04180149 0.00951347]	0.0018378704949211487	67584
528	[-0.00566909  0.04753095]	0.0022913299058479743	67712
529	[-0.00453278 -0.00030136]	2.063694401324709e-05	67840
530	[ 0.03610374 -0.03959906]	0.002871565734202595	67968
531	[0.00931556 0.05040833]	0.002627779242067158	68096
532	[-0.02385128  0.03089826]	0.0015235862128677245	68224
533	[-0.05823305 -0.0418912 ]	0.005145960563146506	68352
534	[-0.04422406 -0.00421633]	0.0019735446480964865	68480
535	[0.01066904 0.01764517]	0.00042518052673094385	68608
536	[ 0.02204921 -0.01785874]	0.0008051024507595257	68736
537	[0.0051855 0.0125918]	0.00018544280252022802	68864
538	[-0.00291858 -0.00150045]	1.076943375935599e-05	68992
539	[-0.04124836  0.00105844]	0.0017025472548880753	69120
540	[ 0.00687038 -0.01466588]	0.0002622900841675557	69248
541	[-0.02206661 -0.01134503]	0.0006156450662136101	69376
542	[-0.0367559  -0.01330774]	0.0015280921980709672	69504
543	[-0.01713368  0.02225196]	0.0007887129863228075	69632
544	[-0.02323567 -0.03238573]	0.001588731830464124	69760
545	[-0.00283096  0.05322217]	0.002840613377704668	69888
546	[-0.01549581 -0.04184909]	0.001991466271936863	70016
547	[0.06559391 0.01983464]	0.004695973388962637	70144
548	[0.02865399 0.02191184]	0.0013011796156434307	70272
549	[0.01237779 0.01245728]	0.00030839343343121227	70400
550	[ 0.02432442 -0.03582569]	0.001875157406752057	70528
551	[-0.01126842  0.0476163 ]	0.0023942889089364054	70656
552	[-0.01266676 -0.01533524]	0.00039561658510442086	70784
553	[-0.00777302  0.0403682 ]	0.0016900117179713425	70912
554	[-0.01640648 -0.04548162]	0.0023377499553265913	71040
555	[0.00250497 0.00394171]	2.1811963417284103e-05	71168
556	[0.00819746 0.01407943]	0.0002654287048654275	71296
557	[-0.00129021 -0.04591754]	0.0021100848080111544	71424
558	[0.04422352 0.02178516]	0.002430312581728696	71552
559	[0.05618053 0.03178032]	0.004166241380933853	71680
560	[ 0.01348305 -0.00984059]	0.00027862970998695743	71808
561	[0.01532443 0.03037105]	0.0011572385945096395	71936
562	[ 0.01559148 -0.01336067]	0.0004216016338195882	72064
563	[ 0.06465534 -0.00693428]	0.004228397755761208	72192
564	[-0.02010271  0.00659549]	0.00044761948221950945	72320
565	[0.00301548 0.03949297]	0.001568787443564755	72448
566	[-0.05104289 -0.02294577]	0.0031318847535146167	72576
567	[0.00595755 0.04553344]	0.00210878673472883	72704
568	[ 0.02293748 -0.04828082]	0.0028571657706380573	72832
569	[ 0.01520846 -0.02248521]	0.0007368819274062491	72960
570	[-0.03493514  0.05566966]	0.004319574809353912	73088
571	[-0.00163873 -0.00793173]	6.559770071485952e-05	73216
572	[-0.00112357  0.05776019]	0.0033375022607246736	73344
573	[0.00684977 0.00923053]	0.00013212208149415467	73472
574	[-0.01154843 -0.00834543]	0.00020301243665902472	73600
575	[-0.00355069 -0.03575604]	0.0012911020119749362	73728
576	[0.01569838 0.00295469]	0.00025516924525552473	73856
577	[-0.01114538 -0.02952231]	0.0009957860379068584	73984
578	[-0.01749432 -0.0225136 ]	0.0008129134010833268	74112
579	[-0.02202743 -0.00013365]	0.0004852253462739402	74240
580	[-0.01758213  0.0304051 ]	0.0012336013354647764	74368
581	[ 0.00106932 -0.05112946]	0.002615365105929291	74496
582	[-0.02411873 -0.0037711 ]	0.0005959342791026762	74624
583	[-0.00828565 -0.036782  ]	0.001421567306563762	74752
584	[-0.01034906 -0.01627992]	0.00037213867884027516	74880
585	[-0.01293774 -0.00083043]	0.00016807464166682332	75008
586	[-0.01909212  0.01164685]	0.000500158378418801	75136
587	[-0.00630723  0.07709192]	0.005982945293059955	75264
588	[0.03681371 0.04620354]	0.003490016366337671	75392
589	[ 0.03555184 -0.02012913]	0.0016691150897537024	75520
590	[-0.00151468  0.02906201]	0.0008468947754212176	75648
591	[ 0.01335633 -0.0263673 ]	0.0008736259986153235	75776
592	[-0.0162959   0.00395955]	0.00028123443379172747	75904
593	[-0.0062136  -0.01141053]	0.00016880888720859007	76032
594	[0.0483517  0.02053643]	0.002759631574776508	76160
595	[ 0.00619114 -0.02462335]	0.0006446393566529401	76288
596	[-0.00196933 -0.01222297]	0.0001532791843201235	76416
597	[-0.03518067  0.03278936]	0.0023128219962840167	76544
598	[-0.01168693  0.02731158]	0.0008825065866498024	76672
599	[-0.01114137  0.02137612]	0.0005810688276420895	76800
600	[-0.01376024  0.03605994]	0.00148966360264846	76928
601	[ 0.02976916 -0.01709651]	0.0011784933074563504	77056
602	[-0.00255818 -0.06571165]	0.004324565868918066	77184
603	[-0.0526465  0.0029984]	0.0027806441108648473	77312
604	[0.00682545 0.0077944 ]	0.00010733947671521778	77440
605	[-0.04480149 -0.03160918]	0.003006313998463981	77568
606	[-0.00457604 -0.01060386]	0.00013338195908493407	77696
607	[-0.02399967 -0.01474129]	0.0007932896654772562	77824
608	[-0.0152673   0.01593437]	0.00048699472886925166	77952
609	[-0.01636657 -0.03400121]	0.0014239466628831344	78080
610	[-0.0097318  -0.00472457]	0.00011702952969150979	78208
611	[-0.01879636  0.00039543]	0.00035345949069814166	78336
612	[-0.00671805  0.00441761]	6.464748091131635e-05	78464
613	[-0.01140337 -0.03342315]	0.0012471438771461843	78592
614	[-0.03884667 -0.0195259 ]	0.0018903246544404474	78720
615	[0.05124368 0.00073629]	0.0026264565037547516	78848
616	[ 0.03343835 -0.02417581]	0.0017025931900253649	78976
617	[ 0.01980261 -0.05224304]	0.003121478349025028	79104
618	[-0.00442116 -0.0002515 ]	1.960990102739755e-05	79232
619	[0.03993079 0.04095497]	0.003271777258407854	79360
620	[-0.00010209  0.07808934]	0.006097955155117145	79488
621	[ 0.05175436 -0.00112589]	0.002679781596970898	79616
622	[0.06105254 0.0101031 ]	0.003829485743590811	79744
623	[-0.00676405  0.00166323]	4.851869068919677e-05	79872
624	[-0.00307487 -0.03606123]	0.0013098669480731966	80000
625	[ 0.03814473 -0.00334907]	0.0014662370342570141	80128
626	[-0.04649604  0.01921573]	0.002531126209327596	80256
627	[-0.010318    0.02953433]	0.0009787378588280422	80384
628	[-0.04388254  0.04340008]	0.003809244711743322	80512
629	[-0.04985577  0.03012481]	0.0033931018132414147	80640
630	[0.03780034 0.01023211]	0.0015335616021789672	80768
631	[-0.00646613 -0.05064878]	0.002607110189048354	80896
632	[-0.06090256 -0.00109005]	0.003710309742885281	81024
633	[-0.02078117  0.06664936]	0.004873993865041814	81152
634	[-0.02637631 -0.01022543]	0.0008002690187224626	81280
635	[-0.00087589 -0.02509271]	0.0006304114220917144	81408
636	[ 0.00083564 -0.01656934]	0.0002752413664142511	81536
637	[-0.04142468  0.05978349]	0.0052900699401085514	81664
638	[-0.01088542  0.02148182]	0.0005799607008246671	81792
639	[-0.00506459  0.02545599]	0.0006736575866702635	81920
640	[-0.03027851  0.02742361]	0.0016688426242048426	82048
641	[0.02218664 0.02644797]	0.0011917422441468004	82176
642	[-0.02704972  0.02526762]	0.0013701399678717624	82304
643	[0.01262748 0.01304912]	0.0003297328198118417	82432
644	[-0.00478693  0.0151708 ]	0.00025306793723812223	82560
645	[ 0.02359083 -0.01146043]	0.0006878689609353701	82688
646	[-0.05685557  0.05636834]	0.006409946004729236	82816
647	[ 0.01624922 -0.03341618]	0.0013806784091019732	82944
648	[ 0.03384832 -0.04616255]	0.0032766898009885994	83072
649	[0.03507643 0.02676699]	0.001946828082407081	83200
650	[ 0.03028083 -0.01058177]	0.0010289024446732496	83328
651	[-0.00784821  0.03601057]	0.0013583552381725027	83456
652	[-0.01760564 -0.06505753]	0.004542440315947297	83584
653	[-0.00742728 -0.02111261]	0.000500906761575013	83712
654	[0.0053111  0.00740278]	8.300887188154895e-05	83840
655	[-0.01078153 -0.01689163]	0.0004015685221818105	83968
656	[0.01090999 0.01232575]	0.0002709520153610926	84096
657	[0.03625042 0.02289358]	0.0018382094449240745	84224
658	[-0.05782133  0.01817385]	0.003673595003625638	84352
659	[0.05180749 0.01687745]	0.0029688645573520854	84480
660	[-0.00819985  0.03121124]	0.0010413789543441349	84608
661	[ 0.00124246 -0.02297472]	0.0005293814296573686	84736
662	[-0.00936653  0.0084918 ]	0.00015984257009746066	84864
663	[-0.02557935 -0.01406725]	0.0008521909535627358	84992
664	[-0.0438886   0.06550391]	0.006216971344144478	85120
665	[0.0682164  0.04868206]	0.0070234200451445	85248
666	[-0.00229795  0.01711907]	0.00029834297616778967	85376
667	[ 0.0086845  -0.06839159]	0.004752829717711889	85504
668	[-0.01108597  0.00459422]	0.00014400549674670632	85632
669	[ 0.0103902  -0.01196527]	0.0002511239046516987	85760
670	[ 0.01410363 -0.03422061]	0.001369962245834249	85888
671	[0.02587587 0.02923159]	0.001524046401018404	86016
672	[0.01694685 0.03111003]	0.001255029500771459	86144
673	[-0.00361825  0.01214831]	0.0001606731739427045	86272
674	[ 0.02996237 -0.05763126]	0.004219106142714455	86400
675	[-0.02098279  0.05144759]	0.0030871324572807985	86528
676	[-0.05673052 -0.03673848]	0.004568067679735428	86656
677	[0.03398735 0.02988485]	0.0020482440018576736	86784
678	[ 0.05229011 -0.02710178]	0.00346876229604097	86912
679	[-0.04788357  0.00012663]	0.0022928526101273832	87040
680	[0.04188187 0.02423491]	0.0023414214802794596	87168
681	[-0.03475642 -0.00576871]	0.0012412870086853508	87296
682	[-0.0362991   0.04307354]	0.003172954168466559	87424
683	[-0.01363804 -0.02404011]	0.0007639230961771107	87552
684	[ 0.0200627  -0.05333872]	0.0032475304995980827	87680
685	[0.03001288 0.00550371]	0.00093106356956152	87808
686	[ 0.02465222 -0.03427692]	0.001782639046059614	87936
687	[-0.00509939  0.03421739]	0.0011968337263804326	88064
688	[ 0.003137   -0.02010156]	0.0004139136945207467	88192
689	[-0.03263944  0.01004757]	0.001166286367392022	88320
690	[0.05798014 0.01393145]	0.003555781609276513	88448
691	[ 0.03858471 -0.00162556]	0.0014914221826539406	88576
692	[0.03820716 0.00507857]	0.0014855787190183477	88704
693	[-0.00304164  0.00263915]	1.6216675781526223e-05	88832
694	[-0.01352194  0.06032183]	0.0038215658840951316	88960
695	[0.05723915 0.01932485]	0.0036497699173435993	89088
696	[0.01539453 0.05137611]	0.0028764960450194297	89216
697	[ 0.06063818 -0.00540508]	0.0037062038392608513	89344
698	[ 0.00666577 -0.03026531]	0.0009604217072551451	89472
699	[-0.00785013  0.03234259]	0.0011076674308265818	89600
700	[0.01844848 0.02908568]	0.0011863228534746515	89728
701	[0.06389219 0.01248925]	0.004238193118197627	89856
702	[-0.02335932 -0.01605374]	0.0008033806525781105	89984
703	[0.05951173 0.0092331 ]	0.0036268955653879567	90112
704	[0.02013425 0.02555024]	0.0010582028408285772	90240
705	[-0.01040231 -0.01790287]	0.0004287210361954878	90368
706	[0.0153885  0.01925445]	0.0006075395623758675	90496
707	[-0.04525289  0.0107544 ]	0.002163480824768743	90624
708	[-0.00525334 -0.04539697]	0.0020884822912580745	90752
709	[-0.00169064  0.00271101]	1.02078373559493e-05	90880
710	[ 0.02087464 -0.05043715]	0.0029796560621818224	91008
711	[-0.01084236 -0.03314817]	0.001216357787920067	91136
712	[-0.00097473  0.01682082]	0.00028388999019705126	91264
713	[-0.02231675 -0.03069647]	0.001440311051140911	91392
714	[ 0.01155765 -0.01042748]	0.00024231149998016485	91520
715	[-0.00382875  0.02603583]	0.0006925238659584386	91648
716	[ 0.06003846 -0.00050505]	0.003604871808528837	91776
717	[0.03729983 0.00086139]	0.0013920194121513347	91904
718	[-0.02536137  0.00010945]	0.0006432108288982355	92032
719	[ 0.00957519 -0.00731652]	0.0001452156190970444	92160
720	[0.05223363 0.01650342]	0.003000714560639637	92288
721	[-0.00790753 -0.0409787 ]	0.0017417832446181615	92416
722	[ 0.02392924 -0.0011007 ]	0.0005738199914282861	92544
723	[-0.00266265 -0.01247729]	0.00016277260270444881	92672
724	[-0.00545672  0.00286316]	3.79735181042236e-05	92800
725	[-0.01678597 -0.0023613 ]	0.0002873443612981959	92928
726	[-0.02031641  0.01686943]	0.0006973341924931204	93056
727	[ 0.04156765 -0.01625789]	0.0019921884586630674	93184
728	[0.01472095 0.00312168]	0.00022645127097419807	93312
729	[0.01557986 0.00915172]	0.0003264859923923626	93440
730	[-0.01471905  0.00854787]	0.00028971658399966214	93568
731	[-0.02220565 -0.02518346]	0.0011272972473704602	93696
732	[ 0.03484871 -0.0060056 ]	0.001250499768262491	93824
733	[-0.01179035  0.00073298]	0.00013954972427433556	93952
734	[-0.01212752  0.00801707]	0.0002113502750767229	94080
735	[0.03777409 0.00606585]	0.0014636764564435643	94208
736	[ 0.02973709 -0.01247143]	0.001039830776721521	94336
737	[-0.02008529  0.03686184]	0.0017622142648986152	94464
738	[-0.07239533 -0.03988414]	0.006831828718746491	94592
739	[ 0.00839226 -0.01392344]	0.0002642921236635454	94720
740	[ 0.03565341 -0.01762684]	0.0015818711904512302	94848
741	[0.04035409 0.05789788]	0.004980616651896976	94976
742	[-0.0024333  -0.05466548]	0.0029942352156876596	95104
743	[-0.02038289 -0.02660454]	0.0011232635137880804	95232
744	[0.01306406 0.02745368]	0.0009243740348662863	95360
745	[ 0.03651472 -0.04271515]	0.003157908495510165	95488
746	[ 0.04401591 -0.00228615]	0.0019426264224828528	95616
747	[-0.02257649 -0.03271337]	0.0015798624859411745	95744
748	[0.01728543 0.06037154]	0.003943508563010554	95872
749	[-0.06617985  0.03069831]	0.005322158882645201	96000
750	[0.00710997 0.00814525]	0.00011689673349716062	96128
751	[ 0.03737366 -0.01118992]	0.0015220049443832888	96256
752	[-0.01565594  0.01013756]	0.0003478785857289479	96384
753	[-0.01180806  0.01499944]	0.0003644134611125412	96512
754	[0.0320558  0.05533055]	0.004089044182320912	96640
755	[ 0.00980628 -0.02202146]	0.0005811077134974983	96768
756	[ 0.03187887 -0.01387548]	0.0012087913915771718	96896
757	[0.00779054 0.00342143]	7.239864121929558e-05	97024
758	[-0.06311535 -0.03602287]	0.005281194930384814	97152
759	[0.01139286 0.00328645]	0.0001405980953237242	97280
760	[-0.03430362 -0.00326287]	0.0011873845038777857	97408
761	[-0.02418645 -0.03205575]	0.0016125552299189284	97536
762	[-0.03680973 -0.01360823]	0.0015401398160293607	97664
763	[-0.06930095  0.01525046]	0.005035198266901377	97792
764	[0.00037137 0.0234002 ]	0.0005477073275871105	97920
765	[-0.00353627  0.0022558 ]	1.7593847581751718e-05	98048
766	[ 0.02714673 -0.00114993]	0.0007382672324575344	98176
767	[ 0.01556702 -0.06806246]	0.00487483086798354	98304
768	[ 0.01491461 -0.00736993]	0.00027676156152502856	98432
769	[0.00912237 0.00248676]	8.94016307686938e-05	98560
770	[-0.01425626 -0.01855909]	0.0005476807388071492	98688
771	[-0.00861002  0.04640778]	0.002227814742901733	98816
772	[-0.01842356  0.03439803]	0.0015226520548041053	98944
773	[ 0.04465462 -0.02449957]	0.0025942637496347487	99072
774	[-0.03552016  0.03439062]	0.0024443965649333954	99200
775	[ 0.00735059 -0.03079869]	0.00100259044918737	99328
776	[-0.01517203  0.01423401]	0.0004327975599635256	99456
777	[-0.02087405 -0.00330239]	0.00044663161840740006	99584
778	[-0.00692198  0.04071932]	0.0017059770359467272	99712
779	[-0.02173921  0.00913123]	0.0005559727042053827	99840
780	[-0.02973134 -0.01943853]	0.001261808738924404	99968
781	[-0.00135521 -0.02089881]	0.0004385969530293584	100096
Result: mean = 0.03934211040823575 std = 1.0323599367445317