#GEN	x_best	f(x_best)	#eval
0	[1.4923589 5.12     ]	28.44153509979038	128
1	[-0.05306611  0.3281997 ]	0.11053105577815826	256
2	[ 0.09426729 -0.11749234]	0.02269077123366755	384
3	[0.02048646 0.01214672]	0.0005672380222534133	512
4	[-0.07170887 -0.00928937]	0.005228454369777233	640
5	[-0.00916175 -0.02030352]	0.0004961708092996323	768
6	[-0.05416147  0.03759636]	0.004346951296038596	896
7	[-0.07337375  0.02759334]	0.006145100001431954	1024
8	[0.0316788 0.0134937]	0.0011856264232628713	1152
9	[0.01071364 0.01244957]	0.00026977380820279777	1280
10	[ 0.00338271 -0.02323784]	0.0005514398572449918	1408
11	[-0.05246654 -0.02153906]	0.003216668437886387	1536
12	[ 0.00417552 -0.03815372]	0.0014731416476726484	1664
13	[-0.01878181 -0.01814395]	0.0006819592747823846	1792
14	[-0.00633987 -0.02103508]	0.00048266856108703855	1920
15	[-0.01085105  0.00187854]	0.00012127413372746328	2048
16	[0.02745942 0.02614061]	0.001437351004842769	2176
17	[ 0.0475277  -0.00633106]	0.002298964570518393	2304
18	[-0.03678869  0.02517047]	0.0019869608253100463	2432
19	[ 0.00976214 -0.00293608]	0.00010392001812820076	2560
20	[ 0.02401236 -0.02659363]	0.0012838145430966973	2688
21	[0.00227588 0.01836965]	0.00034262356770502916	2816
22	[-0.01262347 -0.00834829]	0.000229046028105342	2944
23	[-0.00563363  0.04186407]	0.0017843385451560786	3072
24	[-0.00590789 -0.01254533]	0.00019228853666684555	3200
25	[0.0352617  0.02528703]	0.0018828212288806057	3328
26	[-0.01020111 -0.01104   ]	0.00022594436544025009	3456
27	[-0.01998053  0.0212472 ]	0.0008506652047266076	3584
28	[-0.01010985 -0.01190589]	0.00024395928387032473	3712
29	[-0.01772981  0.04576726]	0.0024089886303807215	3840
30	[ 0.02333631 -0.01958899]	0.0009283117368994493	3968
31	[-0.03470334 -0.02157555]	0.0016698263632621644	4096
32	[-0.00416008  0.05872755]	0.003466231603851541	4224
33	[-0.03418886  0.02596884]	0.0018432585595193171	4352
34	[-0.04435397 -0.01808989]	0.002294518825350751	4480
35	[-0.00275441 -0.00365962]	2.0979604294706604e-05	4608
36	[0.02168315 0.04655533]	0.002637557452890278	4736
37	[-0.00846812  0.01161134]	0.0002065323729069113	4864
38	[-0.00993342 -0.04423274]	0.0020552081716751747	4992
39	[-0.0092693  -0.02410722]	0.0006670781083061813	5120
40	[0.00847281 0.02463852]	0.0006788454127220221	5248
41	[-0.00458957  0.0038856 ]	3.616205882843812e-05	5376
42	[ 0.02054487 -0.02658221]	0.0011287055729285855	5504
43	[ 0.02142962 -0.02253237]	0.0009669362375333329	5632
44	[ 0.0881776  -0.01871124]	0.008125399096147519	5760
45	[ 0.05450045 -0.01334951]	0.003148508409227188	5888
46	[0.00143619 0.01285231]	0.00016724455765792826	6016
47	[-0.02391153 -0.00695348]	0.0006201121623905714	6144
48	[0.00444787 0.02297178]	0.000547486326522942	6272
49	[ 0.03460632 -0.03427118]	0.002372111044703751	6400
50	[0.03412023 0.00604239]	0.0012007005606403994	6528
51	[-0.02536145  0.04677062]	0.0028306943601844343	6656
52	[ 0.07058319 -0.03952216]	0.006543987273881239	6784
53	[-0.05410877 -0.01622101]	0.00319087980735346	6912
54	[-0.01464601  0.00232839]	0.00021992706106447194	7040
55	[-0.03724947  0.01286249]	0.0015529663709992457	7168
56	[ 0.00076692 -0.01960086]	0.00038478169735960144	7296
57	[0.03015228 0.01164242]	0.0010447060424105157	7424
58	[-0.02962896 -0.06482981]	0.005080778973376258	7552
59	[-0.04035813 -0.06435417]	0.005770237711342043	7680
60	[0.05140467 0.0244644 ]	0.0032409471796238454	7808
61	[ 0.04788291 -0.00895071]	0.0023728885898351496	7936
62	[0.0443112  0.00042227]	0.001963660595000954	8064
63	[-0.00311489 -0.03179608]	0.001020693436568002	8192
64	[0.04010512 0.00223562]	0.0016134190197558546	8320
65	[ 0.05273366 -0.00981503]	0.002877173643513558	8448
66	[0.0210017  0.03923914]	0.001980781343880329	8576
67	[-0.04060741  0.00259224]	0.001655681406590281	8704
68	[ 0.01031718 -0.03537386]	0.0013577543904461553	8832
69	[-0.05174093 -0.0187233 ]	0.003027685745453957	8960
70	[0.02343214 0.03473908]	0.0017558689422903033	9088
71	[-0.01174593 -0.00750336]	0.00019426735633502385	9216
72	[ 0.00239185 -0.03140526]	0.0009920112406472336	9344
73	[-0.02025733 -0.00481678]	0.000433560868577866	9472
74	[ 0.00088701 -0.00688989]	4.82573303277862e-05	9600
75	[0.01499525 0.02626374]	0.0009146414614981029	9728
76	[-0.02056538 -0.04813019]	0.0027394504047561275	9856
77	[-0.00284772 -0.01841136]	0.00034708777340519676	9984
78	[-0.06348986  0.02704079]	0.004762166899218458	10112
79	[-0.00199673  0.00434189]	2.2838926658260322e-05	10240
80	[ 0.01010537 -0.00554633]	0.00013288019615087312	10368
81	[0.03439161 0.01367453]	0.0013697757803272682	10496
82	[0.01480457 0.01089086]	0.0003377862827966276	10624
83	[ 0.04206784 -0.04457025]	0.0037562102530400293	10752
84	[-0.03207287  0.02080644]	0.0014615769698106773	10880
85	[-0.01236005 -0.0260051 ]	0.0008290358952433748	11008
86	[-0.0670213 -0.0024886]	0.004498047147810691	11136
87	[ 0.02510997 -0.02082365]	0.0010641349801147717	11264
88	[0.05316315 0.03191157]	0.0038446680117658807	11392
89	[-0.00728369  0.0504887 ]	0.0026021609107844323	11520
90	[-0.01025998  0.01712266]	0.00039845275341068766	11648
91	[0.0264508  0.02575467]	0.001362947681030518	11776
92	[ 0.02033482 -0.01751431]	0.0007202558086400865	11904
93	[-0.04324775 -0.00218534]	0.0018751437677624607	12032
94	[ 0.0340787  -0.02957177]	0.0020358468272401718	12160
95	[-0.01604194  0.01919244]	0.0006256937977639207	12288
96	[-0.02444451  0.04199799]	0.0023613650569531183	12416
97	[0.05068626 0.07136564]	0.007662151553496546	12544
98	[-0.0167678   0.01107425]	0.0004037979527260115	12672
99	[0.02959378 0.00866806]	0.0009509271013424683	12800
100	[0.00254068 0.00694221]	5.464937086390799e-05	12928
101	[0.0231774  0.02114389]	0.0009842558422366871	13056
102	[0.01863772 0.03988749]	0.001938376605818144	13184
103	[-0.01669794 -0.06238625]	0.004170865385106092	13312
104	[ 0.02837535 -0.03366543]	0.001938521314517374	13440
105	[ 0.00546924 -0.0321906 ]	0.001066146973787234	13568
106	[0.01490762 0.00560045]	0.00025360213599685496	13696
107	[-0.0036697  -0.02050479]	0.0004339130801899411	13824
108	[-0.00685379  0.01954077]	0.00042881601994564523	13952
109	[ 0.00060876 -0.01838567]	0.00033840331963301	14080
110	[ 0.00214283 -0.02514119]	0.0006366709148099947	14208
111	[0.02957762 0.0151926 ]	0.0011056505012576364	14336
112	[ 0.00757464 -0.04998644]	0.0025560189869223158	14464
113	[-0.00075848  0.02814693]	0.0007928252159245748	14592
114	[0.02327248 0.06286874]	0.004494086643604968	14720
115	[ 0.00844155 -0.02053958]	0.0004931339311974092	14848
116	[0.01005395 0.02958857]	0.0009765655766680544	14976
117	[0.00617698 0.02424428]	0.0006259402276017562	15104
118	[0.01703269 0.02145304]	0.0007503452905577867	15232
119	[0.00987215 0.00470459]	0.00011959245268240274	15360
120	[-0.02474913 -0.02168231]	0.0010826420118453812	15488
121	[-0.04511064  0.01395471]	0.002229704040112098	15616
122	[-0.02382091 -0.01198632]	0.0007111076493119008	15744
123	[-0.03900524 -0.00903012]	0.001602952232403538	15872
124	[-0.03938461 -0.02958263]	0.0024262795804332305	16000
125	[-0.00412975 -0.0321309 ]	0.0010494496381502306	16128
126	[0.0258754  0.02983751]	0.0015598128756916761	16256
127	[0.01192546 0.0101412 ]	0.0002450605674140493	16384
128	[-0.01025797  0.05524239]	0.0031569474865420855	16512
129	[ 0.02596597 -0.00540989]	0.0007034984086167412	16640
130	[0.02447231 0.00490922]	0.0006229941685792403	16768
131	[0.00806708 0.04042387]	0.0016991672514772944	16896
132	[ 0.00124829 -0.00458707]	2.2599415974482427e-05	17024
133	[0.03259982 0.00439938]	0.001082102566673101	17152
134	[0.03077611 0.00296558]	0.0009559634852969406	17280
135	[ 0.03213565 -0.014206  ]	0.001234510229346183	17408
136	[-0.00418453  0.00248152]	2.3668279245507873e-05	17536
137	[-0.01256395  0.01409911]	0.000356637771351544	17664
138	[0.03625256 0.04795422]	0.0036138551897120785	17792
139	[ 1.33402587e-02 -7.73296469e-05]	0.00017796848241011113	17920
140	[0.02736754 0.02774278]	0.0015186440758052097	18048
141	[-0.03175344  0.02901909]	0.00185038867260279	18176
142	[-0.02537918  0.02826919]	0.001443249900456983	18304
143	[ 0.02843894 -0.08104642]	0.007377295414452827	18432
144	[0.04068575 0.02319971]	0.002193556873140887	18560
145	[ 0.02141211 -0.02965917]	0.0013381452858094766	18688
146	[0.00111569 0.02541371]	0.0006471012906960451	18816
147	[-0.05161639 -0.01451854]	0.002875039931402176	18944
148	[-0.01550571  0.00848992]	0.00031250587746139627	19072
149	[-0.01549649 -0.0241816 ]	0.0008248910134150318	19200
150	[-0.02535586  0.01799196]	0.0009666306119137784	19328
151	[0.00421729 0.01257699]	0.0001759661177289134	19456
152	[-0.01822846  0.01558399]	0.0005751377621146182	19584
153	[0.01237734 0.03308707]	0.0012479530503858847	19712
154	[-0.0218115  -0.00487896]	0.0004995458909655714	19840
155	[ 0.02132859 -0.00658344]	0.000498250293255163	19968
156	[-0.01007638 -0.00918017]	0.00018580893111069693	20096
157	[-0.04963603 -0.00065824]	0.0024641689326458647	20224
158	[-0.00424207  0.01756856]	0.0003266494328564416	20352
159	[-0.00953366  0.06223136]	0.003963632529916423	20480
160	[ 0.0091962  -0.01000307]	0.00018463159055542047	20608
161	[-0.0157857   0.00445105]	0.00026900015140150725	20736
162	[ 0.00574675 -0.02306378]	0.0005649628251908626	20864
163	[-0.05209989  0.01001775]	0.002814753810292568	20992
164	[ 0.02314954 -0.00367798]	0.0005494286547110513	21120
165	[ 0.01870136 -0.00999458]	0.00044963235022147237	21248
166	[0.00269681 0.01662928]	0.0002838057855417239	21376
167	[ 0.0442998 -0.0008451]	0.0019631863602517425	21504
168	[0.02146865 0.01801762]	0.00078553755513046	21632
169	[-0.03043038  0.00164481]	0.0009287135618650564	21760
170	[-0.00878138 -0.00677146]	0.00012296528174092958	21888
171	[-0.00387974 -0.02721263]	0.0007555793644185735	22016
172	[ 0.04945119 -0.00752268]	0.002502010489042603	22144
173	[0.03500942 0.00657308]	0.0012688646110133033	22272
174	[-0.01591909 -0.00963324]	0.00034621656548995477	22400
175	[0.01920124 0.02380375]	0.0009353064676387625	22528
176	[-0.02714936 -0.02334435]	0.0012820462696386844	22656
177	[-0.00175281  0.00818288]	7.003195465956067e-05	22784
178	[-0.02029142 -0.01127162]	0.0005387911554843323	22912
179	[-0.00774268 -0.03476   ]	0.0012682065841706403	23040
180	[-0.0207658   0.02622841]	0.0011191477813198077	23168
181	[-0.02163909 -0.02376908]	0.0010332190854838593	23296
182	[-0.0021506   0.04806228]	0.0023146076027950714	23424
183	[0.0307054 0.0141737]	0.0011437151355727523	23552
184	[-0.0373333   0.00670752]	0.001438765801613738	23680
185	[-0.01571954 -0.01954127]	0.0006289649820864743	23808
186	[-0.01476813 -0.01510834]	0.00044635975452847097	23936
187	[-0.0176241   0.00913841]	0.00039411934687648474	24064
188	[ 0.02795099 -0.03023093]	0.0016951674353979946	24192
189	[ 0.00030367 -0.03871215]	0.001498722597452571	24320
190	[-0.0019852   0.02576541]	0.0006677973317603848	24448
191	[0.00528768 0.03908532]	0.0015556220743497583	24576
192	[0.01144761 0.00318643]	0.00014120122714442014	24704
193	[ 0.0622475  -0.00215199]	0.003879382657696906	24832
194	[0.01906332 0.02830793]	0.0011647490590450098	24960
195	[-0.00755715 -0.0338765 ]	0.0012047276267331826	25088
196	[-0.02771676 -0.02417188]	0.0013524988617904044	25216
197	[-0.00407437 -0.00928112]	0.00010273968400988017	25344
198	[ 0.03787674 -0.03302513]	0.0025253069653391564	25472
199	[ 0.0103591  -0.02262797]	0.0006193358768003208	25600
200	[-0.03333954  0.025402  ]	0.0017567864582334319	25728
201	[0.01852392 0.01222111]	0.0004924910186112495	25856
202	[ 0.01674488 -0.01459477]	0.0004933981792555012	25984
203	[0.00687631 0.04487893]	0.0020614023611417215	26112
204	[-0.01255857 -0.01144989]	0.0002888177706043075	26240
205	[-0.01885795  0.02559796]	0.0010108781537905586	26368
206	[-0.01064404 -0.02028349]	0.0005247155038370673	26496
207	[-0.00346058  0.02502449]	0.000638200559790811	26624
208	[-0.01302673 -0.05009647]	0.002679352297425514	26752
209	[ 0.00347778 -0.05527827]	0.0030677818885701865	26880
210	[0.00773275 0.03498525]	0.0012837633675360056	27008
211	[ 0.01996387 -0.03491004]	0.0016172670354477029	27136
212	[ 0.01325374 -0.02616566]	0.0008603030913582447	27264
213	[0.02501173 0.00760232]	0.0006833819980832233	27392
214	[-0.0056147   0.01606395]	0.00028957540202336315	27520
215	[ 0.00088331 -0.02945398]	0.0008683168809076284	27648
216	[-0.02162014  0.02133084]	0.0009224352818336837	27776
217	[-0.04238806 -0.00339669]	0.0018082852337556058	27904
218	[ 0.02294051 -0.02313054]	0.0010612891582917326	28032
219	[-0.02390679 -0.02759307]	0.0013329120833692398	28160
220	[ 0.05794183 -0.02275299]	0.0038749543954394944	28288
221	[ 0.02240298 -0.02514321]	0.0011340745844818068	28416
222	[-0.01470035 -0.00602762]	0.000252432537587892	28544
223	[ 0.02057271 -0.00812792]	0.0004892992885317262	28672
224	[ 0.01641202 -0.0149913 ]	0.0004940935722733064	28800
225	[-0.01215142 -0.04193026]	0.0019058039074089988	28928
226	[ 0.0188148  -0.02141377]	0.0008125462101986726	29056
227	[0.04545674 0.01600183]	0.002322374028798377	29184
228	[-0.00084171 -0.04545222]	0.0020666130856401813	29312
229	[-0.05145986 -0.03551427]	0.003909380181338481	29440
230	[-0.00980071 -0.03203348]	0.0011221977461929235	29568
231	[-0.03295284  0.00365837]	0.0010992731602878047	29696
232	[-0.00202987 -0.02014596]	0.00040998023151537604	29824
233	[-0.01558156 -0.02701807]	0.0009727611800920923	29952
234	[ 0.03021159 -0.02653826]	0.0016170194396479026	30080
235	[0.00657373 0.03469156]	0.0012467185992625271	30208
236	[ 0.03781278 -0.02852886]	0.0022437018385281626	30336
237	[0.00192594 0.02189287]	0.00048300687209087214	30464
238	[0.01171922 0.00885015]	0.00021566532364723445	30592
239	[0.00276404 0.01040397]	0.00011588251951581551	30720
240	[-0.02688505  0.00898743]	0.0008035796510700423	30848
241	[-0.02551029  0.00294592]	0.0006594532398044472	30976
242	[ 0.03240557 -0.04076817]	0.002712165088308678	31104
243	[ 0.04447091 -0.0249324 ]	0.0025992861390209962	31232
244	[0.02534396 0.00634985]	0.000682636773582569	31360
245	[-0.02761682 -0.00442499]	0.0007822691649656006	31488
246	[0.01807766 0.00409243]	0.0003435496511141333	31616
247	[-0.01132098 -0.00247426]	0.00013428661919246868	31744
248	[-0.00864832 -0.02104956]	0.0005178775501367515	31872
249	[0.01278687 0.02905185]	0.0010075138767687815	32000
250	[-0.04374426 -0.00252291]	0.001919925535546345	32128
251	[-0.0012795  -0.00567747]	3.3870776608130105e-05	32256
252	[-0.02624779 -0.05693967]	0.003931072921094853	32384
253	[-0.03092788  0.02467161]	0.001565222335484583	32512
254	[-0.0225203  -0.04127538]	0.002210820949575049	32640
255	[0.00468662 0.04164593]	0.0017563479707122245	32768
256	[ 0.01097161 -0.02168318]	0.0005905363487571077	32896
257	[-0.00475095 -0.03956709]	0.0015881260465716567	33024
258	[0.03529174 0.03105915]	0.002210177832623023	33152
259	[0.03986267 0.01022073]	0.0016934958390192468	33280
260	[0.02310703 0.00979869]	0.0006299489268705087	33408
261	[-0.00908304 -0.01938059]	0.0004581090906034921	33536
262	[-0.03139018 -0.01533396]	0.0012204735520949617	33664
263	[ 0.00441961 -0.01601941]	0.00027615433666953136	33792
264	[ 0.05963422 -0.03063649]	0.004494834755767308	33920
265	[-0.01345216 -0.01953554]	0.0005625977864619735	34048
266	[-0.00035193  0.03259805]	0.001062756760708499	34176
267	[ 0.05919664 -0.01327171]	0.0036803804705893167	34304
268	[ 0.02413675 -0.02221962]	0.0010762943950709985	34432
269	[0.00441949 0.0137748 ]	0.00020927710051201577	34560
270	[-0.04203471 -0.01454398]	0.0019784443199590968	34688
271	[ 0.00236992 -0.01248141]	0.0001614021391675915	34816
272	[-0.06263531 -0.01118467]	0.004048279042054641	34944
273	[ 0.00440733 -0.01451934]	0.00023023570297322463	35072
274	[ 0.01463913 -0.0065455 ]	0.0002571476925588759	35200
275	[ 0.01659135 -0.01204682]	0.00042039858844470306	35328
276	[ 0.04316209 -0.03848981]	0.003344431463395773	35456
277	[0.00546538 0.006536  ]	7.25897010735283e-05	35584
278	[ 0.0503388  -0.03367427]	0.0036679508103385633	35712
279	[-0.00047434  0.00326538]	1.088767908493378e-05	35840
280	[-0.06383205  0.05057062]	0.006631918554020641	35968
281	[ 0.00683387 -0.03173871]	0.0010540474554813835	36096
282	[-0.00713577  0.06568102]	0.004364915801365578	36224
283	[-0.02669209 -0.04621253]	0.002848065773388541	36352
284	[0.00439188 0.04072665]	0.001677948255346962	36480
285	[-0.00675518 -0.01542982]	0.0002837119051479711	36608
286	[-0.03813583  0.05063582]	0.0040183282167655324	36736
287	[0.00216449 0.00632375]	4.467488791250127e-05	36864
288	[ 0.00111243 -0.01595495]	0.00025579799945845414	36992
289	[ 0.01575994 -0.03667395]	0.0015933542795420286	37120
290	[ 0.06319328 -0.00414101]	0.004010538530486191	37248
291	[ 0.0121651  -0.00633721]	0.0001881497095107711	37376
292	[-0.01600695 -0.01506501]	0.00048317686098656913	37504
293	[0.0226656  0.02454647]	0.001116258425799562	37632
294	[-0.03162893  0.00281109]	0.0010082913692234822	37760
295	[ 0.01560711 -0.03024854]	0.0011585560909739198	37888
296	[0.00694481 0.00525616]	7.585763896717064e-05	38016
297	[-0.03071655  0.03301578]	0.002033548349678791	38144
298	[0.02524486 0.00166718]	0.0006400826518523553	38272
299	[ 0.00477532 -0.01377034]	0.0002124258185329589	38400
300	[-0.02951527 -0.02809298]	0.0016603666668390474	38528
301	[ 0.02392735 -0.00872202]	0.000648591838762453	38656
302	[-0.00601742 -0.02544931]	0.0006838765080288847	38784
303	[ 0.05718122 -0.01440247]	0.0034771224937879446	38912
304	[0.03094808 0.0006104 ]	0.000958156033667702	39040
305	[-0.00578028  0.00772361]	9.306577112301744e-05	39168
306	[ 0.03138142 -0.02847198]	0.0017954470699876922	39296
307	[-0.02135892  0.02018005]	0.0008634379771559307	39424
308	[-0.0193256   0.05063794]	0.002937680315784358	39552
309	[ 0.04017736 -0.00178758]	0.0016174152821114584	39680
310	[ 0.00488312 -0.05182064]	0.0027092240327762744	39808
311	[0.02787564 0.054828  ]	0.003783160995288116	39936
312	[-0.03420353 -0.00747055]	0.0012256905144007973	40064
313	[-0.02397221 -0.04638837]	0.0027265481984966567	40192
314	[-0.00183127  0.01736898]	0.0003050351582297396	40320
315	[-0.01250437 -0.01403742]	0.00035340843550019395	40448
316	[ 0.02069792 -0.0024694 ]	0.00043450171747580376	40576
317	[-0.03717145 -0.0358218 ]	0.0026649185615783377	40704
318	[-0.02986361 -0.04761883]	0.00315938752753125	40832
319	[0.01932451 0.0149609 ]	0.0005972650697532678	40960
320	[ 0.05725259 -0.01750391]	0.0035842461980162637	41088
321	[-0.01601396 -0.00846647]	0.00032812794897663176	41216
322	[ 0.0676486  -0.04326213]	0.006447944742515158	41344
323	[-0.02140138 -0.0368447 ]	0.0018155511265697897	41472
324	[0.02608352 0.03032817]	0.001600147820217743	41600
325	[0.05128739 0.04760915]	0.004897027671273856	41728
326	[-0.0200115  -0.04931635]	0.0028325627362822555	41856
327	[ 0.00195896 -0.0315765 ]	0.0010009128074967132	41984
328	[0.01636702 0.00916524]	0.00035188096118833395	42112
329	[-0.00563304  0.04552151]	0.0021039393490526774	42240
330	[-0.00905665 -0.00836024]	0.000151916459193887	42368
331	[ 0.05873688 -0.02816341]	0.004243198650326439	42496
332	[0.02198971 0.0630427 ]	0.0044579297082495755	42624
333	[ 0.05573685 -0.01492501]	0.003329351834542524	42752
334	[0.01909772 0.00073954]	0.0003652697693026966	42880
335	[0.01734982 0.02744542]	0.001054267243065828	43008
336	[ 0.01831829 -0.03957497]	0.0019017380317943307	43136
337	[-0.0164544   0.01428663]	0.0004748550961613967	43264
338	[-0.03272659  0.04038287]	0.002701805649323637	43392
339	[ 0.0103426  -0.02942806]	0.0009729802674388812	43520
340	[-0.01137997  0.00332473]	0.00014055762009924737	43648
341	[-0.02351718 -0.03733622]	0.0019470509813119558	43776
342	[-0.00523166 -0.02962249]	0.0009048620861905993	43904
343	[ 0.01820391 -0.02397146]	0.0009060133672908358	44032
344	[0.0048084  0.00375957]	3.725511006738145e-05	44160
345	[0.07701461 0.02495951]	0.006554226704951191	44288
346	[0.00325893 0.02511497]	0.0006413824069213995	44416
347	[-0.02908565 -0.02092382]	0.001283781356432354	44544
348	[0.02853601 0.01296864]	0.0009824893297529919	44672
349	[0.01244992 0.00499319]	0.00017993259773477742	44800
350	[-0.00505543 -0.03062005]	0.000963144832639437	44928
351	[-0.02154018 -0.00643259]	0.0005053576932769271	45056
352	[-0.00244364 -0.02254759]	0.0005143652656075981	45184
353	[0.02204493 0.05646241]	0.003673982223956973	45312
354	[-0.03754963  0.01683741]	0.0016934731016310023	45440
355	[0.00653575 0.02995006]	0.0009397218689928434	45568
356	[-0.01317489  0.01766023]	0.000485461608954615	45696
357	[0.03353072 0.01073887]	0.0012396324639877016	45824
358	[-0.01757664 -0.03843118]	0.0017858936954888592	45952
359	[0.01476752 0.04583924]	0.0023193160073030953	46080
360	[-0.02931649  0.00674103]	0.0009048983394631216	46208
361	[-0.01960284 -0.01313352]	0.0005567607575968675	46336
362	[0.013379   0.00311603]	0.0001887071832782397	46464
363	[-0.01963937 -0.01324034]	0.0005610114405631148	46592
364	[-0.00566895  0.02180397]	0.0005075502634310198	46720
365	[-0.07599194  0.01213327]	0.005921991474209894	46848
366	[-0.05723087 -0.00316937]	0.003285416876867525	46976
367	[-0.01814881  0.01423662]	0.0005320605065864429	47104
368	[-0.00960905  0.00594512]	0.00012767835315422005	47232
369	[-0.01236427 -0.00737456]	0.0002072592789807827	47360
370	[ 0.02526776 -0.02319285]	0.0011763676306516925	47488
371	[0.01434903 0.03717973]	0.001588226711353754	47616
372	[-0.04105051 -0.00586898]	0.0017195894045419326	47744
373	[-0.00351307 -0.00908355]	9.485264071436834e-05	47872
374	[-0.03927896 -0.00043295]	0.0015430239905273532	48000
375	[-0.03226123 -0.00926085]	0.001126550525886053	48128
376	[ 0.02795444 -0.01391703]	0.000975134215013752	48256
377	[0.00321512 0.03123923]	0.0009862267279846064	48384
378	[ 0.03078363 -0.03371775]	0.0020845185351596445	48512
379	[-0.04305775 -0.01516869]	0.002084058702209652	48640
380	[-0.03111671 -0.00631676]	0.0010081509280340216	48768
381	[-0.02685439 -0.02811239]	0.0015114647370275214	48896
382	[0.00643826 0.01908145]	0.00040555308314054665	49024
383	[0.04237721 0.05552892]	0.004879288681865747	49152
384	[-0.02362872  0.06659839]	0.004993662201603779	49280
385	[0.01573469 0.0032297 ]	0.00025801155986728436	49408
386	[ 0.00864333 -0.05923628]	0.0035836434513398623	49536
387	[ 0.01270499 -0.00504534]	0.00018687233720619502	49664
388	[-0.03484552  0.02115892]	0.0016619105299112754	49792
389	[-0.04736463 -0.01144228]	0.0023743341454253416	49920
390	[ 0.01057428 -0.05894881]	0.003586778057085547	50048
391	[ 0.01771954 -0.01197279]	0.0004573297233725314	50176
392	[0.01715047 0.01745307]	0.0005987483300745858	50304
393	[-0.00482597  0.00207745]	2.760582678213845e-05	50432
394	[-0.00402443  0.02928827]	0.0008739990230722962	50560
395	[0.01217886 0.01295782]	0.00031622953466854843	50688
396	[ 0.01296079 -0.01029773]	0.0002740254517463253	50816
397	[-0.0117208  -0.01690019]	0.00042299347956314905	50944
398	[ 0.00276367 -0.04139146]	0.0017208911675272358	51072
399	[-0.00542028 -0.03936156]	0.0015787114295099894	51200
400	[ 0.03023762 -0.0209489 ]	0.0013531701041606548	51328
401	[ 0.04379802 -0.02788747]	0.002695977463122675	51456
402	[-0.04091468 -0.03300678]	0.002763458502181666	51584
403	[-0.00285476  0.011585  ]	0.00014236179250434673	51712
404	[-0.01113044 -0.00495598]	0.00014844838117533205	51840
405	[-0.01822917 -0.0223182 ]	0.0008304049410238115	51968
406	[-5.83685976e-02 -7.59414693e-05]	0.0034068989474885752	52096
407	[-0.04497072  0.0479427 ]	0.004320867910917469	52224
408	[0.02030454 0.05327388]	0.003250380769509254	52352
409	[-0.00720099 -0.0059641 ]	8.742472795575298e-05	52480
410	[ 1.93903084e-05 -3.70616216e-03]	1.3736013949041504e-05	52608
411	[ 0.04614339 -0.02651642]	0.0028323332665390662	52736
412	[ 0.04070003 -0.00223636]	0.0016614940801379767	52864
413	[-0.027776   -0.04488832]	0.0027864676790438966	52992
414	[-0.00608975 -0.05482296]	0.0030426415374021193	53120
415	[-0.02432907 -0.0132178 ]	0.0007666136666304615	53248
416	[ 0.00504378 -0.01829088]	0.0003599961901331902	53376
417	[0.01695872 0.01554067]	0.0005291106334550875	53504
418	[-0.01456281  0.0405709 ]	0.0018580732160637134	53632
419	[ 0.00782261 -0.04359351]	0.001961587224810258	53760
420	[ 0.00473397 -0.0141965 ]	0.0002239510210494107	53888
421	[-0.00047284  0.00850685]	7.259006268240309e-05	54016
422	[-0.03409858  0.03768237]	0.0025826741663776682	54144
423	[0.01793073 0.00889803]	0.0004006859170064724	54272
424	[ 0.03318465 -0.01390277]	0.001294507828664719	54400
425	[-0.01041456  0.00287657]	0.00011673772927973994	54528
426	[-0.01365444  0.02877572]	0.001014485904853139	54656
427	[0.00832246 0.02788546]	0.0008468623187431902	54784
428	[-0.03180254  0.03377162]	0.002151923497847735	54912
429	[ 0.00704578 -0.02396404]	0.0006239182955289819	55040
430	[-0.03119714 -0.04673147]	0.0031570914484924453	55168
431	[ 0.02371612 -0.02807061]	0.0013504131168904305	55296
432	[-0.0694828   0.05683901]	0.008058531725512241	55424
433	[-0.02151782 -0.01483409]	0.0006830668708927043	55552
434	[-0.00185808  0.02341532]	0.0005517295617645058	55680
435	[0.00534532 0.03326226]	0.0011349503425376133	55808
436	[-0.03983582  0.0219063 ]	0.002066778693575763	55936
437	[0.01847718 0.03332683]	0.001452083639039635	56064
438	[ 0.05763861 -0.0063043 ]	0.0033619539161310013	56192
439	[ 0.00230105 -0.00415665]	2.2572576221866656e-05	56320
440	[-0.02483119 -0.02728244]	0.001360919377807906	56448
441	[ 0.0025704  -0.05334019]	0.0028517831934214938	56576
442	[0.0040167  0.00198512]	2.0074610821530408e-05	56704
443	[ 0.0404845 -0.0778675]	0.007702342369115309	56832
444	[0.05297848 0.06678435]	0.007266867986244622	56960
445	[ 0.03708116 -0.02341887]	0.0019234557306092629	57088
446	[-0.00117783 -0.02365478]	0.0005609360717162529	57216
447	[-0.00108594 -0.02607744]	0.0006812123375031315	57344
448	[-0.02249176  0.02214222]	0.0009961570618672866	57472
449	[-0.01234541  0.03229802]	0.0011955709472744244	57600
450	[0.01433348 0.02307786]	0.000738036265521096	57728
451	[-0.01623163  0.0298521 ]	0.0011546136646815358	57856
452	[ 0.02260036 -0.02781348]	0.0012843655970912879	57984
453	[-0.00798369  0.00358738]	7.660864223900844e-05	58112
454	[-0.03779774  0.0309279 ]	0.002385204617328248	58240
455	[ 0.00313783 -0.01417551]	0.00021079114264230907	58368
456	[-0.02245619 -0.0109671 ]	0.0006245578744130086	58496
457	[0.01080316 0.00937723]	0.00020464075566127392	58624
458	[ 0.00687509 -0.02182477]	0.000523587298398793	58752
459	[-0.05732466  0.00621531]	0.0033247464076218173	58880
460	[-0.00779922 -0.02954625]	0.0009338088199634621	59008
461	[-0.01177073 -0.05495181]	0.0031582513878449	59136
462	[ 0.02457795 -0.00929918]	0.0006905501206462344	59264
463	[ 0.0168165  -0.00943033]	0.0003717258647214335	59392
464	[-0.01101108 -0.01968421]	0.0005087117452980951	59520
465	[-0.01468847 -0.06825591]	0.004874620224746556	59648
466	[ 0.01703882 -0.02017002]	0.0006971512289969796	59776
467	[ 0.00060362 -0.00796295]	6.377287671633963e-05	59904
468	[0.00418981 0.02608811]	0.0006981440125141567	60032
469	[-0.00113849  0.07617122]	0.005803351522883915	60160
470	[0.00391874 0.01460706]	0.00022872278017007839	60288
471	[0.02225288 0.0330089 ]	0.0015847777312864258	60416
472	[0.05091791 0.04692012]	0.004794131819261237	60544
473	[0.00494252 0.01014547]	0.00012735919689112657	60672
474	[0.00871435 0.00355144]	8.855257245922502e-05	60800
475	[0.0064805  0.02783403]	0.0008167302354740662	60928
476	[ 0.02239626 -0.02085919]	0.0009366983980085251	61056
477	[0.03695744 0.02113033]	0.0018123430971863975	61184
478	[-0.00222939  0.00816563]	7.16477526690008e-05	61312
479	[-0.00534417 -0.02622904]	0.000716522767052113	61440
480	[ 0.00665916 -0.02832004]	0.0008463688411326092	61568
481	[-0.01754112  0.01550477]	0.0005480887615549957	61696
482	[-0.02239077  0.02411475]	0.0010828676549546517	61824
483	[ 0.00656806 -0.01378894]	0.00023327438674515657	61952
484	[-0.01099565  0.01702988]	0.00041092110245755505	62080
485	[ 0.00869772 -0.02876024]	0.0009028015660796576	62208
486	[0.00769676 0.02026056]	0.0004697306200483255	62336
487	[ 0.00528211 -0.00540798]	5.714692462135562e-05	62464
488	[0.01295271 0.01830613]	0.0005028870419047672	62592
489	[-0.04024706  0.0048135 ]	0.0016429953370241442	62720
490	[-0.04533082 -0.01421387]	0.0022569175783023823	62848
491	[ 0.01926196 -0.01650416]	0.0006434103194126817	62976
492	[0.01678238 0.00231671]	0.00028701559834517067	63104
493	[0.01720847 0.02415174]	0.000879438097668845	63232
494	[0.01976907 0.01352461]	0.0005737312978029601	63360
495	[0.02886816 0.00800876]	0.0008975107656449851	63488
496	[ 0.10931019 -0.01645218]	0.012219391363420276	63616
497	[0.01176614 0.02089467]	0.0005750292306683627	63744
498	[-0.01311247 -0.05089684]	0.0027624252644895563	63872
499	[0.02293307 0.01096713]	0.0006462035808793572	64000
500	[-0.0302862  -0.01189173]	0.0010586668599801483	64128
501	[-0.03712647  0.04719001]	0.0036052719640527397	64256
502	[-0.07287193 -0.01362047]	0.005495834946395702	64384
503	[0.04523571 0.02798263]	0.002829296829908414	64512
504	[ 0.04436208 -0.0120698 ]	0.0021136741778158513	64640
505	[-0.06019006 -0.0063095 ]	0.0036626533258187106	64768
506	[0.00057537 0.03380824]	0.0011433278375710823	64896
507	[0.00409734 0.03595323]	0.001309423145158794	65024
508	[-0.00991251 -0.04889353]	0.0024888351642117774	65152
509	[-0.04216558  0.00352599]	0.0017903689787697654	65280
510	[0.04329415 0.02089949]	0.002311172359712522	65408
511	[ 0.02858179 -0.02481836]	0.0014328695724886375	65536
512	[-0.01564113 -0.00151725]	0.0002469469422346798	65664
513	[ 0.01176924 -0.01092403]	0.00025784948392512175	65792
514	[-0.00184845 -0.043012  ]	0.0018534491228413116	65920
515	[0.00325973 0.01490964]	0.0002329231690099648	66048
516	[ 0.03405532 -0.06424413]	0.005287073118060891	66176
517	[-0.00828443  0.02647508]	0.0007695618123001217	66304
518	[-0.02762318  0.00587432]	0.0007975475288788768	66432
519	[-0.00729955 -0.01941019]	0.0004300387870900591	66560
520	[0.00044141 0.03357173]	0.0011272557216545278	66688
521	[ 0.02007891 -0.01690233]	0.0006888514857542938	66816
522	[0.01295688 0.0045771 ]	0.0001888305456560604	66944
523	[ 0.01597988 -0.0421271 ]	0.0020300490834825958	67072
524	[-0.00660264  0.01595316]	0.00029809804154988257	67200
525	[-0.00579656  0.04570806]	0.0021228269819983272	67328
526	[0.01054775 0.00347529]	0.00012333264172421853	67456
527	[ 0.00017723 -0.01091346]	0.00011913493446646489	67584
528	[-0.05300209 -0.01805834]	0.0031353249900800376	67712
529	[-0.04209996 -0.00710703]	0.0018229166563953213	67840
530	[-0.01952397  0.02948689]	0.0012506622056895327	67968
531	[-0.020318    0.00529306]	0.00044083777689048984	68096
532	[0.04213915 0.00397479]	0.0017915070330710033	68224
533	[ 0.00601434 -0.00236278]	4.1754946292232663e-05	68352
534	[0.06834946 0.03002376]	0.005573074278538785	68480
535	[-0.03086494 -0.01702876]	0.0012426232420871665	68608
536	[-0.02651546  0.00694313]	0.0007512764863856302	68736
537	[0.01035398 0.03592869]	0.001398075626878314	68864
538	[0.01326567 0.0017888 ]	0.0001791778897087244	68992
539	[-0.0186367   0.01727038]	0.0006455927720641533	69120
540	[-0.00102528  0.03331195]	0.0011107370894677527	69248
541	[-0.01511255 -0.01512185]	0.0004570594845046437	69376
542	[-0.01527884 -0.01180441]	0.0003727869325912995	69504
543	[-0.04670034 -0.0354114 ]	0.003434889100250804	69632
544	[-0.01302341  0.02386675]	0.000739231059480557	69760
545	[-0.04531144  0.02599192]	0.0027287063321514804	69888
546	[-0.0041755  -0.02378782]	0.0005832950585392434	70016
547	[0.00726514 0.05449321]	0.003022292511392214	70144
548	[-0.01893538 -0.02837093]	0.0011634586776899456	70272
549	[0.04056286 0.00028179]	0.0016454249927790846	70400
550	[-0.04559914 -0.00903159]	0.0021608509506082854	70528
551	[-0.02270515  0.04572967]	0.0026067262369935487	70656
552	[ 0.04825343 -0.03669163]	0.003674669188676482	70784
553	[-0.05224689 -0.03717689]	0.0041118589726473025	70912
554	[-0.03904     0.01032997]	0.001630829930533094	71040
555	[-0.00175917  0.03365602]	0.0011358224545343087	71168
556	[-0.06201151 -0.06539388]	0.008121786846020891	71296
557	[0.01291716 0.0300538 ]	0.0010700836996845563	71424
558	[0.00645582 0.00106069]	4.2802637362189896e-05	71552
559	[ 0.04277156 -0.02907584]	0.0026748102865784187	71680
560	[-0.00298837 -0.00181699]	1.2231786510373916e-05	71808
561	[-0.01356467  0.0455827 ]	0.0022617826572248452	71936
562	[-0.00815546  0.02917296]	0.0009175733344647394	72064
563	[-0.00712375 -0.00906964]	0.00013300604936902037	72192
564	[-0.02764094  0.04196242]	0.002524865895581024	72320
565	[-0.0432003  -0.03508142]	0.0030969719804105687	72448
566	[-0.0622618  -0.00865591]	0.003951456361051564	72576
567	[-0.01986556 -0.04436715]	0.0023630844092259093	72704
568	[-0.0215161  -0.00822335]	0.0005305658714258429	72832
569	[-0.01821682  0.00889629]	0.0004109965199610668	72960
570	[-0.03705053  0.01388569]	0.0015655537516053102	73088
571	[0.00428756 0.01689809]	0.0003039285448084536	73216
572	[0.02128527 0.01359485]	0.0006378825381224	73344
573	[-0.01624262  0.00182178]	0.00026714157526790773	73472
574	[-0.00565153 -0.0138058 ]	0.00022253979799507196	73600
575	[0.0027469  0.02067425]	0.0004349702620760612	73728
576	[-0.07773411 -0.03382092]	0.007186446218439185	73856
577	[-0.03930096  0.00610594]	0.001581848278442297	73984
578	[0.00042118 0.01306292]	0.00017081722194504757	74112
579	[ 0.01749068 -0.03241453]	0.0013566255150416636	74240
580	[-0.02415446 -0.02529031]	0.0012230377378336422	74368
581	[0.02313391 0.0395644 ]	0.002100519787180165	74496
582	[0.03538862 0.00689547]	0.0012999016071995981	74624
583	[-0.00378447  0.0038402 ]	2.906933645160297e-05	74752
584	[-0.02739538 -0.00797236]	0.0008140650844125869	74880
585	[-0.02360699  0.00233408]	0.000562737795485427	75008
586	[0.0079304  0.03916793]	0.0015970180216305545	75136
587	[-0.03823025  0.01387051]	0.0016539432238579827	75264
588	[-0.00630349 -0.06945556]	0.00486380926697718	75392
589	[ 0.04215725 -0.00936401]	0.0018649182962591922	75520
590	[ 0.01045177 -0.01242353]	0.0002635834922969875	75648
591	[0.01448894 0.01036408]	0.0003173436175923918	75776
592	[-0.03806945 -0.0155089 ]	0.0016898088427064477	75904
593	[-0.03718097 -0.01890355]	0.0017397687736170958	76032
594	[-0.01368504  0.00073014]	0.00018781348941128553	76160
595	[-0.06665863 -0.00319626]	0.004453589592482987	76288
596	[0.00801094 0.00124245]	6.571886148908383e-05	76416
597	[0.00067963 0.05972142]	0.0035671098722539155	76544
598	[ 0.03601829 -0.04065135]	0.0029498493536245464	76672
599	[ 0.02146583 -0.01774497]	0.0007756656625974086	76800
600	[ 0.03238486 -0.01258138]	0.0012070703644668427	76928
601	[ 0.02896199 -0.01867152]	0.0011874227980256894	77056
602	[0.02604672 0.03507068]	0.0019083841410226596	77184
603	[-0.05313358 -0.00615849]	0.0028611041496289444	77312
604	[-0.02033751  0.04366983]	0.0023206682031201463	77440
605	[0.01613555 0.00090066]	0.00026116711794819085	77568
606	[-0.00713356  0.03632285]	0.001370236757087396	77696
607	[ 0.00837072 -0.01602071]	0.00032673223460927763	77824
608	[-0.00209263  0.0519972 ]	0.0027080876212639995	77952
609	[-0.02830301 -0.01766292]	0.0011130391385475646	78080
610	[-0.01987064  0.04277481]	0.0022245264671890037	78208
611	[0.01050984 0.04988097]	0.0025985673272220654	78336
612	[ 0.05654529 -0.00764837]	0.003255867159883005	78464
613	[-0.00622912 -0.02896156]	0.0008775737311345358	78592
614	[0.00783062 0.0100855 ]	0.00016303575338226105	78720
615	[-0.04192559 -0.04829015]	0.004089694377946235	78848
616	[ 0.03178138 -0.01113429]	0.0011340286847745702	78976
617	[-0.04875426  0.0082075 ]	0.002444341290902919	79104
618	[-0.02037772  0.00885763]	0.0004937089308945547	79232
619	[-0.00840694 -0.01193079]	0.00021302037513453066	79360
620	[ 0.0019586  -0.00393776]	1.9342091698098136e-05	79488
621	[-0.02356424 -0.03110066]	0.001522524333192238	79616
622	[0.04594862 0.01229441]	0.002262428524528824	79744
623	[-0.0228251  -0.02382936]	0.0010888233194282395	79872
624	[ 0.00456677 -0.02285742]	0.0005433169374317566	80000
625	[-0.00150153 -0.02985746]	0.0008937222238482394	80128
626	[-0.02914402  0.00286497]	0.000857582159457135	80256
627	[-0.01002699  0.04637229]	0.0022509294859950203	80384
628	[-0.00488207  0.00866937]	9.899262803460978e-05	80512
629	[ 0.02195111 -0.03449242]	0.001671578627089766	80640
630	[ 0.00075476 -0.02231283]	0.0004984321864847557	80768
631	[ 0.00627506 -0.0382432 ]	0.0015019190356332895	80896
632	[0.03935824 0.00069588]	0.0015495549582186573	81024
633	[-0.02292626  0.07239504]	0.005766654532632023	81152
634	[-0.06120217 -0.01085382]	0.0038635113806461748	81280
635	[0.01739613 0.02790205]	0.0010811497631195467	81408
636	[-0.04221452 -0.03327601]	0.002889358416146114	81536
637	[ 0.02507834 -0.00102958]	0.0006299831804913853	81664
638	[-0.03340038 -0.00690248]	0.0011632295024638062	81792
639	[ 0.01001375 -0.03345566]	0.0012195561506508385	81920
640	[-0.03540118 -0.03427986]	0.002428352238592007	82048
641	[ 0.01137133 -0.05293032]	0.002930925394493567	82176
642	[-0.00686697  0.02755173]	0.0008062529491715786	82304
643	[-0.03283663 -0.01140917]	0.0012084135210802555	82432
644	[-0.03397429  0.0069348 ]	0.0012023438676525603	82560
645	[-0.00518256 -0.02441914]	0.0006231533234540727	82688
646	[-0.03024024  0.00050193]	0.0009147238127227558	82816
647	[-0.00601361  0.00052556]	3.6439723395384326e-05	82944
648	[ 0.00153814 -0.01365567]	0.0001888432858782041	83072
649	[0.04088476 0.03528802]	0.0029168077294081008	83200
650	[-0.03590312  0.00970886]	0.0013832961295249947	83328
651	[ 0.02326472 -0.02188681]	0.0010202797661078482	83456
652	[-0.00716098  0.01152538]	0.0001841140386020897	83584
653	[ 0.01082776 -0.02271695]	0.0006333001878083191	83712
654	[-0.06062751 -0.03774963]	0.0051007294565893905	83840
655	[-0.00133018  0.01107878]	0.0001245087939966624	83968
656	[-0.03419092  0.03929752]	0.002713313824042321	84096
657	[0.01015373 0.01901007]	0.00046448090573646524	84224
658	[-0.00090063  0.07398164]	0.005474094118160959	84352
659	[-0.05809263 -0.03477561]	0.004584096907299712	84480
660	[ 0.02533399 -0.06727036]	0.005167111946167546	84608
661	[0.0688967  0.00451233]	0.0047671161289888795	84736
662	[ 0.04941203 -0.00197102]	0.002445433186798782	84864
663	[ 0.00149496 -0.03673066]	0.001351375979762571	84992
664	[-0.03208404 -0.00820379]	0.0010966879318394047	85120
665	[ 0.00436163 -0.04920081]	0.002439743379113488	85248
666	[0.00745234 0.03137435]	0.0010398873493586355	85376
667	[-0.03878016  0.00546026]	0.0015337153000159983	85504
668	[-0.02577997 -0.02919534]	0.001516974634478008	85632
669	[0.04264135 0.00419139]	0.0018358527823713322	85760
670	[-0.03469262 -0.03787498]	0.0026380924384062764	85888
671	[-0.00642447 -0.02876402]	0.0008686425960709208	86016
672	[-0.00683368 -0.01941459]	0.0004236253941088783	86144
673	[-0.02229007 -0.02755036]	0.0012558693974834205	86272
674	[ 0.03321796 -0.00775215]	0.0011635284835695928	86400
675	[-0.00501524 -0.01981343]	0.00041772486775706153	86528
676	[0.01725525 0.0352578 ]	0.0015408560451872315	86656
677	[-0.00522983  0.02985993]	0.0009189664438294634	86784
678	[0.03033809 0.01178931]	0.0010593877408850258	86912
679	[-0.00399137  0.00402228]	3.2109829534992354e-05	87040
680	[-0.07925845 -0.01196236]	0.006424999245627856	87168
681	[-0.05434191  0.01283566]	0.0031177974964114127	87296
682	[0.02982198 0.00238071]	0.0008950180033119099	87424
683	[-0.0062412  -0.03081435]	0.0009884768013870993	87552
684	[0.01125829 0.03130763]	0.0011069165951653505	87680
685	[-0.0619933  -0.01753364]	0.004150597441323194	87808
686	[0.05597529 0.02290578]	0.003657908399981412	87936
687	[-0.0216631  -0.01694944]	0.0007565736169291215	88064
688	[-0.04235489  0.03194278]	0.0028142783317522397	88192
689	[ 0.03063316 -0.04719418]	0.0031656811357151466	88320
690	[-0.01133585 -0.01136722]	0.0002577151658727365	88448
691	[-0.05053494 -0.01364158]	0.0027398731725544025	88576
692	[0.02833179 0.03565574]	0.0020740216735385506	88704
693	[ 0.00892543 -0.02291045]	0.0006045518124589187	88832
694	[-0.03575873  0.0061384 ]	0.0013163670629918703	88960
695	[ 0.01322542 -0.04555688]	0.0022503409837023648	89088
696	[-0.05421558 -0.00265585]	0.0029463825165172504	89216
697	[0.01781841 0.00021883]	0.00031754369743189646	89344
698	[0.03147344 0.04740125]	0.003237456319266574	89472
699	[-0.01603799  0.03117228]	0.001228928374292609	89600
700	[-0.00084244 -0.0095999 ]	9.286774491956905e-05	89728
701	[0.02573774 0.04556   ]	0.002738144367292334	89856
702	[ 0.00870633 -0.03275407]	0.0011486292027785901	89984
703	[-0.01173448  0.01079571]	0.0002542453144250584	90112
704	[ 0.03458518 -0.00412445]	0.0012131458236026413	90240
705	[ 0.02835672 -0.00918654]	0.0008884962273069212	90368
706	[ 0.01786962 -0.01061772]	0.0004320593565963675	90496
707	[0.02913781 0.003499  ]	0.0008612547429992508	90624
708	[ 0.0236764  -0.04628079]	0.0027024837203932714	90752
709	[-0.02024917 -0.03287432]	0.0014907495085852967	90880
710	[-0.00335136 -0.00037964]	1.1375757073034917e-05	91008
711	[ 0.00317106 -0.06440287]	0.0041577857462110545	91136
712	[ 0.01459717 -0.04266495]	0.002033375700780261	91264
713	[-0.01831262  0.04594336]	0.00244614388060899	91392
714	[ 0.01737955 -0.00943726]	0.0003911104999880472	91520
715	[0.04719018 0.00293871]	0.0022355495168377894	91648
716	[-0.03111252  0.0089633 ]	0.0010483299462383997	91776
717	[-0.00510351  0.00605865]	6.275303525335944e-05	91904
718	[-0.00546445 -0.02741127]	0.0007812380701176948	92032
719	[ 0.02829681 -0.01485356]	0.0010213377104673358	92160
720	[0.05809513 0.00190832]	0.003378685600352844	92288
721	[-0.02178988  0.02838046]	0.0012802492142214618	92416
722	[0.0435644  0.00731221]	0.0019513256880043515	92544
723	[-0.00221694 -0.04013766]	0.0016159462499745322	92672
724	[-0.01388085  0.02647626]	0.0008936700579843463	92800
725	[-0.0184129  -0.02307207]	0.0008713549695527748	92928
726	[-0.03234829  0.00010047]	0.0010464216994265133	93056
727	[0.00587885 0.00193846]	3.83185515950092e-05	93184
728	[ 0.02266182 -0.01931648]	0.0008866845616246216	93312
729	[0.02126938 0.00897478]	0.0005329333279696079	93440
730	[-0.01169937  0.03345073]	0.001255826290147327	93568
731	[ 0.01104903 -0.0419738 ]	0.0018838808456911836	93696
732	[ 0.00806373 -0.02059697]	0.000489259078440944	93824
733	[ 0.00210425 -0.01664738]	0.00028156306337959403	93952
734	[0.01978373 0.01029236]	0.0004973285611647179	94080
735	[-0.0124842  -0.00374882]	0.00016990887926038553	94208
736	[-0.01905139 -0.01565668]	0.0006080869924994586	94336
737	[ 0.01002719 -0.008981  ]	0.00018120288492849107	94464
738	[0.01934727 0.00922749]	0.0004594632221094426	94592
739	[ 0.07028655 -0.02763999]	0.005704168186932665	94720
740	[-0.01400649  0.01982317]	0.0005891396852761229	94848
741	[0.02160411 0.0074607 ]	0.0005223994482672654	94976
742	[0.05394227 0.05088047]	0.005498590787835416	95104
743	[0.01344491 0.04148836]	0.0019020491424287347	95232
744	[0.02506566 0.02771419]	0.0013963638240594976	95360
745	[-0.02346052  0.07509726]	0.006189993969224835	95488
746	[0.00911014 0.03787126]	0.001517227184354155	95616
747	[-0.03229242  0.02568924]	0.0017027377195636606	95744
748	[-0.04614244  0.01549539]	0.0023692315537047785	95872
749	[0.01324467 0.06500318]	0.004400835124513728	96000
750	[-0.05485619  0.01995731]	0.003407496274042298	96128
751	[-0.01329264  0.01574874]	0.0004247170014988373	96256
752	[ 0.01346955 -0.05716025]	0.003448722650235663	96384
753	[ 0.00516362 -0.03342784]	0.0011440832190012663	96512
754	[-0.02967607 -0.00644804]	0.0009222461375489392	96640
755	[-0.03193856 -0.01442838]	0.0012282497730046157	96768
756	[-0.02338321 -0.04272036]	0.002371804197515052	96896
757	[-0.04685719  0.03465345]	0.00339645792791932	97024
758	[ 0.01833838 -0.05537723]	0.00340293408608488	97152
759	[-0.03390628 -0.02656784]	0.001855485829896134	97280
760	[-0.00153738 -0.00961829]	9.487501448664524e-05	97408
761	[-0.03562806 -0.03359667]	0.0023980947279005948	97536
762	[-0.00725217  0.07227203]	0.0052758400168812815	97664
763	[-0.00990684 -0.01196552]	0.00024131916325994274	97792
764	[ 0.03523765 -0.04175365]	0.0029850595648164384	97920
765	[-0.02928727  0.00287691]	0.0008660210219918086	98048
766	[-0.03064917 -0.0016581 ]	0.0009421210653310688	98176
767	[0.00282085 0.07094114]	0.005040601993739511	98304
768	[ 0.03774529 -0.0121862 ]	0.0015732099434359638	98432
769	[0.06438422 0.01893642]	0.0045039163398930375	98560
770	[ 0.0132372  -0.02339155]	0.0007223877881085369	98688
771	[-0.01298917  0.03162015]	0.0011685523168930188	98816
772	[ 0.00874577 -0.01521125]	0.0003078706589761349	98944
773	[-0.00519193  0.00257968]	3.361090607970933e-05	99072
774	[ 0.04697638 -0.01959087]	0.0025905819384427617	99200
775	[0.0009216  0.02773425]	0.0007700380988045752	99328
776	[ 0.00500155 -0.04941776]	0.0024671306475589107	99456
777	[ 0.09039303 -0.06414551]	0.012285546457978257	99584
778	[0.00935759 0.03698269]	0.0014552840728932624	99712
779	[0.04453482 0.0286984 ]	0.0028069479455916048	99840
780	[-0.0654098   0.04005042]	0.00588247884873738	99968
781	[-0.0144842  -0.02665386]	0.0009202203491912299	100096
Result: mean = 0.03814456878208594 std = 1.016362186516827