#GEN	x_best	f(x_best)	#eval
0	[4.09752479 2.20761843]	21.663288514760588	128
1	[ 0.03602732 -0.2511906 ]	0.06439468529346552	256
2	[0.30462781 0.06598472]	0.09715208719239612	384
3	[ 0.03046891 -0.03518746]	0.0021665123080302304	512
4	[-0.07169826  0.03571973]	0.00641654043486368	640
5	[0.02017689 0.0236705 ]	0.0009673994360916899	768
6	[ 0.03593228 -0.01046256]	0.0014005935384233165	896
7	[ 0.01859031 -0.03261962]	0.0014096389137011577	1024
8	[ 0.01325879 -0.00844165]	0.00024705680019017004	1152
9	[-0.04808529 -0.00850158]	0.002384472477650602	1280
10	[-0.0214415  -0.07500747]	0.006085857725026807	1408
11	[-0.00847959 -0.03598517]	0.0013668356595789698	1536
12	[-0.02785171 -0.02215024]	0.001266351137234622	1664
13	[ 0.05717977 -0.02540165]	0.003914769595526567	1792
14	[0.018771   0.02241278]	0.0008546830854614916	1920
15	[0.03559607 0.03791098]	0.002704322733979465	2048
16	[-0.01315426 -0.01453548]	0.00038431480779980396	2176
17	[-0.02898662 -0.03280627]	0.001916475204319684	2304
18	[-0.01152771  0.00336768]	0.0001442292874111786	2432
19	[-0.03070311  0.03242842]	0.001994283709046082	2560
20	[0.02502601 0.03000605]	0.0015266640257056243	2688
21	[ 0.00413191 -0.0337235 ]	0.0011543469677919732	2816
22	[-0.01346835  0.02194306]	0.0006628944247143813	2944
23	[-0.00743096  0.03738899]	0.001453155460274206	3072
24	[0.04765643 0.03996252]	0.0038681384449315978	3200
25	[0.01952251 0.00203141]	0.000385255173360613	3328
26	[0.03467791 0.00267031]	0.001209687876462618	3456
27	[-0.00597134  0.00365435]	4.9011250982444695e-05	3584
28	[ 0.03132331 -0.0236684 ]	0.0015413429754810156	3712
29	[-0.02378008 -0.02821493]	0.0013615745948293073	3840
30	[-0.02864154 -0.00074368]	0.0008208908075651679	3968
31	[-0.05040839  0.02926173]	0.003397254808687928	4096
32	[-0.04321503 -0.0067013 ]	0.0019124466543707524	4224
33	[-0.03754763 -0.00749532]	0.0014660045488932107	4352
34	[-0.01926872  0.03865927]	0.0018658224598147217	4480
35	[0.0198988  0.02070978]	0.000824857318001447	4608
36	[ 0.01446986 -0.02712577]	0.0009451841972740148	4736
37	[-0.05596862  0.02844013]	0.003941327657426058	4864
38	[0.00485761 0.00756988]	8.089945873040765e-05	4992
39	[-0.00501999 -0.04837333]	0.0023651792948135063	5120
40	[-0.05843683 -0.01665188]	0.0036921484100919002	5248
41	[-0.00229907 -0.00782196]	6.64687674344744e-05	5376
42	[0.02715794 0.00547592]	0.0007675395952052473	5504
43	[-0.00336526  0.02735606]	0.0007596790904356616	5632
44	[-0.04639795 -0.00188066]	0.002156306672295781	5760
45	[ 0.00032177 -0.00468119]	2.2017084079399055e-05	5888
46	[ 0.04048965 -0.02780604]	0.0024125873486444765	6016
47	[-0.0275762  -0.00422525]	0.0007782995267960088	6144
48	[-0.00096883  0.01335257]	0.0001792296870397139	6272
49	[-0.00733776 -0.0303616 ]	0.000975669686414448	6400
50	[ 0.00233712 -0.01311572]	0.00017748421205929758	6528
51	[-0.05804222 -0.00900173]	0.003449930132720216	6656
52	[0.00669913 0.0807143 ]	0.0065596769897484355	6784
53	[-0.01698191  0.03739314]	0.001686632173033064	6912
54	[-0.00382257  0.02642593]	0.0007129419820150599	7040
55	[-0.05659646 -0.03042642]	0.004128926943603324	7168
56	[ 0.0007534  -0.02404878]	0.0005789115161255633	7296
57	[ 0.00014858 -0.01093219]	0.00011953485334803747	7424
58	[-0.04751017  0.00214371]	0.0022618115241845008	7552
59	[-0.02374393 -0.02647764]	0.0012648396242328694	7680
60	[ 0.00446349 -0.04026856]	0.0016414793368155162	7808
61	[0.00311544 0.02698785]	0.0007380499298619494	7936
62	[-0.05701725 -0.00508482]	0.003276822101009145	8064
63	[ 0.02580542 -0.00994795]	0.0007648812107323525	8192
64	[-0.01805079  0.01847243]	0.0006670617079513176	8320
65	[-0.0214316  -0.05049917]	0.0030094794393013095	8448
66	[-0.07239901 -0.0421442 ]	0.00701775043494797	8576
67	[ 0.03225247 -0.02584209]	0.0017080354212695565	8704
68	[-0.0476214   0.04736782]	0.004511507816279675	8832
69	[-0.00891353 -0.05702357]	0.0033311388980394514	8960
70	[ 0.00239405 -0.02010312]	0.0004098670300753354	9088
71	[-0.02412378 -0.00912514]	0.0006652250553956815	9216
72	[ 0.02906873 -0.01341775]	0.0010250269751436206	9344
73	[ 0.03068161 -0.01596415]	0.0011962153635318709	9472
74	[ 0.02936092 -0.00021532]	0.0008621098505370454	9600
75	[-0.02818932  0.01036289]	0.0009020271496301015	9728
76	[-0.00167676 -0.02845202]	0.0008123286988248256	9856
77	[-0.00505576 -0.03065155]	0.0009650784643879264	9984
78	[0.0002196  0.00815137]	6.649313175695878e-05	10112
79	[ 0.0016768  -0.00696083]	5.126477508915517e-05	10240
80	[-0.04175477 -0.05446916]	0.004710349643805574	10368
81	[-0.03545283 -0.01480475]	0.0014760840686213503	10496
82	[ 0.01519921 -0.01501582]	0.0004564908479723798	10624
83	[ 0.0156349  -0.00420177]	0.00026210480686666526	10752
84	[-0.02595957 -0.03877234]	0.0021771940409925587	10880
85	[ 0.04094724 -0.01221453]	0.0018258714873106944	11008
86	[-0.00412101  0.00307245]	2.6422667764835654e-05	11136
87	[-0.02082999  0.02485463]	0.001051641032304353	11264
88	[-0.01005097  0.01344018]	0.00028166054409149396	11392
89	[ 0.05120406 -0.00554803]	0.0026526361264923503	11520
90	[-0.02193674  0.01301707]	0.0006506645931183054	11648
91	[-0.0089385  -0.00331295]	9.087246494453827e-05	11776
92	[ 0.03552127 -0.0170418 ]	0.001552183887020523	11904
93	[-0.06317828 -0.02352277]	0.00454481557753773	12032
94	[-0.03818089  0.02665363]	0.0021681963129441244	12160
95	[0.00238014 0.00037966]	5.809204951651001e-06	12288
96	[0.03939228 0.00065784]	0.0015521844420999498	12416
97	[0.02339957 0.01238625]	0.0007009589710434178	12544
98	[0.07964227 0.0524014 ]	0.009088797916720305	12672
99	[-0.01832322  0.02402553]	0.0009129662307300009	12800
100	[0.02114857 0.0042192 ]	0.0004650637300710044	12928
101	[-0.034441   -0.02251989]	0.0016933278196876252	13056
102	[0.0226626  0.00468585]	0.000535550419930219	13184
103	[-0.01845451 -0.02851781]	0.001153834441455395	13312
104	[-0.0301822  0.0270987]	0.0016453043550849144	13440
105	[-0.00735217 -0.02421774]	0.0006405535155041579	13568
106	[-0.01171698 -0.05190304]	0.0028312137076630076	13696
107	[-0.0085076  -0.00910483]	0.00015527704098983061	13824
108	[-0.02298467 -0.03282783]	0.0016059613950380552	13952
109	[-0.01415867  0.00751535]	0.00025694827757065787	14080
110	[0.02779963 0.02623473]	0.0014610802112119655	14208
111	[ 0.00920552 -0.00903242]	0.0001663262060568855	14336
112	[ 0.01765853 -0.00261062]	0.0003186391014278352	14464
113	[0.01760256 0.00787394]	0.0003718490466305594	14592
114	[0.03152112 0.00970562]	0.0010877804227036592	14720
115	[0.03170518 0.03035634]	0.0019267257632376948	14848
116	[0.02925565 0.00158141]	0.0008583940899631009	14976
117	[-0.03876882  0.02377171]	0.0020681151452389994	15104
118	[-0.01196328 -0.04960818]	0.0026040917890214925	15232
119	[ 0.0379473  -0.01995139]	0.0018380552737704801	15360
120	[-0.0034017 -0.0077411]	7.14961975109147e-05	15488
121	[0.02568987 0.04228923]	0.0024483483358270167	15616
122	[-0.03309088  0.00789614]	0.0011573553732866636	15744
123	[0.0025157  0.02643739]	0.0007052642023773839	15872
124	[-0.00853107  0.03136629]	0.0010566235478009518	16000
125	[-0.03966171 -0.04704404]	0.0037861925750575995	16128
126	[-0.00721497 -0.01736794]	0.00035370101177637414	16256
127	[-0.02052229 -0.06445731]	0.004575908756194666	16384
128	[-0.02057127  0.05060981]	0.002984529815135222	16512
129	[-0.00970066 -0.02631975]	0.0007868318140376346	16640
130	[-0.06135946 -0.04884967]	0.0061512738636631415	16768
131	[-0.03188796  0.02118358]	0.001465585763275401	16896
132	[0.01477749 0.02311895]	0.000752860086304875	17024
133	[-0.04275796 -0.02523173]	0.0024648828974137365	17152
134	[-0.00554691  0.00836258]	0.00010070096784069472	17280
135	[-0.02032866  0.02372132]	0.0009759554739870041	17408
136	[ 0.01449407 -0.01191197]	0.0003519729518829146	17536
137	[-0.0326498   0.00960184]	0.0011582046043356069	17664
138	[-0.01248855 -0.00117116]	0.0001573354955205673	17792
139	[0.00884158 0.00874515]	0.00015465126917016105	17920
140	[ 0.01911657 -0.01811878]	0.0006937334229275343	18048
141	[-0.02211767 -0.03276568]	0.001562780787579378	18176
142	[ 0.0196859  -0.01489584]	0.0006094207254983109	18304
143	[0.02303848 0.02491169]	0.0011513636752633154	18432
144	[-0.01488586 -0.00269759]	0.0002288656830260316	18560
145	[-0.00618712  0.0208403 ]	0.0004725986430495519	18688
146	[-0.03481131  0.02750172]	0.001968171479462645	18816
147	[-0.0298991   0.03245551]	0.0019473167303470187	18944
148	[-0.02354548  0.03661204]	0.0018948310717510333	19072
149	[ 0.01193581 -0.01361769]	0.0003279048698844544	19200
150	[-0.01172052  0.01375148]	0.00032647379592624524	19328
151	[ 0.03423418 -0.03490912]	0.002390625504887524	19456
152	[ 0.00911782 -0.01907164]	0.00044686216994498134	19584
153	[-0.00668253 -0.01159551]	0.00017911210326950145	19712
154	[-0.01112564 -0.04555458]	0.0021989993631182743	19840
155	[-0.00458928 -0.06150182]	0.0038035348861390943	19968
156	[-0.02065977  0.02107075]	0.0008708026678012024	20096
157	[-0.02197308  0.03049433]	0.0014127206367316831	20224
158	[-0.04388995 -0.00753971]	0.0019831750669854205	20352
159	[ 0.00593236 -0.03472692]	0.0012411516440457566	20480
160	[0.00299771 0.0178723 ]	0.00032840540427744294	20608
161	[-0.03853303  0.00243693]	0.0014907333108252871	20736
162	[0.02916878 0.05176711]	0.0035306520710442478	20864
163	[0.04358023 0.00860803]	0.0019733341604340417	20992
164	[0.01078099 0.02826325]	0.0009150407238697979	21120
165	[-0.02762591  0.04095989]	0.002440903504111814	21248
166	[-0.00646749  0.03633951]	0.0013623885031794093	21376
167	[ 0.0465806  -0.01687966]	0.0024546748379620682	21504
168	[-0.01335547  0.06077768]	0.0038722954094192728	21632
169	[ 0.00500698 -0.00233848]	3.0538360205267914e-05	21760
170	[0.0126552  0.05437435]	0.003116724458601597	21888
171	[-0.00680863 -0.04202364]	0.0018123434457504534	22016
172	[-0.06180061 -0.00519551]	0.0038463091762004314	22144
173	[-0.06154913  0.01338813]	0.003967537321720661	22272
174	[ 0.01084587 -0.01950099]	0.0004979214888249883	22400
175	[0.00412234 0.00178964]	2.0196494529717792e-05	22528
176	[-0.02483962  0.00163741]	0.0006196877560718293	22656
177	[-0.03695878  0.01007356]	0.0014674280052335603	22784
178	[ 0.01902449 -0.02709928]	0.0010963019934084794	22912
179	[-0.02175623  0.07827841]	0.0066008436537464375	23040
180	[-0.01365108  0.03766005]	0.0016046316832771348	23168
181	[-0.01429116  0.02205295]	0.0006905701275019847	23296
182	[-0.00169075 -0.019938  ]	0.00040038242031264614	23424
183	[0.03381722 0.01608457]	0.0014023181138763184	23552
184	[-0.02154015 -0.01853046]	0.0008073557660278954	23680
185	[0.08722989 0.07933064]	0.013902404773240765	23808
186	[ 0.01702694 -0.02670179]	0.0010029021656067826	23936
187	[0.02420979 0.03585463]	0.0018716681012498975	24064
188	[-0.01080692 -0.03287625]	0.0011976372699014717	24192
189	[-0.04889558  0.04767427]	0.004663613297794378	24320
190	[-0.02682504  0.01004515]	0.0008204879471949901	24448
191	[ 0.00599236 -0.00098266]	3.6873981396772724e-05	24576
192	[0.02596802 0.01759331]	0.0009838625816929669	24704
193	[-0.00633862 -0.0458918 ]	0.0021462356322670953	24832
194	[-0.01237899 -0.02842566]	0.0009612577061922155	24960
195	[ 0.04463289 -0.03928663]	0.0035355342671356577	25088
196	[0.00969303 0.00971054]	0.00018824928966510438	25216
197	[-0.00107877 -0.00504956]	2.6661810482863502e-05	25344
198	[0.03553953 0.03271406]	0.00233326758244689	25472
199	[ 0.0094887  -0.01233878]	0.00024228104734925484	25600
200	[-0.03154501  0.02781954]	0.0017690143311704508	25728
201	[-0.02985055 -0.05927887]	0.004405039073789521	25856
202	[0.03251494 0.02180051]	0.001532483665292458	25984
203	[-0.01066913  0.00426992]	0.00013206249814300868	26112
204	[-0.00795993  0.00885464]	0.0001417652181939596	26240
205	[-0.03856302 -0.01434872]	0.0016929921304742104	26368
206	[0.02623405 0.01939889]	0.0010645422535193864	26496
207	[ 0.01379237 -0.00227678]	0.000195413262755313	26624
208	[-0.02690356 -0.03661901]	0.002064753049347082	26752
209	[0.00341324 0.00548773]	4.1765419394766065e-05	26880
210	[-0.04497277  0.02657868]	0.002728976624439098	27008
211	[ 0.0030846  -0.00558382]	4.069383563053543e-05	27136
212	[0.01468264 0.02887623]	0.0010494169290362738	27264
213	[-0.01755266  0.01179012]	0.00044710265515643025	27392
214	[-0.06271216  0.030923  ]	0.004889046457032447	27520
215	[0.02060683 0.05728232]	0.0037059051495570263	27648
216	[ 0.00306022 -0.02424203]	0.000597041181027965	27776
217	[-0.01328468 -0.04744576]	0.0024275832119898537	27904
218	[-0.02332257 -0.00068061]	0.0005444054828102261	28032
219	[0.03706845 0.00993856]	0.0014728451106386035	28160
220	[ 0.00628731 -0.03538779]	0.0012918258775220116	28288
221	[0.01560444 0.0322159 ]	0.001281362796624267	28416
222	[0.04379783 0.02331795]	0.002461976525824011	28544
223	[-0.00998239  0.02351898]	0.0006527903806050736	28672
224	[ 0.02675047 -0.01755726]	0.0010238450787098978	28800
225	[0.03467173 0.00356547]	0.0012148413053149946	28928
226	[ 0.02346533 -0.01403959]	0.0007477318388244899	29056
227	[-0.04839002  0.01693026]	0.002628227956171623	29184
228	[0.02070831 0.00568123]	0.000461110384742138	29312
229	[ 0.00229655 -0.01121961]	0.0001311537487479299	29440
230	[-0.02578908 -0.02331347]	0.0012085947921421849	29568
231	[-0.03977326 -0.00757168]	0.0016392424436308855	29696
232	[ 0.02302476 -0.01269119]	0.0006912058001128556	29824
233	[0.00522201 0.013803  ]	0.0002177923489225114	29952
234	[-0.0325364  -0.01235634]	0.0012112963114858525	30080
235	[0.00073545 0.00413543]	1.7642669695329822e-05	30208
236	[ 0.02579096 -0.02131884]	0.0011196666616312947	30336
237	[-0.00451915 -0.04280889]	0.0018530236322424933	30464
238	[-0.02273327  0.01052738]	0.000627627581761778	30592
239	[-0.08894523 -0.0374249 ]	0.00931187778011956	30720
240	[0.03196259 0.00484786]	0.0010451090834621896	30848
241	[-0.00545714 -0.01709314]	0.00032195591921142395	30976
242	[-0.02344042  0.00798428]	0.0006132020563994274	31104
243	[0.01424521 0.01004942]	0.0003039168344810203	31232
244	[0.0326389  0.00297315]	0.0010741375323814395	31360
245	[ 0.03640505 -0.00734542]	0.001379282481648965	31488
246	[ 0.00983643 -0.03532809]	0.0013448294588839498	31616
247	[ 0.0171054  -0.03154477]	0.0012876673658361658	31744
248	[-0.04365433  0.03675454]	0.0032565968380839647	31872
249	[-0.02756058 -0.02696687]	0.0014867980964404957	32000
250	[-0.00688132 -0.02222216]	0.0005411770683516078	32128
251	[-0.01047276 -0.04861123]	0.0024727305825928054	32256
252	[0.06036008 0.02809701]	0.004432781559941912	32384
253	[-0.02233934 -0.02194305]	0.0009805438542788401	32512
254	[ 0.02468245 -0.00612218]	0.0006467046114566506	32640
255	[0.01137988 0.00031879]	0.0001296032853163259	32768
256	[ 0.0534303  -0.00375555]	0.002868900618999801	32896
257	[ 0.00829343 -0.01738319]	0.0003709562825897901	33024
258	[-0.03134465 -0.05430499]	0.003931518364583976	33152
259	[-0.02366239 -0.00193594]	0.0005636566267753102	33280
260	[-0.04686278 -0.01151222]	0.002328651261071662	33408
261	[-0.0107865   0.05410441]	0.0030436361834378554	33536
262	[-0.02334355  0.03741816]	0.0019450400327533576	33664
263	[-0.01150389 -0.03415035]	0.0012985857706513024	33792
264	[0.01647799 0.03131887]	0.0012523957258340779	33920
265	[ 0.00680226 -0.03910127]	0.001575180321944841	34048
266	[ 0.00465149 -0.00397565]	3.744221526564072e-05	34176
267	[-0.00408787  0.02520957]	0.0006522331005492155	34304
268	[ 0.00970385 -0.06509617]	0.004331676377531895	34432
269	[-0.02814632 -0.04300469]	0.0026416192005884053	34560
270	[-0.03520967  0.02852427]	0.0020533546280238663	34688
271	[ 0.04987623 -0.01841189]	0.002826635802805476	34816
272	[0.0073167  0.01419485]	0.0002550278687976372	34944
273	[0.0016958  0.00319171]	1.3062763697517405e-05	35072
274	[-0.00837941  0.01724288]	0.00036753149159549905	35200
275	[ 0.00337588 -0.06440726]	0.004159691342522907	35328
276	[-0.00892409 -0.01194693]	0.00022236863614085147	35456
277	[-0.05390283 -0.008638  ]	0.0029801304492895406	35584
278	[0.01241818 0.05771753]	0.0034855248613565462	35712
279	[ 0.01171563 -0.06128874]	0.003893565572368255	35840
280	[-0.02554493 -0.02446085]	0.0012508766933992223	35968
281	[0.00967766 0.0181238 ]	0.0004221293160256939	36096
282	[ 2.03960277e-05 -2.71831739e-02]	0.0007389253594246844	36224
283	[-0.00963294 -0.01300215]	0.00026184957075955874	36352
284	[-0.00142756  0.00673643]	4.741748459532309e-05	36480
285	[ 0.02182766 -0.0137502 ]	0.0006655146075333961	36608
286	[0.01310101 0.00392335]	0.0001870291965728656	36736
287	[-0.00735704  0.02611344]	0.0007360376018236695	36864
288	[-0.02236467  0.01076112]	0.0006159800102642633	36992
289	[-0.03149444  0.00624896]	0.00103094956127131	37120
290	[-0.00512481 -0.01893196]	0.00038468262304058203	37248
291	[ 0.00612171 -0.01722477]	0.0003341680061475372	37376
292	[-0.02106181 -0.00026837]	0.0004436718712516618	37504
293	[0.0107704  0.00707549]	0.00016606398640692948	37632
294	[0.04413648 0.00156608]	0.0019504817825314303	37760
295	[0.00431034 0.00059853]	1.8937267141761486e-05	37888
296	[ 0.01922126 -0.00151538]	0.00037175324335315696	38016
297	[ 0.06267761 -0.01375357]	0.004117643630078091	38144
298	[-0.00056923 -0.02733335]	0.0007474362472347535	38272
299	[ 0.01079125 -0.01315156]	0.00028941482463675406	38400
300	[ 0.00924467 -0.01399898]	0.00028143533212884045	38528
301	[-0.03095717  0.03292639]	0.002042493661457722	38656
302	[-0.01175485  0.0081325 ]	0.00020431409743446684	38784
303	[ 0.00198004 -0.01150096]	0.00013619257790058834	38912
304	[-0.0013493   0.00949136]	9.190652758583865e-05	39040
305	[-0.01040587  0.01615945]	0.0003694098583951074	39168
306	[-0.03307647 -0.01749684]	0.0014001923568545648	39296
307	[-0.03901111  0.0256905 ]	0.002181868372426495	39424
308	[0.0254795  0.01478635]	0.0008678409030321709	39552
309	[-0.05061271 -0.0721713 ]	0.007770343662910541	39680
310	[ 0.01907025 -0.00147624]	0.00036585387166114433	39808
311	[0.00286873 0.00140093]	1.0192229795998602e-05	39936
312	[ 0.04684593 -0.03818928]	0.0036529620528025094	40064
313	[ 0.00337431 -0.0532807 ]	0.0028502185526559274	40192
314	[ 0.00556413 -0.00714605]	8.202556666866246e-05	40320
315	[ 0.06434596 -0.01991022]	0.004536819295509175	40448
316	[ 0.04005486 -0.04373429]	0.0035170799036198306	40576
317	[0.03185132 0.01099634]	0.0011354263156451317	40704
318	[0.02882592 0.00948566]	0.000920911458633223	40832
319	[-0.02235029 -0.0036061 ]	0.0005125394903610098	40960
320	[0.00492082 0.00972976]	0.00011888283243469187	41088
321	[0.00516558 0.03174629]	0.0010345103609092755	41216
322	[-0.04566756  0.02460226]	0.002690797604653842	41344
323	[-0.0163388   0.01016703]	0.000370324906138733	41472
324	[-0.05636922  0.01499825]	0.0034024362786634933	41600
325	[0.04372921 0.04336655]	0.0037929015630746472	41728
326	[ 0.00375126 -0.01295698]	0.00018195529330768863	41856
327	[-0.01447418  0.02375889]	0.0007739866720020401	41984
328	[-0.0113387  -0.00300945]	0.00013762294733572872	42112
329	[0.0025777  0.03179455]	0.0010175376371429018	42240
330	[-0.03073796 -0.00176636]	0.0009479422342360219	42368
331	[0.00975278 0.01877362]	0.00044756549146876074	42496
332	[-0.02065549 -0.00418153]	0.0004441343554352859	42624
333	[-0.00548614 -0.03261041]	0.0010935363970171693	42752
334	[-0.05648941 -0.05691253]	0.006430088879956525	42880
335	[-0.00714688 -0.00418564]	6.859746136627802e-05	43008
336	[-0.0051574  -0.02369741]	0.0005881662617277312	43136
337	[ 0.01979279 -0.02111426]	0.000837566195745381	43264
338	[0.0030364  0.01024679]	0.00011421647342960686	43392
339	[-0.03047687 -0.01001068]	0.0010290534516568478	43520
340	[-0.02124408  0.01405019]	0.000648718829991216	43648
341	[0.02626537 0.02578447]	0.0013547088910164213	43776
342	[-0.06097424  0.02766293]	0.004483095623479646	43904
343	[-0.02779     0.00712985]	0.0008231186193560076	44032
344	[0.00805271 0.02785562]	0.0008407816414940379	44160
345	[-0.01769623  0.0266416 ]	0.0010229315534377925	44288
346	[ 0.02814001 -0.04239866]	0.002589506775408441	44416
347	[-0.01807446 -0.00599898]	0.0003626739985237078	44544
348	[ 0.02821861 -0.02488761]	0.001415682872139294	44672
349	[ 0.00566547 -0.04023119]	0.0016506459308855575	44800
350	[ 0.01521093 -0.02749662]	0.0009874363101091232	44928
351	[-0.020245    0.01979163]	0.0008015684144139909	45056
352	[0.00994293 0.00088907]	9.965234200918763e-05	45184
353	[ 0.01223068 -0.00383975]	0.00016433316324805048	45312
354	[-0.0121135   0.01002888]	0.00024731522216711556	45440
355	[-0.0221491   0.02609487]	0.0011715248887390142	45568
356	[-0.00708129 -0.00420161]	6.779815332226172e-05	45696
357	[-0.01771212 -0.01697668]	0.0006019268383657194	45824
358	[-0.00749636  0.00093406]	5.7067860846653456e-05	45952
359	[ 0.01555991 -0.02048075]	0.0006615721250893115	46080
360	[-0.03388085 -0.00954762]	0.001239069100456089	46208
361	[-0.01936115 -0.01521528]	0.000606358741339122	46336
362	[ 0.01122176 -0.02930067]	0.0009844570565142909	46464
363	[0.03997716 0.05929587]	0.0051141737377584364	46592
364	[ 0.02789743 -0.05057313]	0.0033359083009319606	46720
365	[ 0.00320133 -0.0052415 ]	3.772190452093433e-05	46848
366	[-0.01193014  0.01679214]	0.00042430440497862986	46976
367	[-0.006844   0.0309764]	0.0010063775475265303	47104
368	[-0.00447377  0.01567967]	0.0002658667524933304	47232
369	[-0.00350564  0.01350054]	0.00019455399530239823	47360
370	[ 0.05828215 -0.02194318]	0.0038783121125313775	47488
371	[ 0.00786695 -0.04074938]	0.001722400980892282	47616
372	[0.00247798 0.02741134]	0.0007575216964609127	47744
373	[ 0.03264437 -0.01397693]	0.00126100970767602	47872
374	[-0.01860087  0.05422131]	0.0032859425763835017	48000
375	[-0.00507689 -0.05572553]	0.0031311098086023335	48128
376	[0.00639707 0.01735827]	0.00034223201669371134	48256
377	[-0.02530259 -0.0069877 ]	0.0006890490058003041	48384
378	[-0.00381509  0.00997064]	0.00011396860413447857	48512
379	[-0.02138689  0.02034059]	0.0008711388502311514	48640
380	[-0.02911097  0.04501856]	0.0028741195480672947	48768
381	[-0.02428502 -0.02836226]	0.0013941798134527873	48896
382	[ 0.03274815 -0.06298931]	0.005040094350685044	49024
383	[0.04330789 0.0038291 ]	0.0018902353989738334	49152
384	[-0.02189376 -0.01416808]	0.0006800713740665255	49280
385	[-0.01632752  0.00518833]	0.00029350674513596776	49408
386	[-0.0353427   0.02706323]	0.0019815252561656152	49536
387	[0.01300122 0.02776634]	0.0009400010617166069	49664
388	[-0.07162694 -0.02447559]	0.0057294725430143655	49792
389	[0.07099701 0.03301429]	0.006130519088515756	49920
390	[0.00034781 0.02148153]	0.0004615769525692062	50048
391	[0.02008767 0.00399906]	0.0004195069056340584	50176
392	[ 0.028985   -0.04043342]	0.0024749916603092953	50304
393	[-0.0775941  -0.01269199]	0.006181930806149161	50432
394	[0.0102461  0.01401063]	0.0003012802426877263	50560
395	[0.00311441 0.00998034]	0.00010930670965000528	50688
396	[0.01702082 0.01605058]	0.0005473296519416089	50816
397	[ 0.02023569 -0.03627441]	0.0017253160343715913	50944
398	[ 0.02385885 -0.01709929]	0.0008616300847530914	51072
399	[ 0.00610704 -0.01269151]	0.00019837032064124875	51200
400	[ 0.01246813 -0.01410865]	0.00035450827945276335	51328
401	[-0.02065337  0.00148637]	0.0004287710303827948	51456
402	[-0.01799504 -0.03203401]	0.0013499991399949	51584
403	[0.0125208  0.01800184]	0.0004808366727861092	51712
404	[ 0.02615656 -0.01261089]	0.0008432002752852563	51840
405	[ 3.68372752e-02 -9.54447430e-06]	0.0013569849318581795	51968
406	[-0.06426617 -0.01219612]	0.004278885492115646	52096
407	[ 0.0199344  -0.00184097]	0.00040076928928525725	52224
408	[-0.00822837  0.02278883]	0.0005870368191970171	52352
409	[0.01602394 0.02921444]	0.0011102500806049172	52480
410	[ 0.01794231 -0.01350633]	0.0005043474836430373	52608
411	[0.00960506 0.01548834]	0.0003321458637937173	52736
412	[-0.07118044 -0.01885567]	0.005422190855083921	52864
413	[0.01685184 0.02922013]	0.0011378006308301002	52992
414	[-0.06584356 -0.04877517]	0.006714391309995708	53120
415	[-0.0046566  -0.01993358]	0.00041903149560163487	53248
416	[-0.03323531 -0.01944265]	0.001482602347080598	53376
417	[-0.07464214 -0.01019794]	0.00567544743579387	53504
418	[0.02849889 0.01689421]	0.0010976011763793748	53632
419	[-0.0085227   0.01491119]	0.000294979917143074	53760
420	[-0.00568427  0.00913103]	0.00011568663116606778	53888
421	[ 0.05086742 -0.01693411]	0.0028742589127258174	54016
422	[-0.0441112  -0.01045918]	0.0020551923162875564	54144
423	[ 0.00850914 -0.00730317]	0.0001257418763510603	54272
424	[-0.04080406 -0.01131308]	0.001792956930375657	54400
425	[ 0.00598767 -0.05695823]	0.00328009246431545	54528
426	[0.00558705 0.03425015]	0.001204288200209262	54656
427	[ 0.00949723 -0.00242606]	9.608315328608582e-05	54784
428	[ 0.02159233 -0.06975525]	0.0053320240542970325	54912
429	[0.00276467 0.00734123]	6.153703723495513e-05	55040
430	[-0.04431447  0.02104935]	0.0024068476245219387	55168
431	[ 0.05033822 -0.04749693]	0.004789894650263088	55296
432	[-0.03375012 -0.01674912]	0.0014196035386610363	55424
433	[-0.05851489 -0.03536585]	0.004674736421596592	55552
434	[-0.03561096 -0.03960899]	0.0028370119889441275	55680
435	[ 0.00015246 -0.01262147]	0.00015932486360362147	55808
436	[0.03753806 0.02423094]	0.0019962445302783667	55936
437	[ 0.02343505 -0.02498346]	0.0011733750887395191	56064
438	[0.02180465 0.01211177]	0.0006221376679612343	56192
439	[-0.03276043 -0.00914173]	0.0011568169611096545	56320
440	[-0.00055347  0.01844374]	0.000340477782499026	56448
441	[-0.00647764  0.01628467]	0.00030715021303999516	56576
442	[-0.00934425 -0.01591764]	0.0003406862341619925	56704
443	[ 0.0283988  -0.01332757]	0.000984115957648139	56832
444	[-0.05018983  0.01455797]	0.0027309530977189024	56960
445	[0.00130734 0.02922369]	0.0008557334958388971	57088
446	[0.00099263 0.0051409 ]	2.741421666505347e-05	57216
447	[-0.00267205  0.00197859]	1.1054656231765894e-05	57344
448	[-0.01812878 -0.02528304]	0.0009678846074362333	57472
449	[-0.06663915 -0.00285748]	0.004448941900610091	57600
450	[ 0.02444897 -0.03099181]	0.0015582441775969086	57728
451	[-0.03918346 -0.03030216]	0.0024535642409579117	57856
452	[-0.00215126 -0.0053375 ]	3.3116863229947666e-05	57984
453	[-0.05063074  0.04298786]	0.004411428587952401	58112
454	[-0.02880952  0.00868495]	0.0009054166828861294	58240
455	[-0.03813686 -0.0023419 ]	0.001459904245972792	58368
456	[-0.01575922  0.04699986]	0.0024573404121597427	58496
457	[-0.01108668  0.02000947]	0.000523293252276704	58624
458	[-0.05383552  0.00936659]	0.002985995875477274	58752
459	[ 0.01139402 -0.03378753]	0.0012714206613644047	58880
460	[ 0.05753642 -0.04063852]	0.004961929171351236	59008
461	[-0.0561208  -0.00155477]	0.0031519620605440345	59136
462	[-0.04189137 -0.07086908]	0.0067773137604715235	59264
463	[ 0.00217312 -0.02142734]	0.0004638535259621812	59392
464	[-0.00450433  0.02211991]	0.0005095793550328018	59520
465	[-0.03534925 -0.03969195]	0.0028250203743121847	59648
466	[ 0.00895957 -0.04843853]	0.0024265655508381957	59776
467	[ 0.04354363 -0.00370163]	0.0019097496541113374	59904
468	[ 0.01536527 -0.02443004]	0.0008329183441775502	60032
469	[ 0.00685653 -0.01590787]	0.00030007231877907705	60160
470	[-0.03499284  0.07159886]	0.006350895623407911	60288
471	[0.03186082 0.02061615]	0.0014401377330307806	60416
472	[0.06296052 0.02192174]	0.004444589839675281	60544
473	[0.0078649  0.00487569]	8.562904452924137e-05	60672
474	[ 0.02060957 -0.01976311]	0.0008153350867082022	60800
475	[-0.02144081  0.00348957]	0.0004718854603198596	60928
476	[0.00260644 0.0363701 ]	0.001329578056710668	61056
477	[ 0.00883447 -0.0143766 ]	0.00028473469722435234	61184
478	[-0.01289437 -0.02050917]	0.0005868905413886445	61312
479	[-0.01026794  0.05419092]	0.003042086688924534	61440
480	[-0.02357868  0.06609743]	0.0049248244768318504	61568
481	[ 0.01468171 -0.02785583]	0.0009914999523613108	61696
482	[0.00259437 0.02348574]	0.0005583106501083285	61824
483	[-0.02080222 -0.00674762]	0.00047826296546613675	61952
484	[0.00901034 0.02663397]	0.0007905543090074546	62080
485	[-0.03724179  0.01231842]	0.0015386941296447341	62208
486	[-0.02498286  0.07106195]	0.005673943224657809	62336
487	[ 0.01519102 -0.03081682]	0.001180443490071563	62464
488	[-0.01630356  0.02796604]	0.0010479053206604828	62592
489	[-0.00815468 -0.00547073]	9.642766716623283e-05	62720
490	[-0.0111756  -0.01485101]	0.00034544658569274746	62848
491	[ 0.0163575  -0.01676027]	0.0005484742890703891	62976
492	[-0.00173848 -0.01016209]	0.0001062904076947427	63104
493	[-0.02335107  0.01755066]	0.0008532980712730516	63232
494	[-0.01112168 -0.00967602]	0.00021731698106282837	63360
495	[0.0173149  0.01204082]	0.00044478710858020796	63488
496	[-0.04984185 -0.0438041 ]	0.004403009337260009	63616
497	[0.02639181 0.01109362]	0.0008195958823450005	63744
498	[-0.03445867  0.02578778]	0.0018524098360102922	63872
499	[0.02779946 0.01431408]	0.0009777030590572282	64000
500	[ 0.03412744 -0.03963128]	0.002735320930736992	64128
501	[-0.03002684 -0.00959736]	0.0009937202814977297	64256
502	[-0.00731991 -0.04868206]	0.0024235238500364452	64384
503	[-0.03635259 -0.01449377]	0.0015315801875635134	64512
504	[-0.01354539  0.02687922]	0.0009059702286318594	64640
505	[-0.02617599  0.01983829]	0.0010787402604296096	64768
506	[ 0.00755251 -0.00697838]	0.00010573816887954838	64896
507	[-0.01975283 -0.0066303 ]	0.0004341351976284963	65024
508	[-0.05153512  0.00846568]	0.002727536109973832	65152
509	[0.01270751 0.03859386]	0.0016509667189397693	65280
510	[-0.04588294 -0.01484571]	0.0023256390553035677	65408
511	[0.02712258 0.00201656]	0.0007397006399833932	65536
512	[-0.01556116 -0.01360314]	0.0004271950617960406	65664
513	[-0.02988258  0.01150979]	0.0010254435879880279	65792
514	[-0.0666587  -0.06596842]	0.008795214542063627	65920
515	[0.02849118 0.00850645]	0.0008841070585575026	66048
516	[ 0.03584098 -0.00447908]	0.0013046378954348588	66176
517	[-0.03021396 -0.02216578]	0.0014042050313853574	66304
518	[0.02359119 0.01929618]	0.0009288869475253276	66432
519	[0.00103373 0.02284054]	0.0005227588149325264	66560
520	[0.04167558 0.05353653]	0.00460301366872481	66688
521	[-0.00151044 -0.00890052]	8.150076223052428e-05	66816
522	[ 0.00918722 -0.03901973]	0.0016069442824786762	66944
523	[-0.03272815  0.02749059]	0.0018268642017890387	67072
524	[ 0.01164566 -0.04625567]	0.00227520885250745	67200
525	[-0.02618537 -0.02339261]	0.0012328876381595012	67328
526	[-0.000814    0.01898462]	0.0003610782758112564	67456
527	[-0.02196999 -0.02036586]	0.0008974488866348798	67584
528	[0.02070556 0.051184  ]	0.0030485221433059137	67712
529	[0.00070675 0.03736056]	0.0013963109482854584	67840
530	[-0.01137077  0.01634983]	0.0003966113510169467	67968
531	[-0.01000725  0.02272201]	0.0006164346117852772	68096
532	[-0.00753905  0.00641847]	9.803411398079575e-05	68224
533	[-0.01678381  0.00785329]	0.0003433704968052802	68352
534	[-0.01047481  0.0094106 ]	0.0001982810417671142	68480
535	[0.01817836 0.01067966]	0.0004445077138229508	68608
536	[0.03070531 0.01683138]	0.0012261110898885877	68736
537	[0.00082025 0.02564182]	0.0006581758563122879	68864
538	[-0.02032602  0.01169017]	0.0005498071061464591	68992
539	[0.02953655 0.01636727]	0.0011402949352880098	69120
540	[ 0.01980686 -0.03541245]	0.0016463529750396987	69248
541	[-0.02070413 -0.00294744]	0.00043734828585733206	69376
542	[-0.02275507 -0.00409371]	0.0005345516662988514	69504
543	[-0.02269924 -0.01337313]	0.0006940963127691111	69632
544	[-0.01825361 -0.01433893]	0.0005387991445241738	69760
545	[-0.01373075  0.04999056]	0.002687589925539076	69888
546	[0.0007315 0.0614113]	0.003771883239322419	70016
547	[-0.0142852  -0.03779124]	0.0016322450959292247	70144
548	[-0.00556039  0.00284333]	3.900242733291606e-05	70272
549	[-0.0143678   0.03288711]	0.001287995691285968	70400
550	[ 0.02156142 -0.05656049]	0.003663983859388741	70528
551	[0.01313254 0.00765808]	0.0002311097529485006	70656
552	[0.03095753 0.06279602]	0.004901709016155919	70784
553	[-0.03967544  0.00207907]	0.0015784632139596343	70912
554	[0.0217774  0.01376578]	0.0006637521496177291	71040
555	[-0.00200605 -0.03688194]	0.0013643020208003334	71168
556	[ 0.0188754  -0.01387232]	0.0005487220720833232	71296
557	[ 0.01246014 -0.01043358]	0.0002641147300158077	71424
558	[-0.0253256  -0.00943775]	0.000730457252526342	71552
559	[0.02117865 0.00889558]	0.0005276665680670909	71680
560	[-0.00275573  0.0496404 ]	0.0024717638252611377	71808
561	[-0.03369758 -0.00647431]	0.0011774437160615384	71936
562	[ 0.01422696 -0.03805237]	0.001650388960932381	72064
563	[-0.06073261 -0.01488202]	0.003909924305447079	72192
564	[ 0.00526352 -0.04562847]	0.002109661913252746	72320
565	[0.03427154 0.03478451]	0.0023845005008253533	72448
566	[ 0.03748387 -0.01638965]	0.0016736613835075405	72576
567	[-0.00738245  0.01551604]	0.0002952481113604352	72704
568	[-0.0244853   0.01794814]	0.0009216657152141493	72832
569	[0.0230044  0.00100356]	0.0005302097527762275	72960
570	[ 0.01519728 -0.00062183]	0.0002313438852151756	73088
571	[-0.0245493   0.02114754]	0.001049887007153091	73216
572	[0.01878899 0.06395695]	0.004443517565206934	73344
573	[-0.01127713 -0.05022307]	0.002649530628396876	73472
574	[ 0.05144997 -0.00094272]	0.002647988222119742	73600
575	[-0.02198054 -0.02250798]	0.0009897535973629966	73728
576	[-0.05381155  0.02886469]	0.003728853011662452	73856
577	[-0.01028344 -0.0181091 ]	0.00043368858686267667	73984
578	[ 0.03409389 -0.00708314]	0.001212563958808101	74112
579	[-0.03247187  0.02818531]	0.0018488338245396326	74240
580	[0.04636576 0.01448522]	0.0023596054309775846	74368
581	[0.0135547  0.01684794]	0.00046758302753918045	74496
582	[0.01949325 0.02788024]	0.0011572946121451311	74624
583	[-0.03069856 -0.01145632]	0.0010736488597550746	74752
584	[-0.02744946  0.02326969]	0.0012949517519995853	74880
585	[0.02778608 0.02241613]	0.0012745489470296011	75008
586	[-0.03995952 -0.0389281 ]	0.0031121601079608747	75136
587	[0.03812604 0.05518186]	0.004498632167852105	75264
588	[-0.01229039  0.004649  ]	0.00017266691309352557	75392
589	[ 0.07944881 -0.00777609]	0.0063725806877489855	75520
590	[ 0.0374199 -0.0017252]	0.001403225411735404	75648
591	[ 0.00375349 -0.07052507]	0.004987874874824692	75776
592	[ 0.00031552 -0.03545322]	0.0012570306305531023	75904
593	[-0.01378753 -0.02312293]	0.000724765957125753	76032
594	[0.03161264 0.06058194]	0.004669530849459031	76160
595	[ 0.01489768 -0.02341134]	0.0007700318802706422	76288
596	[1.01436713e-01 1.01140261e-04]	0.010289416942202978	76416
597	[-0.03206742  0.0405651 ]	0.0026738467489943324	76544
598	[0.02500231 0.00057032]	0.000625440545720337	76672
599	[0.03203288 0.02364782]	0.0015853247778019346	76800
600	[0.00066186 0.04256907]	0.0018125637953764287	76928
601	[-0.04479283  0.03598445]	0.0033012778801936584	77056
602	[-0.01814702  0.01990162]	0.0007253889041794362	77184
603	[-0.03147454 -0.0220407 ]	0.0014764395360673424	77312
604	[-0.01050598 -0.05340452]	0.002962418415633427	77440
605	[0.0145392 0.0083517]	0.000281139385537789	77568
606	[ 0.00302215 -0.00201602]	1.3197715106469622e-05	77696
607	[-0.00926312 -0.00246903]	9.190155772331449e-05	77824
608	[-0.01589381 -0.02235872]	0.0007525253647867628	77952
609	[0.02829998 0.03385   ]	0.0019467111982233508	78080
610	[ 0.0080699  -0.00056866]	6.544658837583832e-05	78208
611	[-0.02375704 -0.01121702]	0.000690218323160955	78336
612	[ 0.0363564  -0.00197799]	0.0013257004127893417	78464
613	[-0.04583191  0.01610797]	0.00236003040581979	78592
614	[ 0.03004106 -0.00335402]	0.0009137148094390913	78720
615	[ 0.04542854 -0.0242259 ]	0.0026506464104572845	78848
616	[-0.01821928 -0.00327859]	0.00034269124086009023	78976
617	[0.01174964 0.03499662]	0.00136281762682532	79104
618	[-0.04224037 -0.03130814]	0.002764448326086737	79232
619	[0.04433379 0.01231135]	0.0021170539335320132	79360
620	[-0.02854605 -0.01869689]	0.0011644507483882503	79488
621	[-0.01592535  0.01834852]	0.0005902849876124203	79616
622	[0.02619993 0.00043375]	0.0006866245949820472	79744
623	[-0.00024784  0.00405043]	1.6467378509285923e-05	79872
624	[-0.02911057  0.02539418]	0.0014922899348496265	80000
625	[0.02296896 0.00482591]	0.0005508627302234838	80128
626	[0.00210552 0.07149102]	0.005115398558433277	80256
627	[0.00244857 0.08750829]	0.0076636958841939965	80384
628	[ 0.02389793 -0.00463135]	0.0005925602041724962	80512
629	[-0.01545087  0.00487361]	0.00026248140112018016	80640
630	[-0.00018783 -0.06485405]	0.004206082957595626	80768
631	[ 0.00936289 -0.07123434]	0.005161994891775264	80896
632	[-0.00370075  0.08413192]	0.007091875001319683	81024
633	[ 0.01028948 -0.01484006]	0.00032610098479969303	81152
634	[-0.01526001 -0.00964664]	0.00032592566299157664	81280
635	[ 0.04825818 -0.00838993]	0.0023992424742812816	81408
636	[ 0.01034569 -0.02964684]	0.000985968354839413	81536
637	[ 0.01612279 -0.01717344]	0.0005548716450877666	81664
638	[-0.00388178 -0.00334045]	2.6226775444220015e-05	81792
639	[-0.0275129   0.00832366]	0.0008262430165433717	81920
640	[-0.02890532  0.02561375]	0.0014915815001844647	82048
641	[-0.01061768  0.00965508]	0.00020595571674330426	82176
642	[-0.00501071  0.01737518]	0.0003270040037999956	82304
643	[-0.01592202  0.04053717]	0.0018967726149092272	82432
644	[ 0.02159734 -0.00017228]	0.0004664748917423871	82560
645	[-0.07869376  0.01476913]	0.006410835756675251	82688
646	[-0.00040924 -0.05638809]	0.003179783982924648	82816
647	[-0.01986647 -0.03415163]	0.001561010708989401	82944
648	[-0.01073511  0.00956834]	0.0002067956973837083	83072
649	[ 0.00216518 -0.02643669]	0.0007035865853871921	83200
650	[0.01624244 0.03383318]	0.0014085010312737424	83328
651	[-0.02197373 -0.03313706]	0.0015809097610621442	83456
652	[0.04876706 0.00464881]	0.002399837824030452	83584
653	[ 0.06101611 -0.00523422]	0.003750363232178493	83712
654	[-0.03524788  0.0067019 ]	0.001287328208544497	83840
655	[ 0.00491164 -0.05289399]	0.0028218988261204934	83968
656	[ 0.01872954 -0.00107803]	0.00035195795020260303	84096
657	[-0.00661556  0.04058431]	0.001690851779426916	84224
658	[-0.0154962   0.02208376]	0.0007278245256649845	84352
659	[ 0.04882302 -0.03051756]	0.0033150087288364057	84480
660	[ 0.05698086 -0.03136568]	0.004230623835152926	84608
661	[-0.03930357 -0.0106488 ]	0.0016581674425720115	84736
662	[ 0.00799206 -0.03728559]	0.001454088486628987	84864
663	[0.02112547 0.01357083]	0.0006304529848447564	84992
664	[-0.04737958 -0.00780569]	0.002305753237107712	85120
665	[0.01940378 0.01013351]	0.00047919457853150965	85248
666	[ 0.00919199 -0.00114541]	8.580469110960265e-05	85376
667	[0.02693103 0.05651493]	0.003919217495925377	85504
668	[0.02112673 0.02302019]	0.000976267887847958	85632
669	[0.02247339 0.01415888]	0.0007055271862381985	85760
670	[ 0.0202482  -0.01662568]	0.0006864030349153442	85888
671	[-0.01738057 -0.03128217]	0.0012806582151591007	86016
672	[ 0.07606609 -0.10503903]	0.01681924773195262	86144
673	[-0.00551466  0.00695153]	7.873524393463497e-05	86272
674	[0.01402078 0.00929936]	0.000283060582431923	86400
675	[ 0.04492963 -0.00737598]	0.0020730766423264456	86528
676	[-0.01167848  0.00065716]	0.00013681864293976125	86656
677	[ 0.02760041 -0.0178189 ]	0.0010792957631321173	86784
678	[ 0.00831924 -0.06245323]	0.003969616022119693	86912
679	[-0.0740703  -0.01805685]	0.00581245852352472	87040
680	[-0.02202251 -0.00077876]	0.0004855973093582884	87168
681	[-0.02108388 -0.03020329]	0.0013567683506170187	87296
682	[ 0.01531906 -0.04497908]	0.0022577914688299322	87424
683	[-0.00324479  0.00387394]	2.5536099007660222e-05	87552
684	[-0.02568234 -0.00612548]	0.000697104289315928	87680
685	[-0.01130905  0.0054941 ]	0.00015807963140217776	87808
686	[ 0.053401   -0.04296984]	0.004698073773451431	87936
687	[-0.00291135  0.0114438 ]	0.000139436446111676	88064
688	[-0.00279776  0.00866862]	8.29724738055329e-05	88192
689	[0.00087113 0.06069181]	0.0036842542602387044	88320
690	[-0.00046875  0.01615813]	0.0002613047658132189	88448
691	[-0.03003507 -0.03700761]	0.002271668872980386	88576
692	[-0.01287924 -0.02352908]	0.0007194925328819998	88704
693	[-0.01732025  0.00318836]	0.0003101566041954891	88832
694	[0.01072308 0.01796384]	0.0004376837351768656	88960
695	[-0.04839021 -0.02300157]	0.002870684857390362	89088
696	[ 0.00221032 -0.04548081]	0.0020733897130020343	89216
697	[0.00839745 0.01450846]	0.0002810125906492594	89344
698	[-0.0088552   0.02695311]	0.0008048845030214003	89472
699	[ 0.0054862 -0.0341904]	0.0011990818198712669	89600
700	[0.02357405 0.00578359]	0.0005891857507675151	89728
701	[-0.02365483  0.02336008]	0.0011052443872428684	89856
702	[ 0.00149389 -0.00056792]	2.5542379381273605e-06	89984
703	[0.00165001 0.0388813 ]	0.0015144778175582747	90112
704	[-0.00470884 -0.03559342]	0.0012890648361013064	90240
705	[0.02328149 0.03421085]	0.0017124101852313035	90368
706	[-0.04756819 -0.01333455]	0.0024405430751953242	90496
707	[ 0.02547555 -0.00100042]	0.0006500047141217009	90624
708	[0.01665359 0.00753718]	0.00033415121383831124	90752
709	[ 0.01614924 -0.04232856]	0.002052504605442326	90880
710	[-0.00327666 -0.03719552]	0.0013942431773166575	91008
711	[-0.0200025  -0.02176174]	0.0008736736584770773	91136
712	[-0.00613771  0.04891917]	0.002430756636604387	91264
713	[ 0.02458691 -0.00168831]	0.0006073667180672175	91392
714	[ 0.01380483 -0.00242266]	0.0001964425078708177	91520
715	[ 0.0480643  -0.00444485]	0.0023299337910304956	91648
716	[-0.051434   -0.01947917]	0.003024894433412658	91776
717	[-0.01452166  0.00114328]	0.00021218576612479565	91904
718	[-0.03709343 -0.04569302]	0.0034637743099515455	92032
719	[0.02258264 0.04377614]	0.0024263261662910863	92160
720	[ 0.00722857 -0.03116047]	0.0010232271839084872	92288
721	[0.00742231 0.01170487]	0.000192094652216215	92416
722	[-0.04293561  0.00039503]	0.0018436222498711533	92544
723	[-0.00765215 -0.01626971]	0.00032325876785460465	92672
724	[ 0.00644137 -0.01706281]	0.000332630602992795	92800
725	[ 0.01927243 -0.01710375]	0.0006639648938715382	92928
726	[0.04244648 0.00916783]	0.0018857526394844225	93056
727	[ 0.04579758 -0.06652319]	0.006522753390786552	93184
728	[ 0.01483572 -0.01354621]	0.00040359828100735423	93312
729	[ 0.0168925  -0.01124865]	0.00041188872328697937	93440
730	[-0.00144033 -0.04891828]	0.002395072692577477	93568
731	[0.035824  0.0143513]	0.0014893189588253996	93696
732	[ 0.02481777 -0.00840443]	0.0006865564080263419	93824
733	[-0.00132387 -0.03800495]	0.0014461290941408353	93952
734	[-0.0523613   0.01332373]	0.0029192269913764445	94080
735	[0.00207398 0.00988745]	0.00010206297425460821	94208
736	[-0.04020397 -0.01192765]	0.0017586279187971246	94336
737	[-0.03952527  0.03644494]	0.0028904808728618552	94464
738	[-0.01465528  0.0283507 ]	0.0010185392899158712	94592
739	[ 0.01553571 -0.01512952]	0.00047026071511635563	94720
740	[-0.01440902  0.00434919]	0.00022653538874080402	94848
741	[0.00833229 0.05479612]	0.0030720414666983806	94976
742	[ 0.03948535 -0.03143089]	0.0025469937507030054	95104
743	[-0.01431704 -0.05161849]	0.0028694458726121613	95232
744	[0.01263372 0.00341948]	0.0001713036404992448	95360
745	[0.00579624 0.01717091]	0.00032843642474989664	95488
746	[0.0102136  0.01941144]	0.00048112179163743057	95616
747	[-0.01582836 -0.02609404]	0.0009314360646046105	95744
748	[ 0.00453605 -0.0080751 ]	8.57829027504436e-05	95872
749	[ 0.02984835 -0.05081105]	0.003472686534955608	96000
750	[-0.024618   -0.05604742]	0.0037473597576608043	96128
751	[ 0.00860675 -0.05018963]	0.0025930753068538937	96256
752	[-0.03327107  0.00672224]	0.0011521524668052653	96384
753	[ 0.03207584 -0.01019568]	0.0011328111744665326	96512
754	[ 0.04376828 -0.02212705]	0.0024052686065532186	96640
755	[-0.00681016 -0.02185816]	0.0005241574062950931	96768
756	[-0.02457477  0.01994413]	0.0010016875948637336	96896
757	[ 0.02528038 -0.05606783]	0.003782699812423415	97024
758	[-0.00497184  0.0065627 ]	6.778830808520596e-05	97152
759	[-0.00498026  0.01575961]	0.00027316829451316956	97280
760	[ 0.01337239 -0.01472201]	0.0003955586574751937	97408
761	[-0.00797139 -0.00911913]	0.00014670161149250366	97536
762	[-0.02718461  0.02750012]	0.0014952599951824266	97664
763	[0.00754839 0.01296987]	0.00022519573611756992	97792
764	[ 0.00504595 -0.00196677]	2.9329768809025797e-05	97920
765	[ 0.01557046 -0.00825349]	0.0003105591989232066	98048
766	[ 0.01821564 -0.01956699]	0.0007146766563061293	98176
767	[-0.00283557  0.03610845]	0.0013118608036591776	98304
768	[0.0594062  0.01456992]	0.0037413789448130126	98432
769	[0.00234546 0.05566254]	0.003103819734164504	98560
770	[-0.00236541  0.03554187]	0.001268819973000991	98688
771	[0.02444755 0.06109224]	0.004329944959925617	98816
772	[-0.02068826 -0.00221261]	0.0004328998059893108	98944
773	[0.01869518 0.03992617]	0.0019436088618161318	99072
774	[ 0.03432813 -0.02275474]	0.001696198632813534	99200
775	[-0.02199212  0.01337574]	0.0006625635691532581	99328
776	[ 0.01543068 -0.0096639 ]	0.00033149681100749946	99456
777	[-0.0029003  -0.02045275]	0.0004267268297864875	99584
778	[-0.01877485 -0.01185964]	0.0004931459315669303	99712
779	[0.00105403 0.03830392]	0.0014683012175597545	99840
780	[0.02185819 0.01712353]	0.0007709957305492296	99968
781	[0.00480708 0.00480178]	4.616514568233923e-05	100096
Result: mean = 0.029515603024979464 std = 0.7741299620925332