#GEN	x_best	f(x_best)	#eval
0	[2.81630369 5.12      ]	34.14596649815949	128
1	[0.0614722  0.15805297]	0.02875957233080836	256
2	[-0.16150424  0.25441368]	0.09080993985384742	384
3	[-0.01859388 -0.03794227]	0.0017853481417040508	512
4	[ 0.02442726 -0.06067845]	0.004278565522239957	640
5	[-0.01545073 -0.01454081]	0.00045016004774214375	768
6	[-0.00772452  0.07377003]	0.00550168591675805	896
7	[ 0.00115572 -0.06400863]	0.0040984409093455096	1024
8	[-0.03764735 -0.00561682]	0.0014488718908275175	1152
9	[-0.03022313 -0.0173861 ]	0.001215714226555422	1280
10	[-0.02905859  0.03036532]	0.0017664545558545932	1408
11	[0.0320886  0.03103625]	0.001992927070803289	1536
12	[ 0.01895098 -0.01455457]	0.0005709751614824132	1664
13	[ 0.03784769 -0.04395522]	0.003364508954468805	1792
14	[ 0.02213267 -0.04000974]	0.0020906345473341377	1920
15	[-0.02014465  0.04084037]	0.0020737430407087357	2048
16	[ 0.02043724 -0.01124207]	0.0005440650854992631	2176
17	[-0.01799451 -0.06470699]	0.004510797227198332	2304
18	[0.00049192 0.07233137]	0.005232068874989526	2432
19	[-0.02552395 -0.03246171]	0.0017052349197365629	2560
20	[-0.01782459  0.02642354]	0.0010159196649153933	2688
21	[0.01656345 0.01814777]	0.0006036893571725647	2816
22	[ 0.00563661 -0.00379756]	4.6192842322959525e-05	2944
23	[0.00936763 0.00091247]	8.858514472726784e-05	3072
24	[-0.00680027  0.00011708]	4.6257436348994204e-05	3200
25	[ 0.03509098 -0.01639489]	0.00150016911743565	3328
26	[0.02698571 0.0047858 ]	0.0007511326599521182	3456
27	[-0.02979535 -0.00324612]	0.0008983004759417049	3584
28	[-0.03167906 -0.03111628]	0.001971785800350937	3712
29	[0.02739849 0.00504418]	0.0007761207795126763	3840
30	[ 0.02830783 -0.00103982]	0.0008024141903056036	3968
31	[-0.01294286  0.04589635]	0.0022739924317020104	4096
32	[-0.00481957  0.00309885]	3.283111454989578e-05	4224
33	[ 0.01372822 -0.0144581 ]	0.0003975006661767694	4352
34	[-0.01419657  0.0007654 ]	0.000202128453659328	4480
35	[-0.02065875  0.00989263]	0.0005246482839760523	4608
36	[-0.03737159 -0.05840718]	0.00480803452786115	4736
37	[ 0.02135609 -0.02120346]	0.0009056692354711508	4864
38	[-0.03180461  0.01294704]	0.0011791590977032478	4992
39	[-0.00198322 -0.01414764]	0.00020408886954803286	5120
40	[-0.00924183  0.04326328]	0.0019571224489921936	5248
41	[0.02687692 0.00929114]	0.0008086939495680958	5376
42	[-0.02669222  0.01161389]	0.0008473569661063804	5504
43	[-0.01362444  0.00493776]	0.00021000697926610418	5632
44	[-0.02588664 -0.06048864]	0.004328993309344963	5760
45	[-0.0283063  -0.03605135]	0.00210094689589789	5888
46	[-0.05702278  0.01297974]	0.0034200710308600448	6016
47	[ 0.00208699 -0.00337952]	1.5776687725628818e-05	6144
48	[0.05163621 0.00653791]	0.0027090426618949105	6272
49	[-0.02510383  0.02777622]	0.0014017203227153353	6400
50	[-0.02575759  0.02865536]	0.0014845830797929947	6528
51	[0.03044238 0.02910104]	0.0017736092772942646	6656
52	[0.02917156 0.01332625]	0.0010285686752614137	6784
53	[ 0.01711458 -0.01909157]	0.0006573967718745532	6912
54	[-0.00129656  0.01897851]	0.00036186502728534223	7040
55	[0.00837711 0.00310344]	7.980727187014677e-05	7168
56	[-0.00057329  0.00278323]	8.075041972522376e-06	7296
57	[0.02278689 0.0155278 ]	0.000760355073161001	7424
58	[ 0.02154288 -0.03206883]	0.0014925054452522397	7552
59	[ 0.00834399 -0.03472569]	0.0012754956086943633	7680
60	[ 0.00470097 -0.04933828]	0.0024563645329481096	7808
61	[0.04234235 0.00817426]	0.0018596930891490466	7936
62	[-0.05064139 -0.00694847]	0.002612831777836008	8064
63	[-0.00428416  0.00393176]	3.381279193909085e-05	8192
64	[-0.00442311  0.00696708]	6.810415776269541e-05	8320
65	[0.0111887  0.00436421]	0.00014423334337844296	8448
66	[ 0.01431461 -0.02123238]	0.0006557218554846636	8576
67	[0.05065034 0.0657958 ]	0.006894544049002855	8704
68	[0.03774655 0.03610445]	0.002728333073804841	8832
69	[-9.59395771e-05 -1.57739598e-02]	0.0002488270123056041	8960
70	[0.01307817 0.04935791]	0.002607241999352987	9088
71	[-0.02361027  0.02900495]	0.0013987322169751806	9216
72	[0.065341   0.02203428]	0.004754956219963199	9344
73	[0.03013951 0.02746603]	0.0016627727880260922	9472
74	[-0.00703474 -0.00649122]	9.162355059027033e-05	9600
75	[0.00969369 0.00901545]	0.00017524601625323687	9728
76	[-0.01323793  0.02263965]	0.0006877966327996333	9856
77	[-0.04617186  0.01961705]	0.0025166688322980457	9984
78	[-0.01980954  0.01537875]	0.0006289238688882128	10112
79	[ 0.01541081 -0.00571856]	0.0002701948998137018	10240
80	[0.02210271 0.03255828]	0.0015485712669621073	10368
81	[-0.00023425 -0.0088123 ]	7.771144025247193e-05	10496
82	[-0.05740486  0.02354096]	0.0038494947778939413	10624
83	[-0.02094998 -0.03636005]	0.0017609552255782896	10752
84	[-0.01218539  0.02944291]	0.001015368774080939	10880
85	[-0.02581778 -0.00276311]	0.0006741923619625767	11008
86	[ 0.00271731 -0.00897774]	8.798363557232939e-05	11136
87	[-0.00234188 -0.00718376]	5.7090844538824945e-05	11264
88	[-0.03876268 -0.03671356]	0.002850430551681695	11392
89	[ 0.02519867 -0.01528558]	0.0008686217585968041	11520
90	[0.014671   0.00101595]	0.00021627047110352516	11648
91	[ 0.00232666 -0.01738128]	0.0003075222631245726	11776
92	[-0.00868348 -0.01566077]	0.0003206626455706816	11904
93	[ 0.00117584 -0.01429974]	0.00020586524323516005	12032
94	[-0.01836068 -0.01050775]	0.00044752754176521513	12160
95	[-0.02236583  0.03584484]	0.0017850826014574545	12288
96	[-0.02465729 -0.04972144]	0.003080203006417228	12416
97	[-0.05932067  0.03591035]	0.00480849546589107	12544
98	[-0.02112285  0.03755761]	0.0018567489358324802	12672
99	[-0.01093216 -0.01281654]	0.000283775739566523	12800
100	[ 0.02961678 -0.0222415 ]	0.0013718378127632338	12928
101	[-0.02822032 -0.0114913 ]	0.0009284367066575328	13056
102	[-0.02038361  0.01752798]	0.0007227217281348112	13184
103	[0.04108299 0.00546994]	0.001717732004163053	13312
104	[ 0.01368752 -0.01854067]	0.000531104539742204	13440
105	[-0.00100945 -0.02181552]	0.000476935792665461	13568
106	[-0.0034459   0.04776976]	0.002293824323959516	13696
107	[ 0.0207405  -0.02590493]	0.0011012337470006413	13824
108	[-0.0080497   0.00739509]	0.00011948514817553595	13952
109	[0.05011437 0.04894519]	0.0049070814707208	14080
110	[-0.00048618  0.02096297]	0.00043968247094063886	14208
111	[ 0.00627225 -0.04795553]	0.0023390741558440794	14336
112	[ 0.05012558 -0.02476905]	0.0031260792458992727	14464
113	[0.00362358 0.05675718]	0.003234508084179205	14592
114	[-0.00033108  0.05316276]	0.0028263890613251775	14720
115	[0.05561886 0.03649721]	0.004425503503851298	14848
116	[0.03048069 0.00436787]	0.0009481505626058154	14976
117	[0.00302284 0.00646201]	5.08951774105205e-05	15104
118	[-0.01551649  0.02216589]	0.0007320879809557879	15232
119	[-0.03068868 -0.00588055]	0.0009763762778813728	15360
120	[0.03264492 0.01495104]	0.0012892244561213257	15488
121	[-0.03215405  0.01137593]	0.0011632945050605893	15616
122	[0.0336626  0.01867873]	0.0014820656577131325	15744
123	[-0.01664127  0.03643027]	0.001604096581311025	15872
124	[0.08707515 0.00687985]	0.00762941347850923	16000
125	[ 0.05423628 -0.01517516]	0.0031718594729198686	16128
126	[ 0.02791932 -0.00027613]	0.0007795647115053686	16256
127	[ 0.0007109  -0.05965349]	0.0035590445659127094	16384
128	[-0.02390281  0.01276029]	0.0007341694361232978	16512
129	[ 0.0563223  -0.00509386]	0.0031981484047030216	16640
130	[0.01827513 0.02114621]	0.0007811425271610844	16768
131	[0.01113348 0.03486711]	0.0013396698413332658	16896
132	[-0.00648083 -0.02703819]	0.0007730648167633841	17024
133	[0.01815615 0.00946835]	0.0004192955325484102	17152
134	[ 0.03161473 -0.00551816]	0.001029941184726292	17280
135	[-0.01775378 -0.00163569]	0.0003178721434373115	17408
136	[ 0.06502308 -0.04268653]	0.006050140889745987	17536
137	[-0.03321738  0.02008825]	0.0015069324682726209	17664
138	[-0.01698948  0.00639261]	0.0003295077728878764	17792
139	[0.03349591 0.01487412]	0.001343215346023867	17920
140	[ 0.01816259 -0.03294011]	0.001414930394943636	18048
141	[ 0.01508301 -0.02153765]	0.0006913673236214966	18176
142	[0.01318187 0.027692  ]	0.0009406086835454044	18304
143	[-0.04398477  0.02124046]	0.0023858175099142264	18432
144	[ 0.02391884 -0.01881422]	0.0009260856868847931	18560
145	[-0.00788766 -0.01318175]	0.00023597367318665003	18688
146	[-0.0216567 -0.0280704]	0.001256959981577379	18816
147	[-0.03046723  0.01293554]	0.0010955806791868403	18944
148	[-0.02183388 -0.01854591]	0.0008206692313049008	19072
149	[0.02605818 0.00582174]	0.000712921533644482	19200
150	[0.00943584 0.00655717]	0.00013203160008602586	19328
151	[-0.02297672  0.03722986]	0.0019139917813179338	19456
152	[0.00769058 0.04852901]	0.0024142095650193417	19584
153	[0.0085886  0.01956741]	0.0004566476391246493	19712
154	[-0.00224164  0.03266915]	0.0010722979871240891	19840
155	[ 0.0229947  -0.01209472]	0.0006750383779844	19968
156	[ 0.00152621 -0.02000317]	0.0004024560435651888	20096
157	[-0.02541631  0.00394795]	0.0006615752090295769	20224
158	[ 0.08375387 -0.01279258]	0.007178361283168374	20352
159	[0.00593096 0.03190357]	0.0010530140423757324	20480
160	[ 0.02828589 -0.0075945 ]	0.0008577682489526692	20608
161	[-0.06067738  0.0421119 ]	0.005455155628330569	20736
162	[-0.01145595  0.02032558]	0.0005443678007435509	20864
163	[-0.0132559   0.01386755]	0.0003680277620637523	20992
164	[-0.02514314  0.02605628]	0.0013111072019995015	21120
165	[-0.00469118 -0.00644277]	6.351649252694723e-05	21248
166	[ 0.0040406  -0.03196523]	0.0010381025490268448	21376
167	[-0.0073196   0.00927025]	0.00013951399625284017	21504
168	[-0.0113266   0.02761537]	0.0008909002575473387	21632
169	[0.02147427 0.01352286]	0.0006440118653978775	21760
170	[0.02712027 0.01617371]	0.0009970977955365283	21888
171	[0.01524991 0.00861336]	0.00030674969894726697	22016
172	[0.01967038 0.01763992]	0.0006980905348117555	22144
173	[-0.01139148 -0.02621862]	0.0008171816952257749	22272
174	[-0.01901706 -0.04972866]	0.002834588548352123	22400
175	[-0.02464196 -0.00485304]	0.000630778198831455	22528
176	[-0.00437863  0.06590181]	0.004362220938534571	22656
177	[-0.01341566  0.03806719]	0.001629090827877998	22784
178	[-0.05854623  0.0087266 ]	0.003503815119722361	22912
179	[0.0013321  0.06075892]	0.0036934203261782188	23040
180	[0.00887502 0.00572724]	0.00011156737255749803	23168
181	[0.01224215 0.0161088 ]	0.0004093639047142084	23296
182	[0.00048764 0.00188449]	3.7890956843573584e-06	23424
183	[ 0.00524641 -0.0128164 ]	0.00019178499286610565	23552
184	[-0.01966276 -0.0189563 ]	0.0007459653346797105	23680
185	[0.00911753 0.01371154]	0.0002711358072633497	23808
186	[-0.00032538 -0.01377783]	0.00018993435197578673	23936
187	[-0.00045315 -0.00813032]	6.6307503806577e-05	24064
188	[ 0.01727351 -0.00803004]	0.000362855617305557	24192
189	[ 0.00863957 -0.00723411]	0.0001269745158417547	24320
190	[0.02060182 0.0079316 ]	0.0004873452554005704	24448
191	[0.03510479 0.00414244]	0.0012495060886929628	24576
192	[-0.0289695  -0.03846906]	0.0023191006646999055	24704
193	[-0.02117876 -0.0166529 ]	0.0007258589704763722	24832
194	[-0.02658247  0.00235333]	0.0007121659267393317	24960
195	[ 0.02148167 -0.03986767]	0.0020508930448828763	25088
196	[-0.01170385  0.04153057]	0.0018617681424709927	25216
197	[-0.08218719  0.0075794 ]	0.006812181191009429	25344
198	[0.0261094  0.01029399]	0.0007876667470340168	25472
199	[-0.04349007  0.07313826]	0.007240591647754582	25600
200	[0.0395492  0.04010518]	0.0031725648508117016	25728
201	[-0.00343332  0.0309214 ]	0.0009679209584705017	25856
202	[-0.00940134  0.01122496]	0.00021438490097021662	25984
203	[0.02091581 0.03242376]	0.00148877094044275	26112
204	[0.00790537 0.01777411]	0.0003784137344615229	26240
205	[-0.0356984  -0.00431504]	0.0012929955844111552	26368
206	[ 0.05063814 -0.01612712]	0.0028243048373544086	26496
207	[ 0.0421052  -0.02026844]	0.002183657371111268	26624
208	[ 0.04642626 -0.03654089]	0.0034906345686582297	26752
209	[0.02259778 0.01466693]	0.0007257787748427318	26880
210	[ 0.03831437 -0.04457933]	0.003455308092114598	27008
211	[-0.00786962  0.03831006]	0.001529591673499088	27136
212	[0.01670261 0.00577443]	0.000312321142093416	27264
213	[ 0.06949075 -0.00859927]	0.004902912296231831	27392
214	[ 0.01063247 -0.02891078]	0.0009488824776690131	27520
215	[-0.01663604  0.00815182]	0.00034321013695536354	27648
216	[0.01031453 0.00763827]	0.00016473262271998423	27776
217	[0.03192703 0.01267336]	0.0011799491406556002	27904
218	[-0.01004263 -0.04616344]	0.0022319174972302066	28032
219	[-0.00547947  0.04467078]	0.002025503022331222	28160
220	[ 0.00638997 -0.00763105]	9.906454435796894e-05	28288
221	[0.02046069 0.00178664]	0.0004218319170910713	28416
222	[-0.02861819 -0.01734092]	0.0011197082344916827	28544
223	[ 0.03910579 -0.06237193]	0.005419520881306765	28672
224	[ 0.01457965 -0.00463683]	0.00023406652071013682	28800
225	[-0.0264484   0.00636702]	0.000740056896912753	28928
226	[ 0.00727101 -0.06163153]	0.0038513131600617007	29056
227	[0.03332943 0.0206269 ]	0.001536320005805761	29184
228	[0.02892867 0.02877101]	0.001664638907366667	29312
229	[-0.00726101 -0.04708233]	0.002269468443762114	29440
230	[0.01055737 0.03234193]	0.0011574585734098531	29568
231	[-0.02477618 -0.00638954]	0.0006546854221250708	29696
232	[-0.01042071  0.00220673]	0.00011346091837825482	29824
233	[-0.00938313  0.02069084]	0.0005161540378150548	29952
234	[ 9.87057047e-05 -7.69902003e-03]	5.9284652178506624e-05	30080
235	[-0.02808966  0.01784268]	0.0011073900747561346	30208
236	[-0.00045679  0.02277038]	0.000518698641042328	30336
237	[ 0.00702132 -0.07237514]	0.00528745941532883	30464
238	[0.02720511 0.00198395]	0.000744053928414514	30592
239	[ 0.03322444 -0.03286335]	0.0021838631143238476	30720
240	[ 0.02345251 -0.0154168 ]	0.0007876978173597095	30848
241	[-0.00367656  0.03459584]	0.0012103892379362947	30976
242	[ 0.03920894 -0.01765396]	0.0018490031691624717	31104
243	[0.0470589 0.0323115]	0.003258572907135747	31232
244	[0.0240806  0.01200883]	0.0007240873993299738	31360
245	[0.0135981  0.01754205]	0.0004926318966940311	31488
246	[ 0.01328605 -0.01987518]	0.0005715418843335508	31616
247	[0.00509898 0.03128314]	0.0010046341658535114	31744
248	[ 0.04494495 -0.00409041]	0.0020367803476363374	31872
249	[ 0.02360939 -0.03755274]	0.0019676112552435097	32000
250	[-0.01411417 -0.01464864]	0.0004137924973164432	32128
251	[ 0.06164378 -0.06030171]	0.007436252086443579	32256
252	[ 0.02464329 -0.02407669]	0.0011869785972642396	32384
253	[0.01829762 0.03484506]	0.0015489812881339883	32512
254	[ 0.01179286 -0.00645511]	0.00018074004794784958	32640
255	[ 0.0300715  -0.00373168]	0.0009182208225861334	32768
256	[0.05224893 0.02805277]	0.003516908179040914	32896
257	[0.00770245 0.05525897]	0.0031128816469405502	33024
258	[-0.03062944  0.03890823]	0.002452013163533293	33152
259	[ 0.02415717 -0.00966481]	0.0006769774722136378	33280
260	[-0.03836863  0.00873071]	0.0015483772958271179	33408
261	[ 0.03197968 -0.04728582]	0.003258648802780666	33536
262	[0.06494846 0.03403451]	0.0053766504886121735	33664
263	[ 0.02466615 -0.01466718]	0.0008235450667290147	33792
264	[-0.02864261  0.06400435]	0.004916955636975621	33920
265	[-0.01670215  0.04777276]	0.0025611982893933853	34048
266	[-9.81644534e-05  3.02442594e-02]	0.0009147248600320919	34176
267	[-0.04535149 -0.01857608]	0.0024018282577285104	34304
268	[0.0206085  0.08264183]	0.007254381507859939	34432
269	[-0.00363595 -0.01998615]	0.00041266637413105254	34560
270	[-0.04142217  0.02781752]	0.0024896105456181225	34688
271	[ 0.00316544 -0.00426606]	2.8219322947076418e-05	34816
272	[-0.02371049 -0.0288728 ]	0.0013958256754678	34944
273	[-0.02311107 -0.01135105]	0.0006629678322312113	35072
274	[-0.04762087 -0.03822814]	0.0037291374886454336	35200
275	[ 0.02147073 -0.04335933]	0.0023410240914596325	35328
276	[-0.01058014  0.00380413]	0.00012641076191086936	35456
277	[-0.06547349  0.00295491]	0.004295509710855011	35584
278	[-0.00725298 -0.03958695]	0.001619732311382358	35712
279	[0.00358869 0.06500918]	0.004239072461572834	35840
280	[ 0.01986102 -0.01725479]	0.0006921876467927991	35968
281	[-0.04689739  0.02156028]	0.0026642109609398526	36096
282	[-0.00816687 -0.03483756]	0.0012803533755611429	36224
283	[-0.00913714  0.03580189]	0.0013652629599884205	36352
284	[-0.05840056  0.01043267]	0.003519466311873712	36480
285	[ 0.04122741 -0.0274979 ]	0.0024558337283097625	36608
286	[-0.02182035 -0.00138798]	0.00047805436526188503	36736
287	[0.013538   0.02869729]	0.0010068121947438985	36864
288	[-0.03732595 -0.01773339]	0.0017076999670110169	36992
289	[ 0.00487441 -0.00964714]	0.00011682728125072128	37120
290	[-0.0200706  -0.02507887]	0.001031778313141586	37248
291	[-0.02001511 -0.03347109]	0.0015209185473355957	37376
292	[-0.0030144   0.01889153]	0.0003659763392276622	37504
293	[ 0.04732387 -0.00241962]	0.0022454036759440893	37632
294	[0.01462975 0.02166972]	0.0006836064076778405	37760
295	[-0.00463036 -0.03435617]	0.0012017866202112656	37888
296	[0.07467783 0.01371336]	0.005764835017811323	38016
297	[-0.02894771 -0.00073806]	0.0008385147736084624	38144
298	[-0.01318558 -0.02273276]	0.0006906376739488944	38272
299	[-0.03694669 -0.02568235]	0.0020246412551541424	38400
300	[ 0.05263879 -0.02169454]	0.0032414952737660134	38528
301	[-0.02575209  0.0326976 ]	0.0017323031177709492	38656
302	[ 0.03546826 -0.0208979 ]	0.0016947195770303956	38784
303	[-0.00171585 -0.05004504]	0.0025074504600356372	38912
304	[ 0.02002747 -0.0143201 ]	0.0006061649895772682	39040
305	[ 0.0239834  -0.02461449]	0.0011810766133036879	39168
306	[-0.03803717  0.03300075]	0.0025358758254130833	39296
307	[0.03050608 0.02489186]	0.001550225374931762	39424
308	[-0.02859285 -0.01097935]	0.0009380972350501126	39552
309	[ 0.02672616 -0.00837614]	0.000784447230391076	39680
310	[-0.01439483  0.05653264]	0.003403150143980447	39808
311	[ 0.03020739 -0.01662612]	0.0011889141365579448	39936
312	[-0.010657    0.00868749]	0.00018904421947676855	40064
313	[ 0.02185534 -0.01449849]	0.000687862124037612	40192
314	[0.05274812 0.02757124]	0.0035425370874644377	40320
315	[-0.0041099  -0.05198485]	0.0027193160399221184	40448
316	[-0.01795532  0.06978085]	0.005191760022286774	40576
317	[-0.00125462  0.02643812]	0.0007005484949378957	40704
318	[-0.00335781 -0.04356582]	0.0019092554634739575	40832
319	[-0.02816214  0.02482764]	0.0014095182182235475	40960
320	[0.00254247 0.01606777]	0.00026463747300398203	41088
321	[-0.01344299 -0.05745437]	0.003481718104098311	41216
322	[-0.02079099  0.01609   ]	0.0006911530856177808	41344
323	[0.01697187 0.0156988 ]	0.0005344967003382719	41472
324	[-0.00384317 -0.00076871]	1.5360853475471068e-05	41600
325	[0.00874876 0.00278331]	8.42876690072835e-05	41728
326	[-0.03365267 -0.02831524]	0.0019342552181354348	41856
327	[-0.02847834  0.00725705]	0.0008636804622899735	41984
328	[-0.00193793 -0.00370196]	1.7460058673947623e-05	42112
329	[-0.01377346  0.00363716]	0.00020293702381265835	42240
330	[ 0.00059962 -0.04500113]	0.0020254613081399026	42368
331	[-0.0049725   0.00369959]	3.84126617646058e-05	42496
332	[-0.02664496 -0.03234778]	0.0017563328704653827	42624
333	[-0.00399312 -0.00045586]	1.615283190389469e-05	42752
334	[ 0.01011434 -0.01475138]	0.0003199032245058547	42880
335	[-0.0069377   0.03093033]	0.0010048171850512127	43008
336	[-0.04581078 -0.01927036]	0.002469974624572087	43136
337	[-0.02157393  0.03626365]	0.001780486707873945	43264
338	[ 0.01822585 -0.00818504]	0.00039917668785992375	43392
339	[ 0.02092064 -0.0292623 ]	0.0012939554668533393	43520
340	[-0.03991568  0.01162893]	0.0017284935771092003	43648
341	[-0.0233357  -0.01459111]	0.0007574556607638397	43776
342	[ 0.04426904 -0.03174187]	0.0029672935577542804	43904
343	[0.01229429 0.03618275]	0.0014603411841128233	44032
344	[-0.02133983  0.02140008]	0.0009133518903055994	44160
345	[ 0.01489003 -0.01976973]	0.0006125554167963431	44288
346	[-0.04562548  0.03565339]	0.0033528485661879215	44416
347	[-0.02816431 -0.0687434 ]	0.005518884029733177	44544
348	[ 0.00726557 -0.00930112]	0.00013929938579283923	44672
349	[-0.06621292  0.01037909]	0.004491876491727062	44800
350	[0.04728569 0.00610319]	0.0022731857313918386	44928
351	[-0.00304554 -0.00861336]	8.346527896037361e-05	45056
352	[-0.03020374  0.04647883]	0.0030725477449857577	45184
353	[0.04850979 0.03741408]	0.003753012566734731	45312
354	[ 0.00847865 -0.02538335]	0.0007162021439824412	45440
355	[-0.02020797 -0.01538898]	0.0006451827381035169	45568
356	[-0.01293701 -0.00364076]	0.00018062135749308587	45696
357	[-0.01854436  0.0089998 ]	0.0004248898770208561	45824
358	[-0.00456204 -0.01654755]	0.00029463368225021014	45952
359	[0.00617281 0.01581813]	0.00028831682866721194	46080
360	[-0.00502768 -0.02842728]	0.0008333876333050085	46208
361	[ 1.42002095e-05 -2.16141146e-02]	0.0004671701505054772	46336
362	[-0.02659049 -0.00795318]	0.0007703075116450414	46464
363	[-0.00950441  0.01886499]	0.0004462215445921965	46592
364	[-0.07168218  0.0092922 ]	0.005224679901583701	46720
365	[ 0.02362821 -0.00373056]	0.000572209360029762	46848
366	[ 0.01404223 -0.05259899]	0.00296383811141849	46976
367	[ 0.05131196 -0.01030377]	0.0027390854578054954	47104
368	[-0.00233208  0.02640367]	0.0007025926114839947	47232
369	[-0.03852884 -0.00486229]	0.0015081136870681467	47360
370	[0.00477813 0.00442354]	4.23981791975896e-05	47488
371	[0.00206415 0.01338126]	0.00018331889721236004	47616
372	[ 0.00989319 -0.02146365]	0.0005585634086842647	47744
373	[ 0.016287   -0.02452275]	0.0008666319507802209	47872
374	[-0.02339678  0.01935591]	0.0009220606889973444	48000
375	[-0.02423285 -0.01195817]	0.0007302290827445317	48128
376	[ 0.00976257 -0.00210154]	9.972427981998131e-05	48256
377	[-0.00903247 -0.00635594]	0.00012198345741799287	48384
378	[-0.04750829 -0.00183736]	0.002260413915365769	48512
379	[0.03824564 0.03280135]	0.0025386574643713002	48640
380	[ 0.0138244  -0.00521959]	0.00021835813089779343	48768
381	[ 0.01913961 -0.02217917]	0.000858240187265133	48896
382	[0.01636682 0.03054288]	0.0012007405370884812	49024
383	[-0.0238247   0.01453954]	0.0007790146274378127	49152
384	[-0.01813903  0.04619719]	0.0024632044447425567	49280
385	[-0.00754908 -0.0709755 ]	0.005094509828477565	49408
386	[ 0.03390397 -0.02790297]	0.0019280550500232183	49536
387	[-0.03266293 -0.03852158]	0.0025507790343338157	49664
388	[-0.00095752  0.01786761]	0.00032016839533476077	49792
389	[ 0.02922379 -0.00707406]	0.0009040724588452754	49920
390	[0.01168094 0.0382896 ]	0.0016025379199948607	50048
391	[0.03075569 0.03802952]	0.002392156814208372	50176
392	[-0.02615377  0.01720453]	0.0009800156381194562	50304
393	[-0.01805455 -0.03306851]	0.0014194932056301648	50432
394	[-0.04152505  0.03050296]	0.0026547608459512703	50560
395	[0.03775947 0.04592676]	0.0035350444819941228	50688
396	[-0.0389132   0.03304374]	0.002606125836388068	50816
397	[0.02248516 0.00794166]	0.0005686522255405469	50944
398	[-0.01216107 -0.00247974]	0.00015404064342977464	51072
399	[-0.02557931 -0.02582034]	0.0013209913941214708	51200
400	[0.00854544 0.0276616 ]	0.0008381887642756889	51328
401	[ 0.02562615 -0.03015635]	0.0015661046260229117	51456
402	[-0.06973024 -0.02436998]	0.0054562016588288265	51584
403	[-0.0127203  -0.00362291]	0.0001749315576265893	51712
404	[-0.0080358  0.0191201]	0.0004301522162460904	51840
405	[0.01861054 0.03804866]	0.0017940525171579915	51968
406	[-0.00372656 -0.00679133]	6.0009331259205546e-05	52096
407	[0.04335034 0.04071466]	0.0035369357479600352	52224
408	[-0.01001892 -0.04274886]	0.0019278434047354364	52352
409	[0.02638107 0.00720759]	0.0007479102156377197	52480
410	[-0.02706021  0.02167793]	0.001202187568424687	52608
411	[-0.00991744  0.02717674]	0.0008369309281264025	52736
412	[-0.02540374  0.03839701]	0.0021196806080885575	52864
413	[ 0.0390716  -0.00169742]	0.0015294707723180066	52992
414	[-0.01805854  0.00987413]	0.00042360921309491327	53120
415	[0.05184212 0.01118739]	0.00281276309980662	53248
416	[0.03894646 0.02479454]	0.002131596380848728	53376
417	[0.00389654 0.07747837]	0.006018080688575025	53504
418	[-0.04375101 -0.01659235]	0.0021894574441003846	53632
419	[-0.00449491 -0.03393085]	0.001171506892707233	53760
420	[-0.04579539 -0.00710468]	0.0021476945241315696	53888
421	[0.00028169 0.00150831]	2.35436042903531e-06	54016
422	[-0.00081416 -0.05426039]	0.002944852549690333	54144
423	[-0.01322801 -0.01587646]	0.00042704243218639017	54272
424	[-0.02456147  0.01199254]	0.0007470868519508793	54400
425	[-0.03778114 -0.02636561]	0.0021225602127478965	54528
426	[-0.02423766 -0.01305691]	0.0007579471917913498	54656
427	[ 0.02442235 -0.05870231]	0.004042412866845147	54784
428	[-0.00937126  0.03447868]	0.001276599783952874	54912
429	[-0.00261937  0.02567682]	0.0006661601546345475	55040
430	[-0.0404187   0.02323581]	0.0021735745853344144	55168
431	[-0.00784072 -0.0209857 ]	0.0005018764606990059	55296
432	[0.0029473  0.03624902]	0.0013226778485453334	55424
433	[-0.03846382 -0.00610251]	0.0015167058667477586	55552
434	[-0.03186452  0.01513911]	0.0012445398923072411	55680
435	[0.01620627 0.00536275]	0.00029140237377141764	55808
436	[-0.03181285  0.02866432]	0.001833700774699941	55936
437	[0.01981235 0.01483283]	0.0006125420209054727	56064
438	[0.00867992 0.04313845]	0.0019362671804977816	56192
439	[-0.02603684 -0.03014134]	0.001586417225065975	56320
440	[0.03947764 0.01436789]	0.0017649200626024784	56448
441	[ 0.01954215 -0.01460636]	0.0005952413341428322	56576
442	[ 0.00442856 -0.00473324]	4.2015707698708646e-05	56704
443	[-0.04679849 -0.04275147]	0.004017787239002197	56832
444	[-0.02688658  0.00940324]	0.0008113090336100946	56960
445	[0.04527893 0.04723401]	0.004281232976034581	57088
446	[-0.0147354   0.02207077]	0.0007042506994794315	57216
447	[-0.02857678 -0.01836162]	0.0011537815231761378	57344
448	[ 0.00709977 -0.02174784]	0.0005233754400733213	57472
449	[ 0.02326017 -0.00536754]	0.0005698461835689996	57600
450	[0.03228663 0.06652085]	0.005467450053727261	57728
451	[0.00994266 0.00776478]	0.00015914841405981106	57856
452	[0.03553436 0.01372255]	0.0014509993831533289	57984
453	[-0.03814847 -0.03984922]	0.0030432659004447564	58112
454	[-0.0272272   0.03064888]	0.001680674041406995	58240
455	[-0.00550169  0.00762032]	8.833787373093328e-05	58368
456	[-0.0339152  -0.02830404]	0.0019513592840580936	58496
457	[-0.0056757  0.0179582]	0.0003547105621191815	58624
458	[-0.0318841  -0.00649745]	0.0010588126878901612	58752
459	[-0.00918725 -0.03099865]	0.0010453220899570117	58880
460	[ 0.00727934 -0.01713205]	0.00034649582307813586	59008
461	[ 0.00629137 -0.01308709]	0.0002108531073259958	59136
462	[ 0.03313014 -0.00264431]	0.0011045989070379615	59264
463	[ 0.00510088 -0.0205809 ]	0.00044959219258203036	59392
464	[0.00540877 0.01636122]	0.0002969443739504405	59520
465	[ 0.06009712 -0.01392085]	0.003805454372257903	59648
466	[ 0.00397013 -0.02020243]	0.0004239001453618499	59776
467	[ 0.00533669 -0.02102705]	0.0004706170028478771	59904
468	[ 0.015407  -0.0012997]	0.00023906483571868405	60032
469	[0.00793367 0.00952546]	0.00015367765503232283	60160
470	[-0.00371428  0.01705588]	0.00030469908062128115	60288
471	[0.06413111 0.05506958]	0.007145457100643939	60416
472	[-0.04874636 -0.00822629]	0.0024438793806740035	60544
473	[-0.00278928  0.00715975]	5.9042183750947036e-05	60672
474	[-0.01403886 -0.00087351]	0.0001978524828149079	60800
475	[ 0.03682463 -0.05232311]	0.004093760862919552	60928
476	[ 0.04301442 -0.03381883]	0.0029939538278928386	61056
477	[-0.02406862 -0.01500707]	0.0008045105651384156	61184
478	[-0.03015484 -0.03110895]	0.0018770815813099206	61312
479	[ 0.03360568 -0.03414361]	0.0022951275201683365	61440
480	[ 0.02976129 -0.03568448]	0.0021591166457591597	61568
481	[-0.04553258 -0.0043622 ]	0.0020922441935273704	61696
482	[0.06213066 0.01226896]	0.004010745849409771	61824
483	[-0.041305  -0.0179254]	0.002027422647901517	61952
484	[0.01575032 0.01814634]	0.0005773622862033194	62080
485	[0.00260936 0.03346069]	0.0011264264643840582	62208
486	[-0.00880407  0.01006383]	0.00017879229383767266	62336
487	[-0.02448156 -0.02387705]	0.0011694604080304616	62464
488	[ 0.01972034 -0.02334795]	0.0009340183646596717	62592
489	[-0.00135821  0.00871252]	7.775269897069776e-05	62720
490	[0.03156021 0.00456469]	0.0010168831614386729	62848
491	[ 0.03262114 -0.02230384]	0.0015616002079954922	62976
492	[-0.03813366  0.01123079]	0.001580306492660658	63104
493	[ 0.06607564 -0.05173908]	0.007042923522309296	63232
494	[-0.01782353  0.05377545]	0.0032094774747358167	63360
495	[-0.01413017  0.02651049]	0.0009024677459798216	63488
496	[-0.05300562 -0.01175823]	0.0029478513668094817	63616
497	[0.00149046 0.00725275]	5.482386459799308e-05	63744
498	[ 0.01408098 -0.03291709]	0.0012818087035440372	63872
499	[0.04519615 0.00668881]	0.0020874321818787575	64000
500	[0.01288322 0.00681204]	0.00021238113496395823	64128
501	[-0.00879836  0.01034435]	0.00018441672783748415	64256
502	[ 0.02307564 -0.00936263]	0.0006201439283805179	64384
503	[-0.01965508 -0.03884522]	0.0018952734390401	64512
504	[0.0049572  0.01827854]	0.00035867901430418857	64640
505	[-0.0113737  -0.01024024]	0.0002342235949114442	64768
506	[-0.03216649 -0.03738468]	0.0024322972326109122	64896
507	[0.01822043 0.01889263]	0.0006889156837253782	65024
508	[0.01669978 0.02266738]	0.0007926925443654876	65152
509	[0.00852676 0.0363507 ]	0.001394078765256601	65280
510	[ 0.00195578 -0.00320239]	1.4080358791429083e-05	65408
511	[-0.01825536 -0.0471908 ]	0.0025602297949287338	65536
512	[-0.00455917 -0.03847856]	0.0015013855418600905	65664
513	[0.00554781 0.04841499]	0.0023747890462419052	65792
514	[ 0.04264645 -0.0134174 ]	0.001998746370742544	65920
515	[ 0.02741867 -0.01132751]	0.0008800958682047142	66048
516	[ 0.01230344 -0.00586939]	0.00018582441435976304	66176
517	[ 0.02563403 -0.0268476 ]	0.0013778973112969742	66304
518	[ 0.0454601  -0.00182216]	0.0020699412208979606	66432
519	[-0.01592296  0.05671233]	0.0034698287650176077	66560
520	[0.01187675 0.02326096]	0.0006821297097435095	66688
521	[-0.03546161 -0.00848117]	0.001329456352817739	66816
522	[-0.02637285 -0.01861766]	0.0010421444960141927	66944
523	[ 0.0142785 -0.0344095]	0.00138788905164775	67072
524	[0.02274083 0.02132742]	0.0009720041502408224	67200
525	[-0.0276891   0.00738803]	0.0008212690344984053	67328
526	[-0.03123026 -0.00535759]	0.0010040327954785797	67456
527	[ 0.00368476 -0.00302758]	2.2743673845780294e-05	67584
528	[-0.02712008  0.00713286]	0.0007863763261063119	67712
529	[0.07692174 0.00583822]	0.00595103908648053	67840
530	[-0.04125223  0.01917477]	0.002069418436005584	67968
531	[0.03125065 0.03866872]	0.0024718724399942498	68096
532	[-0.04705282 -0.02471633]	0.0028248652572397752	68224
533	[-0.0909184  -0.02237646]	0.008766861315961133	68352
534	[-0.04150081 -0.0623475 ]	0.00560952833913163	68480
535	[-0.05620271 -0.03773416]	0.004582610962402672	68608
536	[0.0138294 0.0303933]	0.001115005150357912	68736
537	[ 0.01002771 -0.00828131]	0.000169135026774191	68864
538	[ 0.04168832 -0.01267153]	0.0018984834133371532	68992
539	[-0.0539111   0.02099305]	0.003347114569648648	69120
540	[-0.01291855 -0.0200462 ]	0.0005687389261787629	69248
541	[ 0.02102346 -0.01700789]	0.0007312540640689524	69376
542	[ 0.01312818 -0.01805079]	0.0004981800367637759	69504
543	[0.03719215 0.00254934]	0.0013897552266146239	69632
544	[ 0.00648123 -0.0060009 ]	7.80172228511212e-05	69760
545	[-0.0418324   0.01684083]	0.0020335633406590873	69888
546	[ 0.0386342  -0.00137083]	0.001494480456809771	70016
547	[0.01558219 0.01879765]	0.0005961563047867289	70144
548	[-0.04193761 -0.00950602]	0.001849127263998232	70272
549	[ 0.03287852 -0.04764426]	0.0033509718424603544	70400
550	[-0.03417984  0.0322509 ]	0.0022083823239163088	70528
551	[ 0.04938334 -0.00697924]	0.0024874236487147246	70656
552	[0.04166825 0.00681754]	0.0017827218624179397	70784
553	[-0.02798192 -0.04218983]	0.0025629690444902743	70912
554	[-0.00874697 -0.01098357]	0.00019714832334910977	71040
555	[ 0.04271404 -0.01028991]	0.0019303709461594844	71168
556	[-0.01560523  0.00870829]	0.00031935765396859053	71296
557	[ 0.05090606 -0.01672901]	0.00287128643193419	71424
558	[0.06123931 0.01294892]	0.003917927461494164	71552
559	[-0.00667464 -0.03991585]	0.0016378257911656014	71680
560	[0.02438145 0.05519229]	0.0036406435266285652	71808
561	[0.0141676 0.0191656]	0.0005680409318271582	71936
562	[-0.04804309 -0.01503122]	0.0025340757723611427	72064
563	[ 0.00783001 -0.03291632]	0.0011447930704940993	72192
564	[ 0.02767874 -0.02786488]	0.0015425639899299204	72320
565	[0.01223441 0.0011069 ]	0.00015090601894485482	72448
566	[-0.02500687  0.00671593]	0.0006704472247187219	72576
567	[-0.04669247  0.03449173]	0.0033698660727564476	72704
568	[0.03737386 0.01250083]	0.0015530760146171053	72832
569	[ 0.02127613 -0.03590959]	0.0017421725161556657	72960
570	[-0.03467074  0.02266143]	0.001715600107584408	73088
571	[-0.02862076 -0.03228299]	0.001861339630423381	73216
572	[3.44468223e-02 5.11626999e-05]	0.0011865861873127334	73344
573	[-0.02227504  0.03211831]	0.0015277632285480808	73472
574	[ 0.02836927 -0.03740042]	0.00220360683969019	73600
575	[-0.02168989  0.02873259]	0.0012960130785633114	73728
576	[-0.04019842 -0.04137203]	0.003327558425027272	73856
577	[ 0.02998831 -0.05110489]	0.003511008660641029	73984
578	[-0.01280291 -0.01803601]	0.0004892124347041937	74112
579	[ 0.00121146 -0.015508  ]	0.00024196567747409542	74240
580	[0.02487636 0.00058773]	0.0006191786202084344	74368
581	[-0.04028526 -0.02717097]	0.002361163656779364	74496
582	[-0.00384901  0.01639398]	0.0002835774132739613	74624
583	[0.00016331 0.00892131]	7.961645439139767e-05	74752
584	[ 0.00612125 -0.03572845]	0.0013139917250439147	74880
585	[0.04102678 0.00784899]	0.0017448036443738482	75008
586	[0.00173498 0.02410134]	0.0005838849261887908	75136
587	[ 0.0203598  -0.00052212]	0.0004147942621815357	75264
588	[ 0.00471816 -0.02163857]	0.0004904887195666961	75392
589	[-0.02547121  0.10423945]	0.0115146443735071	75520
590	[ 0.00304109 -0.03999305]	0.001608692090971062	75648
591	[0.01015862 0.00682147]	0.00014972986188733898	75776
592	[ 0.01452972 -0.02250469]	0.000717573621873205	75904
593	[0.02317859 0.00908127]	0.0006197165850390585	76032
594	[-0.00972849  0.02341198]	0.0006427644144746657	76160
595	[-0.03262575  0.00909556]	0.001147168497910813	76288
596	[-0.01291044  0.00429261]	0.00018510596900589305	76416
597	[ 0.01107225 -0.04592847]	0.002232018712537422	76544
598	[0.0242181  0.02835586]	0.0013905714901334648	76672
599	[ 0.01361235 -0.07124388]	0.005260987181883217	76800
600	[-0.01627364 -0.0020329 ]	0.00026896398626197806	76928
601	[-0.05100111 -0.01367938]	0.0027882392490434934	77056
602	[ 0.09086192 -0.02230461]	0.008753384283761392	77184
603	[0.03655891 0.02909532]	0.002183092110668148	77312
604	[-0.04771221  0.04167956]	0.004013641156597627	77440
605	[-0.00265996  0.01492182]	0.00022973618711640345	77568
606	[-0.0199771  -0.05919727]	0.0039034019023069908	77696
607	[0.00803212 0.01554108]	0.00030604018360868744	77824
608	[-0.02747864  0.00489268]	0.0007790137883646342	77952
609	[-0.02799648 -0.03318853]	0.001885281429613903	78080
610	[0.0123709  0.03473933]	0.001359860032160348	78208
611	[0.014548   0.00609161]	0.000248752089561535	78336
612	[ 0.00579919 -0.01272752]	0.00019562029832226064	78464
613	[0.04812424 0.03969907]	0.0038919585716326918	78592
614	[0.0304478  0.00891255]	0.0010065020617984648	78720
615	[-0.01708398  0.00992698]	0.0003904073876050553	78848
616	[-0.03315252 -0.03670493]	0.002446341419160285	78976
617	[-0.02984064  0.00092402]	0.0008913176839147642	79104
618	[ 0.02742439 -0.00376656]	0.0007662842637394642	79232
619	[ 0.04506108 -0.02018454]	0.0024379168298802926	79360
620	[-0.01084101 -0.03075996]	0.0010637023790987707	79488
621	[-0.01437358  0.0165012 ]	0.00047888963687957894	79616
622	[ 0.04081406 -0.00770074]	0.0017250886007170799	79744
623	[0.04774927 0.01798738]	0.002603539095294376	79872
624	[-0.00821799  0.00809112]	0.0001330015965171275	80000
625	[ 0.02164945 -0.02854173]	0.0012833290779374032	80128
626	[0.0591417  0.02439742]	0.004092975199668009	80256
627	[0.00281278 0.02400551]	0.0005841761562001712	80384
628	[ 0.00429784 -0.0089653 ]	9.884794739059048e-05	80512
629	[ 0.00982658 -0.00861893]	0.00017084750801761825	80640
630	[ 0.00612303 -0.00562554]	6.91381806622488e-05	80768
631	[0.02079695 0.00705743]	0.0004823204479261189	80896
632	[0.03364569 0.05377921]	0.004024236303521182	81024
633	[ 0.013822   -0.01625556]	0.0004552908481863481	81152
634	[0.03630253 0.00095961]	0.00131879448004733	81280
635	[ 0.00562021 -0.04065964]	0.0016847929167468454	81408
636	[-0.07112243 -0.00969738]	0.005152438928123276	81536
637	[-0.012674   -0.03227669]	0.0012024149096506963	81664
638	[-0.01871332  0.0231807 ]	0.0008875332790822415	81792
639	[-0.0121714  -0.00515245]	0.00017469081941261122	81920
640	[-0.02101706 -0.04330659]	0.002317177325793761	82048
641	[0.061377   0.02323778]	0.004307130319425983	82176
642	[0.01843697 0.04433666]	0.0023056616240195336	82304
643	[ 0.00339542 -0.00880457]	8.904927512390527e-05	82432
644	[-0.03352331 -0.04796177]	0.003424143948235255	82560
645	[ 0.02418629 -0.00852935]	0.0006577263811039492	82688
646	[-0.02598777 -0.04530686]	0.0027280757122494833	82816
647	[0.00055566 0.00757454]	5.768234871968966e-05	82944
648	[ 0.03965805 -0.05947713]	0.005110290051268798	83072
649	[0.00529722 0.05579029]	0.003140617471990024	83200
650	[-0.03667394 -0.0110529 ]	0.001467144347899048	83328
651	[0.01283257 0.02463223]	0.0007714216362220819	83456
652	[-0.0346525  -0.06930917]	0.00600455649650298	83584
653	[ 0.03511759 -0.02136728]	0.0016898056733480535	83712
654	[ 0.03165529 -0.01335546]	0.0011804260100288608	83840
655	[-0.03952433 -0.08228193]	0.008332488538067749	83968
656	[-0.06449138 -0.03550987]	0.005420089076408434	84096
657	[-0.01744741  0.01344808]	0.00048526294852160954	84224
658	[0.00595344 0.0014066 ]	3.742198904977163e-05	84352
659	[-0.0118822  -0.04724969]	0.002373719947597143	84480
660	[ 0.00167217 -0.00127154]	4.412968182066414e-06	84608
661	[ 0.01594648 -0.00612629]	0.00029182173758350745	84736
662	[-0.00185052 -0.05197502]	0.0027048267451187822	84864
663	[ 0.02902749 -0.01191385]	0.0009845348334049189	84992
664	[-0.03930412 -0.04362624]	0.003448062160456018	85120
665	[-0.05857526  0.02167391]	0.0039008191194649326	85248
666	[0.03517056 0.02752   ]	0.0019943186252418393	85376
667	[-0.00324707  0.00805235]	7.538380172559065e-05	85504
668	[ 0.01841378 -0.01186132]	0.0004797580124556995	85632
669	[-0.00570842 -0.00872775]	0.00010875962201961733	85760
670	[-0.02944279  0.04043344]	0.0025017405932185295	85888
671	[0.04193053 0.00129144]	0.0017598370858565415	86016
672	[-0.00549334 -0.00582556]	6.411395400392669e-05	86144
673	[-0.01815405 -0.00973242]	0.0004242894157494389	86272
674	[ 0.0118377  -0.00818633]	0.00020714726936859346	86400
675	[-0.01206731  0.02879925]	0.0009750166101037626	86528
676	[ 0.0084543  -0.03002691]	0.0009730905424542997	86656
677	[-0.02303494 -0.01388561]	0.0007234188687666984	86784
678	[-0.01739219 -0.02485891]	0.0009204535986696444	86912
679	[ 0.03877514 -0.03029812]	0.002421487449783532	87040
680	[-0.0663446  -0.03169265]	0.005406029961575371	87168
681	[0.01774065 0.01087318]	0.00043295676501256856	87296
682	[-0.00597003  0.06699891]	0.004524494690248367	87424
683	[-0.02465403 -0.01878121]	0.000960555194498443	87552
684	[-0.08331402  0.02471001]	0.007551810041488055	87680
685	[-0.02316262 -0.01306822]	0.0007072850871599828	87808
686	[0.05173394 0.0376743 ]	0.004095753510863488	87936
687	[-0.02383303  0.02447268]	0.0011669253529752958	88064
688	[ 0.00962262 -0.0209061 ]	0.0005296598799391409	88192
689	[-0.04944069 -0.0095092 ]	0.002534807011054033	88320
690	[ 0.02947552 -0.02435897]	0.0014621655398946657	88448
691	[-0.02148505 -0.01151053]	0.0005940995872073582	88576
692	[ 0.00506546 -0.00496708]	5.033077134705662e-05	88704
693	[0.01859758 0.02407284]	0.0009253714361233049	88832
694	[0.01745686 0.03747324]	0.0017089855408498331	88960
695	[-0.04074802 -0.02504875]	0.0022878408919363435	89088
696	[0.04935286 0.04959361]	0.004895230801629544	89216
697	[-0.01157795  0.00781234]	0.00019508154498519917	89344
698	[ 0.00608169 -0.00736956]	9.12973011592804e-05	89472
699	[-0.02138773  0.01142112]	0.0005878767854218318	89600
700	[ 0.0412774 -0.0308977]	0.002658491614068825	89728
701	[0.03216343 0.01008537]	0.0011362010890962285	89856
702	[-0.02999844  0.00894421]	0.0009799053479260219	89984
703	[-0.01186292 -0.00546014]	0.00017054212041751502	90112
704	[ 0.02983907 -0.04745823]	0.00314265431520637	90240
705	[0.00827523 0.00354884]	8.10737679251644e-05	90368
706	[-0.04282526  0.01508257]	0.002061486446712145	90496
707	[0.02634308 0.03004373]	0.0015965836448537467	90624
708	[-0.02367283 -0.01989658]	0.0009562769572597034	90752
709	[-0.03249627 -0.02577844]	0.0017205354964165732	90880
710	[-0.02929895 -0.0033    ]	0.0008693184215417083	91008
711	[-0.01788581  0.01040715]	0.0004282110638971836	91136
712	[-0.03606513  0.01645148]	0.0015713449052817245	91264
713	[-0.02773714 -0.02207041]	0.0012564518420839896	91392
714	[-0.0196661   0.00157089]	0.0003892232506100832	91520
715	[ 0.02858638 -0.00955708]	0.0009085188563125437	91648
716	[-0.05046394 -0.00046242]	0.0025468232302493306	91776
717	[-0.03963708  0.03733407]	0.0029649305270495196	91904
718	[ 0.03756968 -0.02924553]	0.00226678198789549	92032
719	[0.00032355 0.00745993]	5.575529379455005e-05	92160
720	[-0.00750657 -0.03011178]	0.0009630679660183321	92288
721	[-0.0269073  -0.01174704]	0.0008619956493944198	92416
722	[0.00516484 0.00595729]	6.216485722758337e-05	92544
723	[ 0.03578188 -0.01009985]	0.0013823500847898946	92672
724	[-0.00583966 -0.03749941]	0.0014403075053125568	92800
725	[ 0.00029767 -0.0484444 ]	0.0023469484975279778	92928
726	[-0.00308733  0.03233528]	0.001055102003768562	93056
727	[ 0.01331158 -0.02717799]	0.000915841405099802	93184
728	[-0.01192328  0.05595852]	0.0032735206547695223	93312
729	[-0.00652671  0.00483373]	6.596292110941558e-05	93440
730	[-0.01750574  0.00544193]	0.00033606551016205385	93568
731	[-0.00626867 -0.00166552]	4.207023942421471e-05	93696
732	[0.01651151 0.00137505]	0.000274520591888853	93824
733	[-0.02732025 -0.00846353]	0.0008180276362420201	93952
734	[-0.00899755  0.04307112]	0.001936077657159221	94080
735	[ 0.00587196 -0.01299914]	0.000203457470481155	94208
736	[0.02225786 0.07111774]	0.005553144708758747	94336
737	[-0.00068567  0.01108685]	0.00012338838327749505	94464
738	[ 0.00057693 -0.03029662]	0.0009182179522037238	94592
739	[-0.01230636 -0.011727  ]	0.0002889689568590729	94720
740	[-0.00358784  0.03665699]	0.0013566071336939187	94848
741	[-0.02981611 -0.01351732]	0.0010717187143664906	94976
742	[0.05401536 0.02471641]	0.0035285601944002477	95104
743	[-0.02510776 -0.00291965]	0.000638923720852797	95232
744	[0.01716489 0.01475807]	0.0005124342028083957	95360
745	[ 0.00263448 -0.08364376]	0.007003218847217915	95488
746	[ 0.00800556 -0.00548869]	9.421475214023717e-05	95616
747	[-0.00786731 -0.01677262]	0.00034321538214663385	95744
748	[ 0.01190717 -0.09180959]	0.00857078220553397	95872
749	[0.01667289 0.05283351]	0.0030693649112802437	96000
750	[-0.02272159  0.0085336 ]	0.0005890931930667796	96128
751	[-0.02396267  0.01487006]	0.0007953284053384847	96256
752	[ 0.02079171 -0.02121166]	0.0008822299807879532	96384
753	[-0.0060025  -0.00202107]	4.011469519808948e-05	96512
754	[ 0.01232915 -0.0010867 ]	0.00015318887640244322	96640
755	[-0.01727485 -0.02043969]	0.0007162014258443764	96768
756	[ 0.01757523 -0.00692402]	0.0003568308879030398	96896
757	[ 0.04468423 -0.02942029]	0.0028622345636551824	97024
758	[-0.00288471 -0.02315856]	0.0005446405119074359	97152
759	[ 0.04624731 -0.00133213]	0.0021405885884838434	97280
760	[ 0.01502349 -0.01729332]	0.000524764139510016	97408
761	[0.04119019 0.01724293]	0.0019939503922887826	97536
762	[-0.01514094  0.03727647]	0.0016187828302490694	97664
763	[0.03579238 0.06836079]	0.0059542923220615015	97792
764	[0.01051344 0.00322261]	0.00012091769259733038	97920
765	[-0.0091225  -0.01151249]	0.00021575744872850587	98048
766	[-0.05278241  0.03323768]	0.003890726430962405	98176
767	[-0.00076873  0.01271819]	0.00016234342843915046	98304
768	[0.00459255 0.02258956]	0.0005313797863496278	98432
769	[ 0.02517508 -0.00336464]	0.000645105382787825	98560
770	[-0.01619394  0.00956548]	0.0003537419046250949	98688
771	[-0.01264907 -0.06062854]	0.0038358190404392026	98816
772	[0.02785098 0.00840904]	0.000846389018272469	98944
773	[-0.03033042 -0.03846233]	0.002399285370104633	99072
774	[0.03391641 0.05221205]	0.0038764206401360147	99200
775	[-0.00378801 -0.02203738]	0.0004999953664957081	99328
776	[ 0.02623502 -0.00820227]	0.0007555534151460843	99456
777	[ 0.04317652 -0.05346045]	0.004722231397941	99584
778	[-0.04180563 -0.01201649]	0.0018921064819289156	99712
779	[-0.01246105 -0.01736313]	0.00045675594970348565	99840
780	[ 0.00148718 -0.03102403]	0.0009647020405127253	99968
781	[-0.05589352 -0.01526122]	0.0033569898223870234	100096
Result: mean = 0.04544917297672372 std = 1.2202180628855632