#GEN	x_best	f(x_best)	#eval
0	[3.77173099 2.92795961]	22.79890210776867	1024
1	[-0.04017079  0.0384782 ]	0.0030942646691918584	2048
2	[ 0.03999815 -0.02010546]	0.002004081353660406	3072
3	[-0.00797854 -0.00223589]	6.86563243640648e-05	4096
4	[ 0.00128255 -0.00192272]	5.3417812682424594e-06	5120
5	[ 0.00524934 -0.00532719]	5.5934528920997925e-05	6144
6	[-0.01498061  0.02129676]	0.0006779704952348043	7168
7	[-0.01247487 -0.00441796]	0.00017514065698925817	8192
8	[ 0.00667356 -0.01483793]	0.00026470062711074786	9216
9	[-0.00142256 -0.00310701]	1.1677169353184491e-05	10240
10	[-0.00066417  0.00184721]	3.853295778053837e-06	11264
11	[-0.00585964 -0.01142506]	0.0001648673966172757	12288
12	[ 0.01719589 -0.00121046]	0.00029716381381229	13312
13	[-0.00051466 -0.00171112]	3.192814575679748e-06	14336
14	[ 0.00311607 -0.00491536]	3.387062474224281e-05	15360
15	[-0.00347421  0.00973477]	0.00010683598113054724	16384
16	[0.01484174 0.00436879]	0.0002393636654359166	17408
17	[0.01150663 0.01523355]	0.0003644636923454486	18432
18	[-0.00856807 -0.00615822]	0.00011133555400441255	19456
19	[-1.70985416e-05  6.65798225e-03]	4.4329020034178914e-05	20480
20	[-0.00225118 -0.01081065]	0.00012193803449157421	21504
21	[-0.00418237  0.00191319]	2.115250161638921e-05	22528
22	[0.00212189 0.00528734]	3.245838534680016e-05	23552
23	[-0.01656468 -0.00940901]	0.00036291815525432697	24576
24	[ 0.00433591 -0.00636619]	5.9328488996647074e-05	25600
25	[ 0.00965056 -0.00035513]	9.325935462276755e-05	26624
26	[0.01037802 0.01544418]	0.00034622605484387753	27648
27	[0.00914878 0.01365714]	0.0002702177034622529	28672
28	[-7.72739926e-05  4.48494029e-03]	2.0120660632652997e-05	29696
29	[ 2.39816266e-03 -3.23775107e-05]	5.752232441775855e-06	30720
30	[0.00511019 0.01140463]	0.00015617964682311598	31744
31	[0.00438497 0.0149042 ]	0.0002413631319230406	32768
32	[-0.00814473 -0.00668596]	0.0001110387699439103	33792
33	[ 0.00258819 -0.00686306]	5.380026413640617e-05	34816
34	[-0.00470697 -0.00588507]	5.6789518277215186e-05	35840
35	[ 0.01135103 -0.02656928]	0.0008347722399366758	36864
36	[ 0.01945058 -0.00888427]	0.00045725520412238143	37888
37	[-0.00715963 -0.0084547 ]	0.0001227423061030336	38912
38	[-0.00307207  0.00339   ]	2.0929718410889245e-05	39936
39	[-0.01183532  0.00356389]	0.0001527761466044474	40960
40	[ 0.00576965 -0.00517848]	6.0105572847220046e-05	41984
41	[0.01678965 0.0039497 ]	0.0002974926103514193	43008
42	[0.02000276 0.00923224]	0.0004853447169975479	44032
43	[-0.00834064  0.00073224]	7.01025179535799e-05	45056
44	[-0.00063248 -0.00388721]	1.551041426109401e-05	46080
45	[-0.00335864  0.02136461]	0.00046772710734295904	47104
46	[-0.00631932 -0.0037995 ]	5.436998121919582e-05	48128
47	[ 0.0045817  -0.01229409]	0.00017213647529546117	49152
48	[0.00222583 0.00655766]	4.7957220019614685e-05	50176
49	[-0.00324234 -0.00063226]	1.0912546186650854e-05	51200
50	[-0.01055569  0.01570904]	0.000358196491443604	52224
51	[-0.01039702 -0.00102774]	0.00010915420618702959	53248
52	[-0.00018815 -0.017553  ]	0.00030814314705685186	54272
53	[0.00693806 0.00957304]	0.00013977982795726674	55296
54	[-0.01235    -0.00610541]	0.00018979851902402648	56320
55	[-0.00313945  0.00923226]	9.509073394343631e-05	57344
56	[-0.00431653 -0.00329889]	2.951509827868051e-05	58368
57	[-0.0013354  -0.00076002]	2.3609315085411178e-06	59392
58	[0.00671004 0.01123266]	0.00017119724677297482	60416
59	[ 0.00416472 -0.00772032]	7.694816321107026e-05	61440
60	[-1.42963891e-02 -9.20319589e-05]	0.00020439521038122021	62464
61	[-0.00257203  0.00118686]	8.023966818560292e-06	63488
62	[-0.00462571 -0.00129374]	2.3070996946946486e-05	64512
63	[-0.00134047  0.00861656]	7.604187053467005e-05	65536
64	[-0.00180949  0.00605603]	3.994971656924526e-05	66560
65	[-0.00060045  0.0023375 ]	5.824429103052581e-06	67584
66	[-0.00762402 -0.00083813]	5.882815946808449e-05	68608
67	[0.01170223 0.00170283]	0.00013984180508647771	69632
68	[0.01374105 0.02407621]	0.0007684804978137008	70656
69	[-0.00527541  0.00994579]	0.000126748578262018	71680
70	[ 0.0043366  -0.00306799]	2.821866679567865e-05	72704
71	[0.00372584 0.00397505]	2.9682935894641738e-05	73728
72	[-0.01038468 -0.00303518]	0.00011705382988647129	74752
73	[-0.01115005  0.01299851]	0.00029328486158402547	75776
74	[ 0.01166781 -0.01986122]	0.0005306060816771867	76800
75	[-0.01004994  0.01475526]	0.00031871880109619953	77824
76	[0.01887342 0.02027008]	0.0007670819607222179	78848
77	[-0.01475544 -0.00680757]	0.00026406599070565034	79872
78	[0.01069894 0.00906965]	0.00019672588124317972	80896
79	[0.01488999 0.00556474]	0.00025267827437142743	81920
80	[1.58770052e-03 6.91248805e-06]	2.5208407219673763e-06	82944
81	[0.00532067 0.00846983]	0.00010004750738594297	83968
82	[ 0.00067592 -0.01218951]	0.00014904106906481364	84992
83	[-0.01520023  0.01340948]	0.00041086128137293677	86016
84	[ 0.00221988 -0.00421355]	2.2681879501274552e-05	87040
85	[-0.00533984 -0.00884043]	0.0001066670346129925	88064
86	[ 0.00256988 -0.00825319]	7.471937024748554e-05	89088
87	[ 0.00819196 -0.01338732]	0.00024632856261222057	90112
88	[-0.00226455 -0.00626765]	4.441160969277483e-05	91136
89	[3.04742426e-05 1.02076291e-02]	0.00010419662088720576	92160
90	[-0.00315365  0.00123558]	1.1472151053972229e-05	93184
91	[0.0042659  0.00474349]	4.069862094898813e-05	94208
92	[ 0.00973033 -0.00299954]	0.000103676550708851	95232
93	[ 0.00843855 -0.0093353 ]	0.0001583568808052996	96256
94	[0.00916516 0.00496647]	0.00010866596086892923	97280
95	[-0.00512057 -0.0089623 ]	0.00010654307610077951	98304
96	[-0.0008913  -0.00576162]	3.399064824605369e-05	99328
97	[0.00846425 0.01319993]	0.00024588155183282096	100352
Result: mean = 0.23285359282663995 std = 2.291235114951201