#GEN	x_best	f(x_best)	#eval
0	[1.47250848 5.12      ]	28.382681213751333	128
1	[-0.63506359  0.28688105]	0.4856064956750783	256
2	[-0.53733257  0.25060085]	0.35152708059848786	384
3	[-0.0871708  -0.02624335]	0.008287461757399023	512
4	[-0.00294916 -0.00303398]	1.7902601198555964e-05	640
5	[ 0.04236914 -0.03683807]	0.003152187356711391	768
6	[0.01087861 0.00093829]	0.00011922460447854028	896
7	[ 0.01985579 -0.01517007]	0.0006243833178677943	1024
8	[-0.04474882  0.04572793]	0.0040935000552053714	1152
9	[-0.03059966 -0.02277487]	0.001455034063594148	1280
10	[ 0.00722449 -0.00021902]	5.224125359262694e-05	1408
11	[0.01030661 0.0031285 ]	0.00011601375470280163	1536
12	[-0.00236154 -0.01957199]	0.0003886395156002124	1664
13	[-0.02303121 -0.00381014]	0.000544953769786894	1792
14	[-0.03222146  0.01128932]	0.0011656711761878062	1920
15	[ 0.04746309 -0.01007153]	0.0023541802553590026	2048
16	[0.03023903 0.01798053]	0.0012376980764345021	2176
17	[-0.00976199  0.00995784]	0.00019445506759417563	2304
18	[ 0.02793801 -0.00194104]	0.0007843001549574021	2432
19	[ 0.03803348 -0.00908623]	0.0015291054339377605	2560
20	[-0.02785717 -0.0624653 ]	0.004677936193466927	2688
21	[0.00426962 0.01281825]	0.0001825373112180108	2816
22	[-0.03113898 -0.00625172]	0.0010087200440271604	2944
23	[-0.02736718  0.03524952]	0.0019914910154168832	3072
24	[-0.01702651 -0.00602484]	0.0003262006942631772	3200
25	[-0.00385911 -0.02759146]	0.0007761814291982151	3328
26	[0.00921439 0.05595769]	0.003216167828867455	3456
27	[-0.03421148 -0.01086577]	0.0012884906004011225	3584
28	[ 0.00537556 -0.04909709]	0.002439421282622369	3712
29	[-0.02336551  0.00747442]	0.0006018137259560649	3840
30	[-0.00315455  0.00208371]	1.4293052496396804e-05	3968
31	[0.01595399 0.02924323]	0.0011096963104495036	4096
32	[-0.00131824  0.02041581]	0.0004185429441799331	4224
33	[ 0.04123364 -0.01454379]	0.001911734665836292	4352
34	[-0.00538175 -0.01153468]	0.00016201220755602028	4480
35	[0.02720644 0.00437195]	0.0007593040970568655	4608
36	[ 0.03001185 -0.02259087]	0.0014110586958070237	4736
37	[ 0.03249511 -0.00395179]	0.0010715489256283206	4864
38	[-0.02899857  0.00301108]	0.000849983800865327	4992
39	[ 0.03442656 -0.00430469]	0.0012037185117077004	5120
40	[0.00566014 0.0297886 ]	0.0009193980432739512	5248
41	[-0.00183614 -0.00761869]	6.14159003451623e-05	5376
42	[-0.0167233   0.02049288]	0.000699626861042339	5504
43	[-0.05159101 -0.01789351]	0.0029818101924175724	5632
44	[ 0.03673356 -0.01439144]	0.0015564682575997001	5760
45	[ 0.04294272 -0.05070539]	0.0044151138437845405	5888
46	[0.01813705 0.01294145]	0.0004964339986156366	6016
47	[ 0.02300321 -0.01937913]	0.0009046980732159125	6144
48	[ 0.03847237 -0.00099023]	0.0014811039533061234	6272
49	[-0.05548138  0.03981669]	0.004663553041711155	6400
50	[0.03077535 0.00183631]	0.0009504944171381109	6528
51	[-0.01422959  0.00748402]	0.00025849178626802716	6656
52	[-0.03084181  0.01193717]	0.001093713113136303	6784
53	[0.03593262 0.00452419]	0.0013116214965400463	6912
54	[-0.03095806 -0.05962541]	0.004513591406463801	7040
55	[-0.04419774  0.01235127]	0.0021059943262627763	7168
56	[-0.00263499 -0.01751247]	0.00031362961624652625	7296
57	[0.00250162 0.02526373]	0.0006445143090067067	7424
58	[-0.00640943  0.01201885]	0.0001855334932327392	7552
59	[0.02426897 0.02916484]	0.0014395706792935106	7680
60	[0.0255836  0.02243806]	0.0011579872199245478	7808
61	[ 0.09295961 -0.02541955]	0.009287643073706706	7936
62	[-0.0489082   0.00069001]	0.0023924885265206733	8064
63	[-0.02848359 -0.00398555]	0.0008271992809404674	8192
64	[0.0376702  0.00537039]	0.0014478846779020997	8320
65	[ 0.02205546 -0.04757072]	0.0027494167105465025	8448
66	[-3.17750474e-02  6.96799059e-06]	0.0010096536838644632	8576
67	[-0.03240262  0.01527951]	0.0012833930749757247	8704
68	[ 0.03880021 -0.04089352]	0.0031777361869836165	8832
69	[-0.00549082 -0.02108309]	0.000474645878647594	8960
70	[-0.01195121 -0.03019455]	0.0010545424410917425	9088
71	[-0.06603144 -0.05705998]	0.007615992947292623	9216
72	[-0.00224203  0.05345536]	0.002862501697204409	9344
73	[ 0.02183447 -0.0041147 ]	0.0004936748267997854	9472
74	[ 0.00405521 -0.00199729]	2.0433873290744334e-05	9600
75	[-0.05227542  0.02393001]	0.0033053653916177246	9728
76	[-0.01987252 -0.01086899]	0.000513051927981986	9856
77	[-0.01676855 -0.03455535]	0.0014752564829227993	9984
78	[ 0.02516085 -0.01263057]	0.0007925994665662751	10112
79	[ 0.03148721 -0.02175953]	0.0014649211872747212	10240
80	[-0.02167745  0.01706335]	0.0007610699222153159	10368
81	[0.02954755 0.02297059]	0.001400705784354527	10496
82	[0.05151737 0.02933422]	0.0035145361278232697	10624
83	[-0.00146415 -0.01941557]	0.0003791081344747129	10752
84	[-0.02948932  0.02720092]	0.0016095099426810552	10880
85	[ 0.00692246 -0.01577687]	0.0002968300950580723	11008
86	[0.02628975 0.00469493]	0.0007131933333640995	11136
87	[-0.00963546  0.00727708]	0.00014579797009016803	11264
88	[ 0.00837827 -0.02864926]	0.0008909755931115888	11392
89	[0.00949421 0.02305064]	0.0006214717332337011	11520
90	[ 0.055908   -0.01444487]	0.0033343585147835005	11648
91	[ 0.04743187 -0.00097158]	0.0022507263947352256	11776
92	[0.00821711 0.0052195 ]	9.476397552192703e-05	11904
93	[0.01717289 0.06437789]	0.004439420914679995	12032
94	[-0.0231615   0.00121245]	0.0005379252721761589	12160
95	[0.02647071 0.01139947]	0.000830646597708076	12288
96	[0.02238597 0.02128253]	0.000954077967724704	12416
97	[-0.0072543   0.05117057]	0.002671052393158259	12544
98	[ 0.05398469 -0.01280081]	0.0030782079953884096	12672
99	[0.00224948 0.00623629]	4.3951475985107475e-05	12800
100	[-0.01164931 -0.0115477 ]	0.0002690557750903516	12928
101	[-0.00101056 -0.02562599]	0.0006577127298357169	13056
102	[-0.00050263  0.00853928]	7.317191726009987e-05	13184
103	[-0.03089358 -0.00979248]	0.0010503057223322765	13312
104	[-0.02688166 -0.01198039]	0.0008661534643263735	13440
105	[0.011453   0.02786878]	0.0009078398612296726	13568
106	[ 0.03507813 -0.02658244]	0.0019371018381641849	13696
107	[ 0.02740044 -0.0116201 ]	0.0008858105326683302	13824
108	[-0.00816341 -0.00940749]	0.0001551421442391851	13952
109	[ 0.04990571 -0.04820572]	0.004814371613212138	14080
110	[-0.01514988  0.04130874]	0.0019359305153111841	14208
111	[-0.04210927  0.02524338]	0.002410418683715028	14336
112	[ 0.00306389 -0.02234351]	0.0005086197550544762	14464
113	[ 0.05818645 -0.05545061]	0.006460432796706359	14592
114	[-0.02593271  0.0056238 ]	0.0007041323632506824	14720
115	[-0.02110257 -0.01467005]	0.0006605289554867967	14848
116	[-0.01303187  0.0033233 ]	0.00018087396078515146	14976
117	[ 0.00236583 -0.01445322]	0.0002144927863261083	15104
118	[-0.05594673 -0.03699044]	0.004498329755909224	15232
119	[ 0.01592414 -0.00905582]	0.00033558614584707	15360
120	[-0.01683889  0.00248646]	0.00028973075579679655	15488
121	[0.01323021 0.01215505]	0.00032278352782061967	15616
122	[-0.02970505  0.02302841]	0.0014126975538507273	15744
123	[0.06806181 0.0056604 ]	0.0046644507151688734	15872
124	[ 0.00762585 -0.02432234]	0.0006497298080441754	16000
125	[ 0.01678579 -0.04333644]	0.0021598095522992063	16128
126	[-0.06480507 -0.0053018 ]	0.004227806654578282	16256
127	[-0.01101034 -0.01477882]	0.0003396412164077159	16384
128	[0.06015521 0.00347085]	0.0036306956629047053	16512
129	[-0.03473369 -0.02921844]	0.002060146381129249	16640
130	[ 0.02071967 -0.00576982]	0.0004625956272656906	16768
131	[-0.00670064 -0.00233162]	5.0335055962636704e-05	16896
132	[-1.66451367e-02  4.45703952e-05]	0.0002770625636097399	17024
133	[ 0.03230024 -0.00466323]	0.001065051158861842	17152
134	[ 0.01886467 -0.03373083]	0.0014936443403048578	17280
135	[0.00204871 0.00980844]	0.00010040270837464284	17408
136	[ 0.01926293 -0.01662559]	0.0006474706658812905	17536
137	[-0.06522907 -0.02578106]	0.00491949402013034	17664
138	[-0.03492603 -0.05515494]	0.00426189545196969	17792
139	[0.00944598 0.00034444]	8.934510037536364e-05	17920
140	[-0.0216941  -0.02154947]	0.0009350139019206382	18048
141	[ 0.01849925 -0.01500121]	0.0005672583189841926	18176
142	[-0.04203277 -0.01409966]	0.001965553857955315	18304
143	[ 0.02405003 -0.02927152]	0.0014352258668851535	18432
144	[-0.02099114 -0.02459914]	0.001045745763952572	18560
145	[-0.01225888  0.04560747]	0.0022303213674976464	18688
146	[-0.00485482  0.02367156]	0.0005839118005215026	18816
147	[0.00700686 0.02973321]	0.0009331598551257461	18944
148	[ 0.04897893 -0.01857493]	0.0027439640404719827	19072
149	[-0.00034577  0.02981588]	0.0008891059639424985	19200
150	[0.00673482 0.03224652]	0.001085196059979021	19328
151	[-0.00911245  0.01246649]	0.00023845001575936454	19456
152	[0.06558764 0.00694425]	0.00434996068081607	19584
153	[0.07042701 0.00916197]	0.005043904998662363	19712
154	[-0.03397239 -0.00356562]	0.0011668367765707629	19840
155	[0.01432871 0.01501629]	0.0004308008029200929	19968
156	[0.01332152 0.00652645]	0.0002200574021303573	20096
157	[ 0.01282508 -0.00528377]	0.0001924008461317182	20224
158	[-0.01843543 -0.00403838]	0.0003561736522298046	20352
159	[-0.00017221  0.00918715]	8.443343883852509e-05	20480
160	[ 0.03344241 -0.03860263]	0.0026085578139365584	20608
161	[ 0.00113869 -0.03523869]	0.0012430618474605815	20736
162	[-0.02685919  0.02047754]	0.0011407453980906233	20864
163	[-0.04991105 -0.00506074]	0.002516724461693194	20992
164	[ 0.00137597 -0.0023911 ]	7.610640975910546e-06	21120
165	[-0.00470261 -0.00061841]	2.2496960718023614e-05	21248
166	[-0.00332806  0.01671616]	0.00029050585561954953	21376
167	[-0.00218154  0.001189  ]	6.172842575359839e-06	21504
168	[ 0.03217477 -0.00208788]	0.0010395749631472938	21632
169	[-0.00029393  0.01220738]	0.00014910658465040267	21760
170	[ 0.00883087 -0.01597064]	0.00033304574389935826	21888
171	[0.0106326  0.05178823]	0.0027950730049545046	22016
172	[-0.06988561  0.00365107]	0.004897329187319737	22144
173	[ 0.02684425 -0.01338916]	0.0008998831323834772	22272
174	[0.0285673  0.01434653]	0.0010219135396129658	22400
175	[ 0.01959574 -0.02889498]	0.0012189130284430156	22528
176	[-0.07545366 -0.03444061]	0.006879410594689703	22656
177	[-0.04857719  0.00310805]	0.0023694030121601066	22784
178	[-0.02279435 -0.04251494]	0.0023271023283741223	22912
179	[0.03845554 0.00802919]	0.00154329611530236	23040
180	[ 0.03110155 -0.00892456]	0.0010469541971726694	23168
181	[ 0.07658382 -0.0086837 ]	0.005940488658706346	23296
182	[0.00738339 0.01534486]	0.00028997932154064377	23424
183	[0.03451984 0.0107934 ]	0.0013081165146846048	23552
184	[0.0073684  0.01731796]	0.0003542052351319367	23680
185	[-0.00211988  0.02600845]	0.0006809332763856018	23808
186	[0.01801697 0.00479744]	0.0003476266896001278	23936
187	[-0.01751277  0.02413722]	0.0008893027349187498	24064
188	[ 0.00564217 -0.01553911]	0.00027329790988787515	24192
189	[0.0449276  0.01647849]	0.0022900300992545735	24320
190	[-0.00946881  0.01786525]	0.00040882536753588213	24448
191	[ 0.00887175 -0.01604726]	0.0003362223472926295	24576
192	[0.02877291 0.00637982]	0.0008685827109053117	24704
193	[ 0.02337023 -0.02480713]	0.0011615614556740208	24832
194	[ 0.03082104 -0.01426368]	0.0011533892067566772	24960
195	[-0.0057012  -0.03961827]	0.001602110721939265	25088
196	[0.04281618 0.01009391]	0.0019351125613672063	25216
197	[0.00186937 0.00377947]	1.7778961283492563e-05	25344
198	[-0.03099121 -0.02483664]	0.0015773137112137592	25472
199	[0.04910737 0.03173304]	0.003418519346149562	25600
200	[ 0.06205951 -0.01687698]	0.004136215946611933	25728
201	[0.02753691 0.00510135]	0.0007843050733330976	25856
202	[ 0.01770451 -0.04190578]	0.002069544052323391	25984
203	[-0.03954595  0.01410888]	0.0017629424118030261	26112
204	[-0.02699517 -0.02757366]	0.0014890458931879017	26240
205	[-0.04009338 -0.03114331]	0.0025773844738976016	26368
206	[-0.007529    0.01829099]	0.00039124600944188595	26496
207	[0.03670524 0.03025903]	0.0022628832863863697	26624
208	[ 0.01868794 -0.04430932]	0.002312555153337382	26752
209	[-0.03970019 -0.02969366]	0.0024578185240182343	26880
210	[-0.06492183  0.02026508]	0.0046255168923952285	27008
211	[0.00871486 0.04597258]	0.0021894271431977916	27136
212	[-0.02635263  0.07231609]	0.005924077388371172	27264
213	[-0.0483535   0.03769414]	0.0037589092825349767	27392
214	[0.02902625 0.0558744 ]	0.003964471651173785	27520
215	[-0.00605122  0.02767372]	0.0008024519468178655	27648
216	[ 0.03085428 -0.00931156]	0.0010386915857146946	27776
217	[ 0.00558976 -0.02560219]	0.0006867177477862287	27904
218	[0.00156325 0.05160749]	0.0026657772545913795	28032
219	[-0.0268619  -0.03045453]	0.0016490402139039445	28160
220	[-1.03989530e-02 -3.98526789e-05]	0.0001081398119329806	28288
221	[ 0.06741113 -0.00074774]	0.004544818900526222	28416
222	[0.03061893 0.01782341]	0.0012551926628791789	28544
223	[-0.02107746  0.00509851]	0.00047025408018914284	28672
224	[0.03184185 0.04353747]	0.0029094147390891605	28800
225	[-0.00390852 -0.01892298]	0.00037335551945626817	28928
226	[-0.03905284  0.03653735]	0.0028601021304296313	29056
227	[-0.01092228 -0.00064565]	0.00011971309960191802	29184
228	[0.03567289 0.01013395]	0.001375252344510664	29312
229	[-0.00021332 -0.00538037]	2.899385695841334e-05	29440
230	[ 0.00108269 -0.00419809]	1.879620790431619e-05	29568
231	[-0.00163995 -0.0061248 ]	4.020255518698612e-05	29696
232	[-0.02938237 -0.01299456]	0.0010321824317011939	29824
233	[-0.02675935 -0.02068808]	0.0011440596666002292	29952
234	[ 0.02418429 -0.06590196]	0.0049279488216538315	30080
235	[ 0.02662425 -0.03344443]	0.0018273808501873055	30208
236	[-0.01318142 -0.00404907]	0.00019014473232112757	30336
237	[ 0.01645152 -0.01530562]	0.0005049146841915979	30464
238	[0.0248106  0.03737966]	0.002012804771842253	30592
239	[-0.04798966  0.00469266]	0.0023250283726343264	30720
240	[-0.01778364 -0.01821062]	0.0006478845180624196	30848
241	[0.01591928 0.03122009]	0.001228117527231991	30976
242	[0.00284864 0.03045869]	0.0009358464111394628	31104
243	[-0.01982973  0.01504485]	0.0006195658747906705	31232
244	[0.04034586 0.01275082]	0.0017903722425684943	31360
245	[-0.01722173 -0.03575971]	0.0015753444967649317	31488
246	[0.00569338 0.01042127]	0.0001410174642707063	31616
247	[-0.02429626  0.00773398]	0.0006501229043660733	31744
248	[-0.05169131 -0.01876111]	0.0030239709760406415	31872
249	[ 0.00815894 -0.00068449]	6.703688536413455e-05	32000
250	[ 0.02621684 -0.0231445 ]	0.0012229910057498863	32128
251	[-0.02035759  0.00522847]	0.00044176853929819143	32256
252	[-0.00936101  0.02132689]	0.0005424647065721201	32384
253	[-0.0129348   0.02909163]	0.0010136319283781346	32512
254	[ 0.01873708 -0.03147651]	0.0013418485046926584	32640
255	[ 0.00880062 -0.01370216]	0.0002652001441510262	32768
256	[ 0.00614467 -0.02337716]	0.0005842487497158312	32896
257	[-0.04869422  0.0077309 ]	0.0024308936592552853	33024
258	[0.00169615 0.00727259]	5.576745784345403e-05	33152
259	[-0.03482145 -0.04284902]	0.0030485716774266217	33280
260	[ 0.08173987 -0.0285365 ]	0.007495737839718621	33408
261	[-0.01540309  0.01156809]	0.0003710761110855641	33536
262	[-0.03710818  0.02064358]	0.0018031742345326332	33664
263	[-0.00472974 -0.05770587]	0.0033523382104207375	33792
264	[-0.01818241 -0.02695055]	0.0010569320693829046	33920
265	[0.00619803 0.01244632]	0.00019332657703866892	34048
266	[ 0.03496406 -0.03312301]	0.0023196191079655933	34176
267	[ 0.02433144 -0.00721707]	0.0006441051764691359	34304
268	[ 0.04367438 -0.05859712]	0.0053410732079757755	34432
269	[ 0.05333127 -0.01151672]	0.002976859087268133	34560
270	[ 0.03312744 -0.00982637]	0.0011939848391575034	34688
271	[-0.01384637  0.04065756]	0.001844759073376803	34816
272	[ 0.01436727 -0.02579464]	0.0008717817170717852	34944
273	[ 0.00529877 -0.04847423]	0.0023778281760384995	35072
274	[ 0.00110182 -0.06791593]	0.0046137882074827425	35200
275	[-0.01160181  0.02676903]	0.0008511831627260799	35328
276	[ 0.03511335 -0.03087859]	0.0021864347876707955	35456
277	[-0.01202047  0.03007372]	0.0010489202271105763	35584
278	[0.02969721 0.01758465]	0.0011911442939697722	35712
279	[-0.01814684 -0.01137672]	0.0004587373483970505	35840
280	[0.02190148 0.0058269 ]	0.0005136275876607846	35968
281	[-0.00029393  0.01338261]	0.0001791805191531494	36096
282	[ 0.02023383 -0.00514374]	0.00043586589115901265	36224
283	[ 0.02790997 -0.10798022]	0.012438694697860136	36352
284	[-0.00970035  0.00802726]	0.0001585336594595753	36480
285	[-0.02209622 -0.01843789]	0.0008281990391900429	36608
286	[-0.0014466   0.00113728]	3.3860377796064593e-06	36736
287	[-0.01218498  0.00017299]	0.0001485037488531166	36864
288	[0.00480176 0.02203977]	0.0005088082457022051	36992
289	[0.01392367 0.02128409]	0.0006468811949029703	37120
290	[-0.03409597  0.04983572]	0.0036461342541674806	37248
291	[-0.06304936  0.02805765]	0.00476245317927368	37376
292	[ 0.02605608 -0.05437098]	0.003635122401861376	37504
293	[ 0.05984072 -0.0025527 ]	0.003587428288825458	37632
294	[-0.0005521   0.02448419]	0.000599780480847633	37760
295	[0.00687249 0.0218909 ]	0.0005264428455570346	37888
296	[-0.03127903  0.03105008]	0.0019424853782878955	38016
297	[-0.00914606  0.08351564]	0.007058513011541255	38144
298	[-0.01705865  0.03331629]	0.0014009727548050526	38272
299	[ 0.04809213 -0.03802933]	0.0037590832193605227	38400
300	[ 0.08751907 -0.00748683]	0.0077156404771824075	38528
301	[ 0.00670136 -0.01776495]	0.00036050165059430027	38656
302	[-0.00209704  0.00932244]	9.130551374618246e-05	38784
303	[-0.0324217   0.02998024]	0.0019499813487139635	38912
304	[0.04048516 0.02327472]	0.002180760379062451	39040
305	[-0.00777758 -0.00057094]	6.0816662148138154e-05	39168
306	[-0.02544042 -0.00560564]	0.000678638382812583	39296
307	[ 0.01741771 -0.01235147]	0.0004559353531156421	39424
308	[-0.03862372 -0.01565521]	0.0017368772068601782	39552
309	[ 0.03729195 -0.01891279]	0.0017483832401426602	39680
310	[ 0.02484386 -0.00798854]	0.0006810342626057344	39808
311	[-0.0104251  0.0244045]	0.0007042622635525454	39936
312	[-0.00204552  0.00490528]	2.824590015824058e-05	40064
313	[0.01778556 0.03026658]	0.0012323917372120108	40192
314	[ 0.01728528 -0.04066656]	0.0019525501254800506	40320
315	[-0.03805695  0.04100345]	0.0031296145509199643	40448
316	[ 0.01954407 -0.0002002 ]	0.00038201071141671266	40576
317	[0.0363397  0.01721485]	0.0016169247051153511	40704
318	[ 0.0228943  -0.05815299]	0.0039059194309897195	40832
319	[-0.02139743 -0.0170185 ]	0.0007474794752353744	40960
320	[-0.01927607 -0.03864493]	0.0018649974977113023	41088
321	[ 0.04491587 -0.01018069]	0.0021210819373072834	41216
322	[0.05329838 0.00720502]	0.002892629117689368	41344
323	[ 0.05865053 -0.00097358]	0.0034408322806289584	41472
324	[-0.05083565  0.04268795]	0.004406523565336891	41600
325	[-0.02291797  0.06696926]	0.005010114885984648	41728
326	[-0.02893723 -0.02034863]	0.0012514301088316017	41856
327	[-0.01678772 -0.02479729]	0.000896733164290411	41984
328	[-0.02859238  0.01424704]	0.0010205021399512842	42112
329	[ 0.03336021 -0.01178457]	0.001251779941186391	42240
330	[0.00397344 0.02828593]	0.0008158820664803021	42368
331	[ 0.00759106 -0.00774918]	0.00011767391763413949	42496
332	[-0.01345351  0.00881242]	0.000258655743583525	42624
333	[-0.05035554 -0.06678139]	0.006995434864057991	42752
334	[ 0.05640968 -0.03442296]	0.00436699245347495	42880
335	[-0.02219611  0.00066411]	0.0004931083060024095	43008
336	[-0.01267206  0.03988254]	0.001751198017710374	43136
337	[ 0.02401242 -0.02305098]	0.0011079438966145755	43264
338	[-6.75191124e-06 -5.60541019e-03]	3.1420668998060204e-05	43392
339	[-0.02207435  0.02229067]	0.0009841508480011754	43520
340	[0.03382853 0.00928108]	0.001230507640246526	43648
341	[ 0.00958083 -0.00823849]	0.00015966508238175127	43776
342	[-0.01190869  0.03509269]	0.0013733138378626785	43904
343	[-0.03267016 -0.01654894]	0.0013412071495948865	44032
344	[ 0.04729184 -0.02815655]	0.0030293098457949137	44160
345	[ 0.00247062 -0.01349275]	0.00018815821499916242	44288
346	[ 0.02653629 -0.00022119]	0.00070422375849915	44416
347	[0.06081023 0.0129317 ]	0.0038651129279139006	44544
348	[-0.00586684  0.01649827]	0.00030661290603303104	44672
349	[ 0.01403786 -0.03170996]	0.001202583025066526	44800
350	[-0.00481145  0.01666141]	0.0003007525989119955	44928
351	[-0.02592322  0.00710942]	0.0007225570103786107	45056
352	[-0.0012686  -0.01215805]	0.0001494274322570099	45184
353	[ 0.02355309 -0.05735137]	0.0038439270155394044	45312
354	[-0.00887433  0.00580584]	0.0001124614968098362	45440
355	[-0.02934669 -0.02661591]	0.0015696347375993964	45568
356	[0.02621541 0.01599699]	0.0009431514921254922	45696
357	[ 0.0329553  -0.01683111]	0.0013693377318225262	45824
358	[ 0.0407996  -0.03892746]	0.0031799545558504963	45952
359	[ 0.01578813 -0.0473452 ]	0.0024908333774376827	46080
360	[0.05345625 0.00070237]	0.0028580644717816667	46208
361	[-0.01353669  0.00436111]	0.00020226126506397472	46336
362	[-0.01532482 -0.00108121]	0.00023601921390284234	46464
363	[-0.0051421  0.0521153]	0.002742445781398839	46592
364	[-0.00122821 -0.06178995]	0.0038195060177291682	46720
365	[ 0.00676064 -0.00326673]	5.637781842381478e-05	46848
366	[-0.02707084  0.02563567]	0.0013900181684315324	46976
367	[ 0.01982942 -0.00814642]	0.00045956998426307757	47104
368	[ 0.01878592 -0.06051469]	0.004014938176419185	47232
369	[ 0.01021055 -0.00570374]	0.0001367880702289743	47360
370	[-0.07927325 -0.00021208]	0.006284293323706646	47488
371	[ 0.06972482 -0.00433678]	0.004880358186024352	47616
372	[ 0.00604294 -0.01641543]	0.0003059835603818269	47744
373	[-0.03223256  0.02321101]	0.001577688542460425	47872
374	[0.03196581 0.05441112]	0.003982382632259976	48000
375	[-0.05595969 -0.03250953]	0.004188356208530333	48128
376	[-0.01608477 -0.0291404 ]	0.001107882676012634	48256
377	[-0.03479859 -0.0182573 ]	0.0015442713324429935	48384
378	[-0.02118434  0.02200684]	0.0009330771244743711	48512
379	[-0.04785393  0.01758447]	0.002599212534550665	48640
380	[-0.0042892   0.03944228]	0.001574090504905445	48768
381	[ 0.00592619 -0.0242943 ]	0.0006253326014473057	48896
382	[-0.00191158  0.0108305 ]	0.00012095384920400279	49024
383	[-0.0147474   0.02281875]	0.000738181273139767	49152
384	[-0.00891233  0.00210316]	8.385292186373374e-05	49280
385	[0.02860482 0.00282023]	0.0008261894500932868	49408
386	[0.00220862 0.01673653]	0.0002849895110037806	49536
387	[-0.00792712  0.02651607]	0.0007659410368369978	49664
388	[ 0.01655114 -0.04735425]	0.002516364843658964	49792
389	[ 0.05112836 -0.00369073]	0.0026277307430909195	49920
390	[0.05297133 0.01797425]	0.0031290354382303874	50048
391	[ 0.03737958 -0.00502129]	0.0014224462392065512	50176
392	[-0.02772636 -0.05121127]	0.0033913454703880107	50304
393	[0.01106354 0.04346646]	0.0020117354083185987	50432
394	[-0.03906055 -0.00367504]	0.0015392323606748667	50560
395	[-0.01569769  0.00367722]	0.0002599395228018284	50688
396	[-0.00671763  0.02146952]	0.0005060666020750161	50816
397	[0.00562625 0.01856907]	0.0003764649324243404	50944
398	[ 0.0446479  -0.01677032]	0.0022746785561093687	51072
399	[-0.00612389  0.06676482]	0.004495042784721268	51200
400	[0.03672691 0.00743211]	0.0014041021641508968	51328
401	[-0.04577387  0.00453426]	0.0021158069940356216	51456
402	[-0.03164904 -0.00509916]	0.0010276630056939686	51584
403	[-0.03371823 -0.01018959]	0.001240746663441385	51712
404	[0.00721214 0.00605791]	8.871323229769172e-05	51840
405	[-0.07334346 -0.01731449]	0.005679054621259776	51968
406	[-0.0200369  -0.00217098]	0.000406190341171969	52096
407	[-0.03561328  0.01324291]	0.0014436806984078553	52224
408	[-0.02356093  0.02378337]	0.0011207663117876335	52352
409	[ 0.00133122 -0.00089992]	2.5820089696997515e-06	52480
410	[0.00099178 0.00516025]	2.761183602387903e-05	52608
411	[0.0012703  0.01465128]	0.00021627364401340124	52736
412	[0.01621436 0.04246496]	0.00206617783533	52864
413	[ 0.00101896 -0.01655084]	0.000274968717899116	52992
414	[ 0.00532502 -0.03919995]	0.0015649920349504237	53120
415	[-0.03087472  0.02588624]	0.0016233460479453897	53248
416	[-0.03325342 -0.00813464]	0.0011719624026468763	53376
417	[-0.01264178 -0.0418617 ]	0.0019122163823872258	53504
418	[0.04757308 0.00029777]	0.002263286712309311	53632
419	[ 0.00538279 -0.00762831]	8.716552840491054e-05	53760
420	[-0.01560424  0.00172755]	0.0002464765934727904	53888
421	[0.03574731 0.0071357 ]	0.001328788320797412	54016
422	[ 0.00520034 -0.07201913]	0.0052137985148406375	54144
423	[ 0.00285524 -0.01767323]	0.0003204955017460522	54272
424	[-0.01075387  0.0084572 ]	0.00018716999945514394	54400
425	[0.01200748 0.03221532]	0.0011820063920185487	54528
426	[-0.01866808 -0.02070097]	0.0007770272388567766	54656
427	[0.00709305 0.03253908]	0.001109103055104282	54784
428	[0.01700264 0.00205109]	0.00029329662237412296	54912
429	[-0.06638629  0.01585925]	0.004658655883792778	55040
430	[-0.06844617  0.00880922]	0.004762480138371839	55168
431	[-0.0238531  -0.00961789]	0.0006614743087506432	55296
432	[-0.0326767   0.05978291]	0.004641762358989519	55424
433	[-0.02456545  0.01099577]	0.0007243683511616359	55552
434	[ 0.00913513 -0.01888814]	0.00044021232036694645	55680
435	[ 0.00332021 -0.03309135]	0.001106061035051777	55808
436	[-0.01939499 -0.04852825]	0.002731157073583638	55936
437	[ 0.02689586 -0.02680726]	0.001442016777766831	56064
438	[0.01095714 0.0086026 ]	0.00019406366320956167	56192
439	[-0.0133264   0.00373176]	0.0001915189180531573	56320
440	[0.0097534  0.04487642]	0.0021090218079970464	56448
441	[-0.05041844 -0.04893515]	0.004936667926337675	56576
442	[0.02863278 0.02195777]	0.0013019802016118421	56704
443	[-0.02397124  0.03453872]	0.0017675431606117625	56832
444	[-0.06091973 -0.02562363]	0.00436778340828602	56960
445	[0.01724227 0.01974495]	0.0006871591296263356	57088
446	[ 0.04442589 -0.0453714 ]	0.004032223345341302	57216
447	[ 0.04133745 -0.00818479]	0.0017757756145860718	57344
448	[ 0.0189012  -0.03116587]	0.0013285667068167841	57472
449	[ 0.00688506 -0.00310704]	5.7057748782333934e-05	57600
450	[0.02796081 0.02485326]	0.0013994915164665129	57728
451	[0.02104492 0.02163904]	0.0009111368335901732	57856
452	[-0.01607407 -0.02111587]	0.0007042556134176738	57984
453	[-0.00453863 -0.03865013]	0.001514431471427115	58112
454	[0.05911058 0.03542705]	0.004749136396302064	58240
455	[0.04388285 0.05528613]	0.004982260539413311	58368
456	[-0.01270743  0.02482272]	0.000777646451467494	58496
457	[-0.03531312 -0.01680097]	0.0015292890264484733	58624
458	[-0.01977621  0.00746256]	0.0004467884554197474	58752
459	[-0.01521054  0.04347415]	0.002121362238588924	58880
460	[-0.00568873  0.00238536]	3.805152902472483e-05	59008
461	[ 0.03455905 -0.0413452 ]	0.0029037534004633333	59136
462	[-0.02455835  0.00148843]	0.000605328017825002	59264
463	[0.02663383 0.04123671]	0.0024098273570408463	59392
464	[ 0.05795722 -0.03914087]	0.004891046761298878	59520
465	[-0.02449991  0.04207565]	0.002370605622946025	59648
466	[-0.04378417 -0.03135966]	0.002900482052455953	59776
467	[0.02395024 0.01764987]	0.0008851317202719361	59904
468	[-0.04966997 -0.00552069]	0.0024975840175841223	60032
469	[0.03033238 0.0372928 ]	0.0023108059115863272	60160
470	[-0.00872553  0.01261994]	0.00023539795842183838	60288
471	[0.01527592 0.01831574]	0.0005688200630175747	60416
472	[-0.01352185 -0.04678849]	0.002372002806875725	60544
473	[-0.03173713 -0.01160857]	0.0011420042945616128	60672
474	[0.02011902 0.00911746]	0.0004879029890332675	60800
475	[-0.04493846  0.02121132]	0.0024693855776121354	60928
476	[-0.02748381 -0.01235401]	0.000907981411371807	61056
477	[-0.02188272  0.00881747]	0.0005566014487092948	61184
478	[0.00382542 0.00748747]	7.069607359859071e-05	61312
479	[0.00457086 0.01151257]	0.00015343189052226	61440
480	[-0.00179749  0.00738257]	5.7733375269747146e-05	61568
481	[ 0.00502983 -0.02049963]	0.00044553404896358615	61696
482	[-0.06030337 -0.02013588]	0.004041950364246869	61824
483	[ 0.01677009 -0.04160851]	0.002012504502192102	61952
484	[-0.04455832  0.0726549 ]	0.00726417829480088	62080
485	[-0.04107358 -0.00526336]	0.0017147418769215754	62208
486	[-0.04098931  0.04037393]	0.003310177657227799	62336
487	[-0.01348544 -0.02080915]	0.0006148778454668933	62464
488	[-0.02014527 -0.01873914]	0.0007569874022363464	62592
489	[ 0.02765818 -0.00318573]	0.0007751237402238981	62720
490	[-0.00170151 -0.02156319]	0.0004678664599623298	62848
491	[-0.00034107 -0.00628642]	3.963541387000321e-05	62976
492	[-0.04408646  0.02942462]	0.00280942374819941	63104
493	[-0.01292997 -0.00321665]	0.0001775311072701058	63232
494	[-0.02052901 -0.00424295]	0.0004394429550349771	63360
495	[ 0.02120911 -0.00011887]	0.00044984032839288647	63488
496	[0.03254262 0.01130734]	0.0011868781805518275	63616
497	[ 0.01002969 -0.0057901 ]	0.00013411983697484187	63744
498	[-0.03486724  0.01974906]	0.0016057502228290982	63872
499	[0.02451885 0.02344368]	0.0011507797924476511	64000
500	[-0.0114911  -0.02115387]	0.0005795314976806808	64128
501	[0.0198023  0.01304618]	0.0005623337913841093	64256
502	[-0.00747558  0.03286846]	0.0011362201042769207	64384
503	[0.04803165 0.00281262]	0.00231495023181854	64512
504	[-0.00990937 -0.02564429]	0.0007558254030018697	64640
505	[-0.0060931   0.02092748]	0.0004750851982411265	64768
506	[ 0.0717043  -0.04337012]	0.007022474380185873	64896
507	[ 0.03278726 -0.03908099]	0.002602328289157547	65024
508	[0.01343939 0.00761763]	0.00023864553883129382	65152
509	[ 0.01054663 -0.0343799 ]	0.0012932093359145855	65280
510	[0.02739341 0.00373879]	0.0007643773637899363	65408
511	[-0.04757346  0.01711227]	0.002556063777894125	65536
512	[-0.00592364 -0.00944193]	0.00012423964223437283	65664
513	[-0.00526935 -0.01079391]	0.00014427450022556917	65792
514	[ 0.01839562 -0.00782016]	0.0003995537725387244	65920
515	[-0.00297428  0.01103507]	0.00013061919637970718	66048
516	[-0.00817012  0.00782255]	0.00012794310112587616	66176
517	[0.03077567 0.03427444]	0.002121878613877086	66304
518	[-0.0193999   0.02416748]	0.0009604228774724442	66432
519	[0.06241365 0.0601517 ]	0.007513689980384573	66560
520	[ 0.02590094 -0.0143968 ]	0.0008781262518922449	66688
521	[ 0.01407682 -0.06696493]	0.004682458189604731	66816
522	[0.0140916  0.00149257]	0.0002008009372114248	66944
523	[-0.00472088 -0.01378413]	0.00021228892369078853	67072
524	[0.00140786 0.02774501]	0.0007717677493935122	67200
525	[-0.01555802 -0.04788645]	0.0025351642464628145	67328
526	[-0.01794762 -0.0365511 ]	0.0016580996027831495	67456
527	[0.00689967 0.06260835]	0.003967411174087067	67584
528	[0.00815039 0.02184449]	0.000543610617127433	67712
529	[-0.05174808 -0.01095712]	0.0027979222752686867	67840
530	[ 0.05777969 -0.01178826]	0.003477455886492737	67968
531	[0.00069381 0.0372546 ]	0.0013883867177642004	68096
532	[-0.04224515 -0.00475681]	0.001807280147029862	68224
533	[0.01929702 0.05373522]	0.003259849467449171	68352
534	[ 0.00483704 -0.0113406 ]	0.00015200625266164602	68480
535	[-0.0312128  -0.02103747]	0.0014168142526730769	68608
536	[-0.02666536 -0.00674323]	0.0007565124102552749	68736
537	[ 0.01462729 -0.00277608]	0.00022166434362869995	68864
538	[-0.0427589  0.0315621]	0.0028244895168152376	68992
539	[0.01259906 0.04541193]	0.0022209794494362244	69120
540	[0.03593156 0.01145115]	0.0014222057702335477	69248
541	[-0.02685692 -0.01313603]	0.0008938494202947109	69376
542	[0.04118067 0.00678931]	0.0017419424803193733	69504
543	[0.0051323  0.03152638]	0.0010202530932000367	69632
544	[-0.00073501 -0.05305102]	0.0028149513832231824	69760
545	[ 0.00775734 -0.02444707]	0.0006578355595711233	69888
546	[-0.02983098  0.03157826]	0.0018870733623368835	70016
547	[ 0.01625614 -0.04629132]	0.002407148135709243	70144
548	[-0.02414402  0.00337998]	0.0005943578269608785	70272
549	[-0.04328451 -0.03719168]	0.0032567696752147796	70400
550	[-0.02054933 -0.00459886]	0.0004434244714270534	70528
551	[-0.00425396 -0.00809633]	8.364671470444243e-05	70656
552	[-0.02041952 -0.01052819]	0.0005277996215734819	70784
553	[ 0.06530935 -0.02742837]	0.005017626147338457	70912
554	[ 0.01475229 -0.01591841]	0.00047102566355950945	71040
555	[ 0.02120096 -0.00964116]	0.0005424326688968199	71168
556	[0.0017434  0.00383334]	1.7733954007732026e-05	71296
557	[-0.02566334  0.00353592]	0.0006711099150650295	71424
558	[-0.02555216 -0.0145947 ]	0.0008659181418666309	71552
559	[-0.00081171  0.00992161]	9.909716107104076e-05	71680
560	[0.00374008 0.00973307]	0.00010872077295857642	71808
561	[ 0.00610249 -0.0416962 ]	0.0017758131254427363	71936
562	[ 0.02387052 -0.07014221]	0.005489731278689036	72064
563	[-0.02324697 -0.07281781]	0.005842855057461788	72192
564	[ 0.00348548 -0.03706897]	0.0013862567250090313	72320
565	[-0.03147496 -0.03032097]	0.00191003427017609	72448
566	[-0.01330376 -0.00063395]	0.00017739189731630781	72576
567	[-0.05779819 -0.02886134]	0.0041736077011985786	72704
568	[0.00610999 0.02869246]	0.0008605893215829706	72832
569	[ 0.0406273 -0.0039961]	0.0016665464602707602	72960
570	[ 0.00905241 -0.01100649]	0.00020308900573503391	73088
571	[-0.0164366   0.02890994]	0.001105946706189397	73216
572	[-0.00859825 -0.00794035]	0.0001369791798209103	73344
573	[0.03641402 0.02106466]	0.0017697012660766074	73472
574	[-0.02811922  0.00070774]	0.0007911912882573981	73600
575	[ 0.00098199 -0.01625846]	0.00026530171463082073	73728
576	[ 0.00296357 -0.03515807]	0.0012448726932753147	73856
577	[ 0.02000911 -0.02759191]	0.0011616780524023639	73984
578	[-0.02321451 -0.03315587]	0.0016382249581096946	74112
579	[0.00477992 0.03235813]	0.0010698964384093146	74240
580	[0.0294308 0.0135234]	0.0010490541587654433	74368
581	[-0.06697978  0.03855432]	0.005972726585991491	74496
582	[-0.00833237  0.02465506]	0.0006773001226670552	74624
583	[-0.01296932 -0.02506144]	0.0007962791678569887	74752
584	[-0.03377488  0.0096914 ]	0.0012346659371392087	74880
585	[ 0.03533384 -0.03743418]	0.002649798134110668	75008
586	[-0.01280289 -0.01605199]	0.00042158033450484566	75136
587	[-0.00543965 -0.00825558]	9.774434337802852e-05	75264
588	[ 0.00938226 -0.02980304]	0.0009762477829556578	75392
589	[ 0.03940386 -0.01780587]	0.001869713078050492	75520
590	[-0.03886004 -0.02042404]	0.0019272440130829816	75648
591	[-0.03115219 -0.00783604]	0.0010318626995560857	75776
592	[-0.01678013 -0.03411837]	0.001445635882983022	75904
593	[ 0.01432577 -0.01725758]	0.00050305201376468	76032
594	[0.00498449 0.01420007]	0.0002264870129084974	76160
595	[-0.00454994  0.01763105]	0.00033155594999290013	76288
596	[-0.00079136  0.06747194]	0.0045530894995119515	76416
597	[-0.02091015 -0.01488838]	0.0006588983047253407	76544
598	[ 0.05282718 -0.00458628]	0.0028117452367708512	76672
599	[0.01467533 0.01161634]	0.0003503045127368768	76800
600	[-0.01655428 -0.0170033 ]	0.0005631562563720401	76928
601	[0.02551452 0.01755257]	0.000959083845005838	77056
602	[-0.01414252  0.01831431]	0.0005354246451244141	77184
603	[0.01717588 0.02134423]	0.0007505869076280938	77312
604	[-0.0066812  -0.00687953]	9.196641810482877e-05	77440
605	[-0.01174127  0.00069783]	0.0001383443448968504	77568
606	[-0.05417792 -0.0045048 ]	0.0029555402820814936	77696
607	[-0.00546258 -0.07061305]	0.005016041982294903	77824
608	[-0.01590911  0.02251957]	0.0007602309150752003	77952
609	[-0.04875412 -0.01757551]	0.002685862544548402	78080
610	[-0.00689643 -0.06594312]	0.004396055830571988	78208
611	[ 0.00853734 -0.04917261]	0.0024908320460237544	78336
612	[ 0.01857208 -0.03044763]	0.0012719799793564422	78464
613	[0.02248979 0.02663323]	0.0012151195591461853	78592
614	[0.0207175  0.01634312]	0.0006963125095847396	78720
615	[-0.025332    0.02026111]	0.0010522227866519693	78848
616	[0.00526936 0.0368935 ]	0.001388896710984893	78976
617	[ 0.04425206 -0.00835608]	0.002028068857567374	79104
618	[0.02919948 0.00999259]	0.0009524615217069994	79232
619	[-0.04219292  0.03997863]	0.003378533681124155	79360
620	[-0.03629345 -0.02493786]	0.001939111564520914	79488
621	[-0.04151493 -0.02662203]	0.0024322218659661114	79616
622	[-0.0376473  -0.03039168]	0.0023409733989727317	79744
623	[-0.00051771  0.01741966]	0.00030371251627066596	79872
624	[ 0.02477268 -0.0055635 ]	0.0006446384172320651	80000
625	[-0.01716343 -0.01079491]	0.000411113546693397	80128
626	[-0.0058807   0.00240343]	4.035906497478647e-05	80256
627	[ 0.02224375 -0.0151669 ]	0.0007248195299549757	80384
628	[ 0.02825276 -0.02995326]	0.0016954163447956527	80512
629	[-0.07597483  0.02137859]	0.006229218358797667	80640
630	[-0.04798937 -0.01855282]	0.002647187262671522	80768
631	[-0.0226529  -0.02481333]	0.001128855315413721	80896
632	[-0.02430317  0.03195495]	0.0016117627635572492	81024
633	[-0.00653426 -0.03019215]	0.0009542624739067054	81152
634	[-0.00380494  0.01884121]	0.0003694685772397249	81280
635	[-0.04340261  0.04097057]	0.003562374448636234	81408
636	[ 0.02227316 -0.03645298]	0.001824913138595373	81536
637	[0.00550094 0.05195753]	0.002729845164232837	81664
638	[0.02461928 0.01236453]	0.0007589906333624065	81792
639	[0.05765979 0.02280999]	0.003844946574810394	81920
640	[ 0.02497465 -0.01410224]	0.0008226064020215608	82048
641	[-0.01267491 -0.02464128]	0.0007678460045769411	82176
642	[-0.00883416 -0.04381576]	0.001997862870755776	82304
643	[-0.04511293  0.02163624]	0.0025033033570580686	82432
644	[0.00756857 0.01672974]	0.000337167417374368	82560
645	[-0.00383653  0.00826075]	8.295903162926566e-05	82688
646	[0.00974288 0.02150481]	0.0005573807084199064	82816
647	[-0.01412339 -0.01270772]	0.0003609560573338938	82944
648	[ 0.04404217 -0.00429008]	0.0019581174049671446	83072
649	[-0.02212367 -0.04499502]	0.0025140084703961915	83200
650	[-0.00224475  0.00133785]	6.828753333426274e-06	83328
651	[-0.01192521  0.01463155]	0.00035629293806937513	83456
652	[-0.01645211 -0.04006036]	0.001875504202943745	83584
653	[-0.00756689 -0.01655898]	0.00033145768456319124	83712
654	[-0.01651915 -0.00667694]	0.00031746403957996425	83840
655	[ 0.01874075 -0.01474356]	0.0005685881136123711	83968
656	[ 0.01144157 -0.06000263]	0.003731225588939056	84096
657	[-0.03751801  0.01645311]	0.001678305692514173	84224
658	[-0.0186626   0.02192944]	0.0008291931304941461	84352
659	[ 0.04519505 -0.03945985]	0.003599673009177868	84480
660	[ 0.00766309 -0.00765939]	0.00011738913158531931	84608
661	[-0.00452224 -0.01099463]	0.00014133266409633674	84736
662	[-0.0119815   0.02552112]	0.0007948838051358262	84864
663	[-0.01069544 -0.01351464]	0.00029703793311779104	84992
664	[ 0.00522249 -0.04480282]	0.0020345667927362692	85120
665	[ 0.01780519 -0.02874945]	0.0011435554029547012	85248
666	[-0.01021281 -0.01382164]	0.0002953393278112763	85376
667	[-0.08321793 -0.01749333]	0.007231240596197064	85504
668	[0.03262758 0.01256149]	0.0012223501586115892	85632
669	[ 0.02522616 -0.00413748]	0.000653477809898248	85760
670	[-0.04256175 -0.03997112]	0.003409192584878395	85888
671	[ 0.01401969 -0.03322524]	0.001300468276604224	86016
672	[-0.02870971 -0.03430415]	0.0020010222128403893	86144
673	[ 0.00516793 -0.02455325]	0.000629569515323813	86272
674	[-0.02868695  0.02075633]	0.0012537664294917047	86400
675	[-0.02953457 -0.0407366 ]	0.002531761112134371	86528
676	[ 0.0033864  -0.00600621]	4.754228257686021e-05	86656
677	[ 0.01943456 -0.00024676]	0.00037776290452336037	86784
678	[-0.00089952 -0.0203649 ]	0.0004155381438934037	86912
679	[-0.04325614  0.00242384]	0.0018769684818377896	87040
680	[0.06023228 0.03101655]	0.004589953707614284	87168
681	[ 0.01728031 -0.0301326 ]	0.0012065827530866541	87296
682	[-0.00798611  0.01267713]	0.00022448749435357188	87424
683	[ 0.05571936 -0.0120314 ]	0.0032494016502488065	87552
684	[-0.02122007 -0.07230562]	0.00567839358344309	87680
685	[-0.02635143 -0.01137009]	0.0008236770199035891	87808
686	[0.00736295 0.01224048]	0.00020404241579868832	87936
687	[0.0038747  0.03713797]	0.0013942419816376206	88064
688	[0.01436115 0.01299009]	0.0003749850363397601	88192
689	[-0.04747462 -0.07132226]	0.007340705176071834	88320
690	[-0.01383844 -0.03005881]	0.001095034534161843	88448
691	[0.02177591 0.01163946]	0.0006096672400921576	88576
692	[0.02391862 0.01928937]	0.0009441802291146315	88704
693	[0.00634014 0.00691314]	8.798885480432738e-05	88832
694	[ 0.00363572 -0.03067353]	0.0009540840964881609	88960
695	[-0.00692822 -0.02388703]	0.0006185905613349163	89088
696	[ 0.0012917  -0.01196463]	0.00014482090388501025	89216
697	[0.0219644  0.03166627]	0.0014851874249222424	89344
698	[ 0.0135207  -0.01663941]	0.0004596794022239392	89472
699	[ 0.00563381 -0.00641447]	7.288532049972115e-05	89600
700	[0.03335212 0.01803818]	0.0014377400067514096	89728
701	[0.02195148 0.02807156]	0.0012698799738925723	89856
702	[0.05407473 0.00851389]	0.0029965627470640507	89984
703	[-0.04742591 -0.01629728]	0.0025148187076287124	90112
704	[ 0.03379037 -0.04004838]	0.0027456619342793856	90240
705	[0.0387414  0.03152901]	0.0024949748201232563	90368
706	[0.01581418 0.03013035]	0.0011579263087016746	90496
707	[0.04159142 0.01569841]	0.001976286741449128	90624
708	[ 0.01390397 -0.02834586]	0.000996808403518215	90752
709	[-0.01179412  0.02848374]	0.0009504249448271315	90880
710	[0.02890426 0.03949095]	0.002394991716651854	91008
711	[0.04893527 0.00203911]	0.002398818332983742	91136
712	[0.02366024 0.01176374]	0.0006981926892888514	91264
713	[0.01326296 0.01535715]	0.00041174826891148604	91392
714	[0.01525312 0.05407713]	0.003156993299007052	91520
715	[-9.91436272e-05  3.87623099e-02]	0.0015025264967668199	91648
716	[0.06690228 0.00979019]	0.004571763062291275	91776
717	[ 0.01054744 -0.00102479]	0.00011229873141899296	91904
718	[0.01037637 0.03296058]	0.0011940686207622725	92032
719	[0.02390937 0.00520728]	0.0005987738118015068	92160
720	[ 0.01049118 -0.07850764]	0.0062735145032845625	92288
721	[-0.0082884   0.05323694]	0.0029028690823105258	92416
722	[6.91123944e-05 2.65936080e-02]	0.0007072247604861069	92544
723	[-0.02329339  0.03901594]	0.0020648257799977007	92672
724	[ 0.03268211 -0.02068034]	0.001495797007321678	92800
725	[0.00079726 0.03337846]	0.0011147572186512465	92928
726	[0.02156688 0.00845474]	0.000536612784103612	93056
727	[-0.00239767 -0.04910447]	0.0024169982166457587	93184
728	[ 0.0035213 -0.0496269]	0.0024752283500428657	93312
729	[-0.03017579  0.01780028]	0.001227428656313099	93440
730	[ 0.02889386 -0.05877714]	0.004289607127983396	93568
731	[-0.0118629  -0.00339142]	0.0001522300813466882	93696
732	[0.00544195 0.01783946]	0.0003478612539520418	93824
733	[-0.01936572 -0.0034678 ]	0.0003870568040639329	93952
734	[0.01112926 0.03823644]	0.0015858858755110484	94080
735	[-0.00550242  0.05511666]	0.00306812305153361	94208
736	[-0.00656608 -0.00198846]	4.7067321371291736e-05	94336
737	[-0.02605836  0.02267803]	0.001193330822610533	94464
738	[ 0.02051991 -0.01020995]	0.0005253095843162361	94592
739	[0.03086353 0.02966461]	0.0018325465023207098	94720
740	[-0.00273216 -0.00536255]	3.622158793480913e-05	94848
741	[-0.04059124  0.03479446]	0.0028583032101557075	94976
742	[-0.00976532  0.02256625]	0.0006045970627563653	95104
743	[-0.04093005  0.02220977]	0.002168543058826859	95232
744	[0.03071015 0.01124678]	0.0010696033616386196	95360
745	[-0.02808914 -0.0185613 ]	0.001133521608318515	95488
746	[-0.04879029 -0.00511491]	0.0024066549240905665	95616
747	[ 0.03259145 -0.05190647]	0.0037564836773951093	95744
748	[-0.08994589 -0.04031888]	0.00971587525290789	95872
749	[ 0.02460509 -0.00370645]	0.0006191482851957696	96000
750	[0.02427539 0.02083055]	0.0010232064245454865	96128
751	[-0.04974176  0.0093867 ]	0.0025623527764281778	96256
752	[-0.0014795  -0.02861377]	0.0008209366082631654	96384
753	[8.10736449e-05 6.81171150e-03]	4.64059865608805e-05	96512
754	[-0.00201011 -0.03595586]	0.0012968647512967741	96640
755	[-0.0154232  -0.03376039]	0.0013776388508718442	96768
756	[0.00134566 0.00267999]	8.993181472152389e-06	96896
757	[-0.03204799 -0.00410054]	0.0010438879768764064	97024
758	[0.01120925 0.03593622]	0.0014170589542082624	97152
759	[0.051011   0.01028691]	0.0027079422121560276	97280
760	[-0.02672383  0.02266307]	0.0012277775732166905	97408
761	[0.02719445 0.06947481]	0.005566286693128161	97536
762	[0.0023545  0.00804139]	7.020769809526901e-05	97664
763	[-0.00737169 -0.07625065]	0.005868503507220347	97792
764	[0.00108181 0.05396975]	0.002913904301834606	97920
765	[-0.01578452 -0.04332575]	0.002126271959926666	98048
766	[0.00725183 0.05532961]	0.0031139548440281897	98176
767	[-0.02628353 -0.0117635 ]	0.0008292037024808419	98304
768	[-0.03597189  0.00944238]	0.0013831352100217864	98432
769	[-0.0245607  -0.00097273]	0.0006041743047459771	98560
770	[-0.01579122 -0.03207816]	0.0012783713735918043	98688
771	[-0.0089139   0.01024831]	0.0001844854723730431	98816
772	[-0.00078431  0.00851614]	7.313972230285326e-05	98944
773	[-0.03901227 -0.00455175]	0.0015426753830699177	99072
774	[0.027769   0.05158419]	0.0034320464591861702	99200
775	[ 0.00588929 -0.02465261]	0.0006424346708152611	99328
776	[0.03280896 0.00845116]	0.001147849668519401	99456
777	[-0.00779085 -0.00437606]	7.984728248996264e-05	99584
778	[0.00117166 0.04871119]	0.00237415246174183	99712
779	[-0.0857861  0.0300734]	0.008263663603485667	99840
780	[0.01203457 0.0749198 ]	0.005757807637782519	99968
781	[-0.00660872 -0.0073735 ]	9.80436777554968e-05	100096
Result: mean = 0.039011401478846686 std = 1.0144418546829848