#GEN	x_best	f(x_best)	#eval
0	[-0.22335147  0.01338434]	0.05006502110093532	128
1	[-0.22335147  0.01338434]	0.05006502110093532	256
2	[-0.22335147  0.01338434]	0.05006502110093532	384
3	[-0.22335147  0.01338434]	0.05006502110093532	512
4	[-0.22335147  0.01338434]	0.05006502110093532	640
5	[-0.22335147  0.01338434]	0.05006502110093532	768
6	[0.15896499 0.00186771]	0.02527335641920661	896
7	[0.15896499 0.00186771]	0.02527335641920661	1024
8	[0.15896499 0.00186771]	0.02527335641920661	1152
9	[0.15896499 0.00186771]	0.02527335641920661	1280
10	[0.15896499 0.00186771]	0.02527335641920661	1408
11	[ 0.04919477 -0.05277688]	0.005205523897002674	1536
12	[ 0.04919477 -0.05277688]	0.005205523897002674	1664
13	[ 0.04919477 -0.05277688]	0.005205523897002674	1792
14	[ 0.02565598 -0.06375689]	0.004723170176703525	1920
15	[0.01199803 0.0185653 ]	0.0004886230811842766	2048
16	[0.01199803 0.0185653 ]	0.0004886230811842766	2176
17	[0.01199803 0.0185653 ]	0.0004886230811842766	2304
18	[-0.00178255 -0.01869564]	0.00035270453789376215	2432
19	[-0.00178255 -0.01869564]	0.00035270453789376215	2560
20	[-0.00178255 -0.01869564]	0.00035270453789376215	2688
21	[-0.00178255 -0.01869564]	0.00035270453789376215	2816
22	[-0.01087124  0.00052567]	0.00011846027229705205	2944
23	[ 0.00184474 -0.00931019]	9.008278514904789e-05	3072
24	[-0.00310416  0.00875402]	8.626870569648527e-05	3200
25	[-0.00310416  0.00875402]	8.626870569648527e-05	3328
26	[ 0.00377515 -0.00062328]	1.4640205920298083e-05	3456
27	[ 0.0022913 -0.0019237]	8.950663355408143e-06	3584
28	[ 0.0022913 -0.0019237]	8.950663355408143e-06	3712
29	[ 0.0022913 -0.0019237]	8.950663355408143e-06	3840
30	[ 0.0022913 -0.0019237]	8.950663355408143e-06	3968
31	[-1.48684350e-03  1.12021879e-05]	2.210829088855744e-06	4096
32	[-1.48684350e-03  1.12021879e-05]	2.210829088855744e-06	4224
33	[-1.48684350e-03  1.12021879e-05]	2.210829088855744e-06	4352
34	[-1.48684350e-03  1.12021879e-05]	2.210829088855744e-06	4480
35	[0.00034588 0.00106237]	1.2482620206904532e-06	4608
36	[0.00016855 0.00030921]	1.2402222125022177e-07	4736
37	[0.00016855 0.00030921]	1.2402222125022177e-07	4864
38	[-4.77749698e-05  3.12463815e-04]	9.991608368700881e-08	4992
39	[-1.95808376e-04 -3.57103898e-06]	3.8353672587106854e-08	5120
40	[-1.95808376e-04 -3.57103898e-06]	3.8353672587106854e-08	5248
41	[-1.95808376e-04 -3.57103898e-06]	3.8353672587106854e-08	5376
42	[-1.95808376e-04 -3.57103898e-06]	3.8353672587106854e-08	5504
43	[-1.95808376e-04 -3.57103898e-06]	3.8353672587106854e-08	5632
44	[-1.95808376e-04 -3.57103898e-06]	3.8353672587106854e-08	5760
45	[-1.95808376e-04 -3.57103898e-06]	3.8353672587106854e-08	5888
46	[-1.95808376e-04 -3.57103898e-06]	3.8353672587106854e-08	6016
47	[1.51656436e-04 9.18499101e-05]	3.143608047494964e-08	6144
48	[1.51656436e-04 9.18499101e-05]	3.143608047494964e-08	6272
49	[-1.20710080e-04  6.07722223e-05]	1.8264186504106828e-08	6400
50	[-2.51045870e-05 -7.22410696e-05]	5.8490124287442514e-09	6528
51	[ 9.16879516e-06 -2.74329775e-05]	8.366350564623775e-10	6656
52	[ 9.16879516e-06 -2.74329775e-05]	8.366350564623775e-10	6784
53	[ 9.16879516e-06 -2.74329775e-05]	8.366350564623775e-10	6912
54	[ 9.16879516e-06 -2.74329775e-05]	8.366350564623775e-10	7040
55	[ 9.16879516e-06 -2.74329775e-05]	8.366350564623775e-10	7168
56	[ 9.16879516e-06 -2.74329775e-05]	8.366350564623775e-10	7296
57	[ 9.16879516e-06 -2.74329775e-05]	8.366350564623775e-10	7424
58	[2.75249308e-06 2.73779657e-05]	7.571292265728636e-10	7552
59	[ 1.20142199e-05 -6.18210676e-06]	1.8255992469179622e-10	7680
60	[-9.10249469e-06  1.69524436e-06]	8.572926303215003e-11	7808
61	[-9.10249469e-06  1.69524436e-06]	8.572926303215003e-11	7936
62	[2.75249308e-06 3.56819625e-06]	2.030824262809294e-11	8064
63	[2.75249308e-06 3.56819625e-06]	2.030824262809294e-11	8192
64	[2.75249308e-06 3.56819625e-06]	2.030824262809294e-11	8320
65	[ 8.49557819e-07 -3.28462840e-06]	1.151053219284629e-11	8448
66	[ 8.49557819e-07 -3.28462840e-06]	1.151053219284629e-11	8576
67	[-1.39477775e-06  2.11409374e-07]	1.9900988883242333e-12	8704
68	[-1.39477775e-06  2.11409374e-07]	1.9900988883242333e-12	8832
69	[ 6.28788935e-07 -7.00803260e-07]	8.865007332518859e-13	8960
70	[ 6.28788935e-07 -7.00803260e-07]	8.865007332518859e-13	9088
71	[ 3.58698158e-07 -3.02865398e-07]	2.2039181752223594e-13	9216
72	[ 3.58698158e-07 -3.02865398e-07]	2.2039181752223594e-13	9344
73	[-2.60447899e-07  1.91059919e-07]	1.0433700064269391e-13	9472
74	[-2.60447899e-07  1.91059919e-07]	1.0433700064269391e-13	9600
75	[-2.60447899e-07  1.91059919e-07]	1.0433700064269391e-13	9728
76	[-2.60447899e-07  1.91059919e-07]	1.0433700064269391e-13	9856
77	[-2.60447899e-07  1.91059919e-07]	1.0433700064269391e-13	9984
78	[-2.60447899e-07  1.91059919e-07]	1.0433700064269391e-13	10112
79	[-1.05708454e-07  6.35727891e-08]	1.5215776869621386e-14	10240
80	[-1.05708454e-07  6.35727891e-08]	1.5215776869621386e-14	10368
81	[-1.05708454e-07  6.35727891e-08]	1.5215776869621386e-14	10496
82	[-1.05708454e-07  6.35727891e-08]	1.5215776869621386e-14	10624
83	[-1.05708454e-07  6.35727891e-08]	1.5215776869621386e-14	10752
84	[-4.49227487e-09  7.92456561e-08]	6.3000545371785824e-15	10880
85	[-4.49227487e-09  7.92456561e-08]	6.3000545371785824e-15	11008
86	[-2.49667511e-10 -3.86475266e-08]	1.493693649335149e-15	11136
87	[-2.49667511e-10 -3.86475266e-08]	1.493693649335149e-15	11264
88	[-2.49667511e-10 -3.86475266e-08]	1.493693649335149e-15	11392
89	[-2.49667511e-10 -3.86475266e-08]	1.493693649335149e-15	11520
90	[-2.49667511e-10 -3.86475266e-08]	1.493693649335149e-15	11648
91	[-2.49667511e-10 -3.86475266e-08]	1.493693649335149e-15	11776
92	[-7.29330892e-09 -2.68557984e-08]	7.744262642290493e-16	11904
93	[-7.29330892e-09 -2.68557984e-08]	7.744262642290493e-16	12032
94	[ 1.06859567e-08 -2.06418982e-08]	5.402776313368408e-16	12160
95	[ 1.06859567e-08 -2.06418982e-08]	5.402776313368408e-16	12288
96	[-5.88718616e-10  2.08272625e-08]	4.341214512058703e-16	12416
97	[-7.29330892e-09  3.89787631e-09]	6.838579479068137e-17	12544
98	[-7.29330892e-09  3.89787631e-09]	6.838579479068137e-17	12672
99	[-7.29330892e-09  3.89787631e-09]	6.838579479068137e-17	12800
100	[1.23535531e-09 1.10454317e-09]	2.74611834044401e-18	12928
101	[1.23535531e-09 1.10454317e-09]	2.74611834044401e-18	13056
102	[1.23535531e-09 1.10454317e-09]	2.74611834044401e-18	13184
103	[1.23535531e-09 1.10454317e-09]	2.74611834044401e-18	13312
104	[1.23535531e-09 1.10454317e-09]	2.74611834044401e-18	13440
105	[1.23535531e-09 1.10454317e-09]	2.74611834044401e-18	13568
106	[1.23535531e-09 1.10454317e-09]	2.74611834044401e-18	13696
107	[1.23535531e-09 1.10454317e-09]	2.74611834044401e-18	13824
108	[1.23535531e-09 1.10454317e-09]	2.74611834044401e-18	13952
109	[-1.16384488e-09 -1.03148665e-09]	2.4184996132299332e-18	14080
110	[-1.16384488e-09 -1.03148665e-09]	2.4184996132299332e-18	14208
111	[-2.24650610e-10  6.47475964e-10]	4.696930200782871e-19	14336
112	[ 1.23729064e-10 -3.96017875e-11]	1.6877182752013786e-20	14464
113	[ 1.23729064e-10 -3.96017875e-11]	1.6877182752013786e-20	14592
114	[ 1.23729064e-10 -3.96017875e-11]	1.6877182752013786e-20	14720
115	[ 1.23729064e-10 -3.96017875e-11]	1.6877182752013786e-20	14848
116	[ 1.23729064e-10 -3.96017875e-11]	1.6877182752013786e-20	14976
117	[ 1.23729064e-10 -3.96017875e-11]	1.6877182752013786e-20	15104
118	[ 1.23729064e-10 -3.96017875e-11]	1.6877182752013786e-20	15232
119	[ 1.23729064e-10 -3.96017875e-11]	1.6877182752013786e-20	15360
120	[ 1.23729064e-10 -3.96017875e-11]	1.6877182752013786e-20	15488
121	[ 1.23729064e-10 -3.96017875e-11]	1.6877182752013786e-20	15616
122	[ 1.23729064e-10 -3.96017875e-11]	1.6877182752013786e-20	15744
123	[ 1.23729064e-10 -3.96017875e-11]	1.6877182752013786e-20	15872
124	[ 1.23729064e-10 -3.96017875e-11]	1.6877182752013786e-20	16000
125	[ 1.23729064e-10 -3.96017875e-11]	1.6877182752013786e-20	16128
126	[ 1.23729064e-10 -3.96017875e-11]	1.6877182752013786e-20	16256
127	[-3.77295911e-11 -3.76248178e-11]	2.8391489590938558e-21	16384
128	[-3.77295911e-11 -3.76248178e-11]	2.8391489590938558e-21	16512
129	[-3.77295911e-11 -3.76248178e-11]	2.8391489590938558e-21	16640
130	[-3.77295911e-11 -3.76248178e-11]	2.8391489590938558e-21	16768
131	[-3.77295911e-11 -3.76248178e-11]	2.8391489590938558e-21	16896
132	[-3.77295911e-11 -3.76248178e-11]	2.8391489590938558e-21	17024
133	[ 3.96727564e-11 -8.64207828e-12]	1.6486131209621109e-21	17152
134	[-7.40274334e-12 -2.44541887e-11]	6.528079540509983e-22	17280
135	[1.23015880e-11 2.10010717e-11]	5.923740773688209e-22	17408
136	[-4.19831048e-12 -5.06336170e-12]	4.326344254155081e-23	17536
137	[-4.19831048e-12 -5.06336170e-12]	4.326344254155081e-23	17664
138	[-4.19831048e-12 -5.06336170e-12]	4.326344254155081e-23	17792
139	[-4.19831048e-12 -5.06336170e-12]	4.326344254155081e-23	17920
140	[-4.19831048e-12 -5.06336170e-12]	4.326344254155081e-23	18048
141	[-4.19831048e-12 -5.06336170e-12]	4.326344254155081e-23	18176
142	[-4.19831048e-12 -5.06336170e-12]	4.326344254155081e-23	18304
143	[-4.27728858e-12 -3.85392601e-12]	3.314794326340349e-23	18432
144	[ 2.71859529e-12 -3.44732182e-12]	1.9274788089296018e-23	18560
145	[-1.07218028e-13 -5.34730054e-13]	2.974319357332756e-25	18688
146	[-1.07218028e-13 -5.34730054e-13]	2.974319357332756e-25	18816
147	[-1.07218028e-13 -5.34730054e-13]	2.974319357332756e-25	18944
148	[-1.07218028e-13 -5.34730054e-13]	2.974319357332756e-25	19072
149	[-1.07218028e-13 -5.34730054e-13]	2.974319357332756e-25	19200
150	[-1.07218028e-13 -5.34730054e-13]	2.974319357332756e-25	19328
151	[-1.07218028e-13 -5.34730054e-13]	2.974319357332756e-25	19456
152	[-1.07218028e-13 -5.34730054e-13]	2.974319357332756e-25	19584
153	[-1.07218028e-13 -5.34730054e-13]	2.974319357332756e-25	19712
154	[-1.07218028e-13 -5.34730054e-13]	2.974319357332756e-25	19840
155	[-1.07218028e-13 -5.34730054e-13]	2.974319357332756e-25	19968
156	[-1.07218028e-13 -5.34730054e-13]	2.974319357332756e-25	20096
157	[-1.07218028e-13 -5.34730054e-13]	2.974319357332756e-25	20224
158	[2.65812359e-13 3.02167324e-13]	1.6196130210319715e-25	20352
159	[ 2.94540124e-13 -6.78682532e-14]	9.135998423763702e-26	20480
160	[-1.88643769e-13 -1.59608971e-13]	6.106149517224727e-26	20608
161	[-1.88643769e-13 -1.59608971e-13]	6.106149517224727e-26	20736
162	[2.82684053e-15 4.78355068e-14]	2.296226742887151e-27	20864
163	[2.82684053e-15 4.78355068e-14]	2.296226742887151e-27	20992
164	[2.82684053e-15 4.78355068e-14]	2.296226742887151e-27	21120
165	[2.82684053e-15 4.78355068e-14]	2.296226742887151e-27	21248
166	[2.82684053e-15 4.78355068e-14]	2.296226742887151e-27	21376
167	[2.82684053e-15 4.78355068e-14]	2.296226742887151e-27	21504
168	[2.82684053e-15 4.78355068e-14]	2.296226742887151e-27	21632
169	[2.82684053e-15 4.78355068e-14]	2.296226742887151e-27	21760
170	[2.82684053e-15 4.78355068e-14]	2.296226742887151e-27	21888
171	[2.82684053e-15 4.78355068e-14]	2.296226742887151e-27	22016
172	[-3.48319852e-15  1.54145724e-14]	2.497417147364232e-28	22144
173	[-3.48319852e-15  1.54145724e-14]	2.497417147364232e-28	22272
174	[-3.48319852e-15  1.54145724e-14]	2.497417147364232e-28	22400
175	[2.58470196e-15 1.54768268e-14]	2.4621285164359913e-28	22528
176	[2.58470196e-15 1.54768268e-14]	2.4621285164359913e-28	22656
177	[ 2.75058298e-15 -8.17259013e-15]	7.435693624133346e-29	22784
178	[ 2.75058298e-15 -8.17259013e-15]	7.435693624133346e-29	22912
179	[ 2.75058298e-15 -8.17259013e-15]	7.435693624133346e-29	23040
180	[ 2.75058298e-15 -8.17259013e-15]	7.435693624133346e-29	23168
181	[1.12746345e-15 7.33206964e-15]	5.503041905544111e-29	23296
182	[1.12746345e-15 7.33206964e-15]	5.503041905544111e-29	23424
183	[ 1.10545422e-15 -1.63831419e-15]	3.906102430028936e-30	23552
184	[ 1.10545422e-15 -1.63831419e-15]	3.906102430028936e-30	23680
185	[1.10545422e-15 9.68654959e-16]	2.1603214702183114e-30	23808
186	[1.10545422e-15 9.68654959e-16]	2.1603214702183114e-30	23936
187	[1.10545422e-15 9.68654959e-16]	2.1603214702183114e-30	24064
188	[1.10545422e-15 9.68654959e-16]	2.1603214702183114e-30	24192
189	[6.05997901e-16 1.33418964e-15]	2.1472954616913275e-30	24320
190	[6.05997901e-16 1.33418964e-15]	2.1472954616913275e-30	24448
191	[6.05997901e-16 1.33418964e-15]	2.1472954616913275e-30	24576
192	[4.94945409e-16 7.79735056e-16]	8.529577160849937e-31	24704
193	[-4.97404336e-16  6.24971623e-16]	6.380006026886157e-31	24832
194	[ 2.44041765e-16 -2.37339842e-16]	1.158865837099734e-31	24960
195	[-1.71305578e-16  5.52212073e-17]	3.23949829504243e-32	25088
196	[-1.71305578e-16  5.52212073e-17]	3.23949829504243e-32	25216
197	[-1.71305578e-16  5.52212073e-17]	3.23949829504243e-32	25344
198	[-1.71305578e-16  5.52212073e-17]	3.23949829504243e-32	25472
199	[ 1.97085234e-18 -1.72605959e-17]	3.0181242951932686e-34	25600
200	[ 1.97085234e-18 -1.72605959e-17]	3.0181242951932686e-34	25728
201	[ 1.97085234e-18 -1.72605959e-17]	3.0181242951932686e-34	25856
202	[ 1.97085234e-18 -1.72605959e-17]	3.0181242951932686e-34	25984
203	[ 1.97085234e-18 -1.72605959e-17]	3.0181242951932686e-34	26112
204	[ 1.97085234e-18 -1.72605959e-17]	3.0181242951932686e-34	26240
205	[ 1.97085234e-18 -1.72605959e-17]	3.0181242951932686e-34	26368
206	[ 1.97085234e-18 -1.72605959e-17]	3.0181242951932686e-34	26496
207	[ 1.97085234e-18 -1.72605959e-17]	3.0181242951932686e-34	26624
208	[ 1.97085234e-18 -1.72605959e-17]	3.0181242951932686e-34	26752
209	[ 1.97085234e-18 -1.72605959e-17]	3.0181242951932686e-34	26880
210	[1.05061087e-17 1.30734676e-17]	2.8129387520204367e-34	27008
211	[1.05061087e-17 1.30734676e-17]	2.8129387520204367e-34	27136
212	[-1.43211181e-17 -4.08512505e-18]	2.2178266982488053e-34	27264
213	[-1.43211181e-17 -4.08512505e-18]	2.2178266982488053e-34	27392
214	[-1.43211181e-17 -4.08512505e-18]	2.2178266982488053e-34	27520
215	[-1.43211181e-17 -4.08512505e-18]	2.2178266982488053e-34	27648
216	[-2.11519825e-18 -8.46477497e-18]	7.612647898580409e-35	27776
217	[-2.11519825e-18 -8.46477497e-18]	7.612647898580409e-35	27904
218	[ 5.12706370e-18 -4.01763983e-19]	2.6448196527179385e-35	28032
219	[ 5.12706370e-18 -4.01763983e-19]	2.6448196527179385e-35	28160
220	[-3.44280004e-18 -1.75773857e-18]	1.494251701687534e-35	28288
221	[-3.44280004e-18 -1.75773857e-18]	1.494251701687534e-35	28416
222	[-3.44280004e-18 -1.75773857e-18]	1.494251701687534e-35	28544
223	[-3.44280004e-18 -1.75773857e-18]	1.494251701687534e-35	28672
224	[ 1.48912938e-18 -2.20672523e-18]	7.087142544530074e-36	28800
225	[ 1.48912938e-18 -2.20672523e-18]	7.087142544530074e-36	28928
226	[-1.38166646e-18 -5.79794954e-19]	2.245164397817144e-36	29056
227	[-1.38166646e-18 -5.79794954e-19]	2.245164397817144e-36	29184
228	[-3.88102256e-19 -2.81776934e-19]	2.3002160144886477e-37	29312
229	[-3.88102256e-19 -2.81776934e-19]	2.3002160144886477e-37	29440
230	[-3.88102256e-19 -2.81776934e-19]	2.3002160144886477e-37	29568
231	[-3.88102256e-19 -2.81776934e-19]	2.3002160144886477e-37	29696
232	[-3.88102256e-19 -2.81776934e-19]	2.3002160144886477e-37	29824
233	[ 1.77900589e-19 -3.55300025e-19]	1.5788672729943825e-37	29952
234	[ 1.77900589e-19 -3.55300025e-19]	1.5788672729943825e-37	30080
235	[ 1.77900589e-19 -1.23697177e-19]	4.6949611160977107e-38	30208
236	[ 1.77900589e-19 -1.23697177e-19]	4.6949611160977107e-38	30336
237	[ 1.77900589e-19 -1.23697177e-19]	4.6949611160977107e-38	30464
238	[ 1.77900589e-19 -1.23697177e-19]	4.6949611160977107e-38	30592
239	[ 2.57284913e-20 -4.40108090e-20]	2.5989065746023732e-39	30720
240	[ 2.57284913e-20 -4.40108090e-20]	2.5989065746023732e-39	30848
241	[ 2.57284913e-20 -4.40108090e-20]	2.5989065746023732e-39	30976
242	[ 2.57284913e-20 -4.40108090e-20]	2.5989065746023732e-39	31104
243	[ 2.57284913e-20 -4.40108090e-20]	2.5989065746023732e-39	31232
244	[-1.26397645e-20  9.87954719e-21]	2.5736910048902652e-40	31360
245	[-1.26397645e-20  9.87954719e-21]	2.5736910048902652e-40	31488
246	[-1.26397645e-20  9.87954719e-21]	2.5736910048902652e-40	31616
247	[-1.26397645e-20  9.87954719e-21]	2.5736910048902652e-40	31744
248	[-1.26397645e-20  9.87954719e-21]	2.5736910048902652e-40	31872
249	[-1.26397645e-20  9.87954719e-21]	2.5736910048902652e-40	32000
250	[-4.93651214e-21 -1.33580712e-21]	2.615353278811112e-41	32128
251	[-4.93651214e-21 -1.33580712e-21]	2.615353278811112e-41	32256
252	[2.34926675e-21 2.65350158e-21]	1.2560124919167352e-41	32384
253	[2.34926675e-21 2.65350158e-21]	1.2560124919167352e-41	32512
254	[2.34926675e-21 2.65350158e-21]	1.2560124919167352e-41	32640
255	[2.34926675e-21 2.65350158e-21]	1.2560124919167352e-41	32768
256	[2.34926675e-21 2.65350158e-21]	1.2560124919167352e-41	32896
257	[2.34926675e-21 2.65350158e-21]	1.2560124919167352e-41	33024
258	[2.34926675e-21 2.65350158e-21]	1.2560124919167352e-41	33152
259	[ 4.04337174e-22 -2.61912412e-21]	7.023299703031815e-42	33280
260	[ 4.04337174e-22 -2.61912412e-21]	7.023299703031815e-42	33408
261	[ 4.04337174e-22 -2.61912412e-21]	7.023299703031815e-42	33536
262	[ 4.04337174e-22 -2.61912412e-21]	7.023299703031815e-42	33664
263	[3.95404632e-22 6.82436212e-22]	6.220640069970388e-43	33792
264	[3.95404632e-22 6.82436212e-22]	6.220640069970388e-43	33920
265	[3.95404632e-22 6.82436212e-22]	6.220640069970388e-43	34048
266	[-2.70892211e-22  2.41751929e-22]	1.3182658529127385e-43	34176
267	[-2.70892211e-22  2.41751929e-22]	1.3182658529127385e-43	34304
268	[-2.70892211e-22  2.41751929e-22]	1.3182658529127385e-43	34432
269	[-2.70892211e-22  2.41751929e-22]	1.3182658529127385e-43	34560
270	[-2.70892211e-22  2.41751929e-22]	1.3182658529127385e-43	34688
271	[-2.70892211e-22  2.41751929e-22]	1.3182658529127385e-43	34816
272	[ 3.37900879e-22 -1.32155860e-22]	1.3164217511549048e-43	34944
273	[2.03736547e-23 4.95759132e-23]	2.872856976979995e-45	35072
274	[2.03736547e-23 4.95759132e-23]	2.872856976979995e-45	35200
275	[2.03736547e-23 4.95759132e-23]	2.872856976979995e-45	35328
276	[-1.49279059e-23  2.77032141e-23]	9.903104472430483e-46	35456
277	[-1.49279059e-23  2.77032141e-23]	9.903104472430483e-46	35584
278	[-1.49279059e-23  2.77032141e-23]	9.903104472430483e-46	35712
279	[-1.49279059e-23  2.77032141e-23]	9.903104472430483e-46	35840
280	[-1.49279059e-23  2.77032141e-23]	9.903104472430483e-46	35968
281	[-1.49279059e-23  2.77032141e-23]	9.903104472430483e-46	36096
282	[-1.49279059e-23  2.77032141e-23]	9.903104472430483e-46	36224
283	[-1.49279059e-23  2.77032141e-23]	9.903104472430483e-46	36352
284	[-1.49279059e-23  2.77032141e-23]	9.903104472430483e-46	36480
285	[-8.40574232e-24  1.02565255e-23]	1.758528198958256e-46	36608
286	[-8.40574232e-24  1.02565255e-23]	1.758528198958256e-46	36736
287	[ 1.38033801e-24 -3.33503208e-24]	1.3027771991238722e-47	36864
288	[ 1.38033801e-24 -3.33503208e-24]	1.3027771991238722e-47	36992
289	[ 1.38033801e-24 -3.33503208e-24]	1.3027771991238722e-47	37120
290	[ 1.38033801e-24 -3.33503208e-24]	1.3027771991238722e-47	37248
291	[ 1.38033801e-24 -3.33503208e-24]	1.3027771991238722e-47	37376
292	[ 1.38033801e-24 -3.33503208e-24]	1.3027771991238722e-47	37504
293	[ 1.38033801e-24 -3.33503208e-24]	1.3027771991238722e-47	37632
294	[ 1.38033801e-24 -3.33503208e-24]	1.3027771991238722e-47	37760
295	[ 1.38033801e-24 -3.33503208e-24]	1.3027771991238722e-47	37888
296	[ 1.38033801e-24 -3.33503208e-24]	1.3027771991238722e-47	38016
297	[ 1.38033801e-24 -3.33503208e-24]	1.3027771991238722e-47	38144
298	[ 1.38033801e-24 -3.33503208e-24]	1.3027771991238722e-47	38272
299	[-2.40703974e-25 -5.30962954e-25]	3.3986006231499426e-49	38400
300	[-2.40703974e-25 -5.30962954e-25]	3.3986006231499426e-49	38528
301	[-2.40703974e-25 -5.30962954e-25]	3.3986006231499426e-49	38656
302	[-2.40703974e-25 -5.30962954e-25]	3.3986006231499426e-49	38784
303	[-2.40703974e-25 -5.30962954e-25]	3.3986006231499426e-49	38912
304	[-2.40703974e-25 -5.30962954e-25]	3.3986006231499426e-49	39040
305	[-2.40703974e-25 -5.30962954e-25]	3.3986006231499426e-49	39168
306	[-2.40703974e-25 -5.30962954e-25]	3.3986006231499426e-49	39296
307	[-2.40703974e-25 -5.30962954e-25]	3.3986006231499426e-49	39424
308	[4.13566080e-25 3.19602385e-25]	2.731825874507518e-49	39552
309	[4.13566080e-25 3.19602385e-25]	2.731825874507518e-49	39680
310	[-7.10030158e-26 -2.49624756e-25]	6.7353946856710835e-50	39808
311	[1.22711413e-25 2.01777467e-25]	5.577223706700691e-50	39936
312	[1.22711413e-25 2.01777467e-25]	5.577223706700691e-50	40064
313	[-7.09180185e-26  8.31470712e-26]	1.194280079872823e-50	40192
314	[-7.09180185e-26  8.31470712e-26]	1.194280079872823e-50	40320
315	[-7.09180185e-26  8.31470712e-26]	1.194280079872823e-50	40448
316	[-7.09180185e-26  8.31470712e-26]	1.194280079872823e-50	40576
317	[-7.09180185e-26  8.31470712e-26]	1.194280079872823e-50	40704
318	[-7.09180185e-26  8.31470712e-26]	1.194280079872823e-50	40832
319	[-8.78594413e-26  5.16396501e-26]	1.0385934895892034e-50	40960
320	[ 9.11018762e-27 -2.17727382e-26]	5.570476482840844e-52	41088
321	[ 9.11018762e-27 -1.68403112e-26]	3.6659159890875806e-52	41216
322	[ 9.11018762e-27 -1.68403112e-26]	3.6659159890875806e-52	41344
323	[ 9.11018762e-27 -1.68403112e-26]	3.6659159890875806e-52	41472
324	[ 9.11018762e-27 -1.68403112e-26]	3.6659159890875806e-52	41600
325	[ 9.11018762e-27 -1.68403112e-26]	3.6659159890875806e-52	41728
326	[ 9.11018762e-27 -1.68403112e-26]	3.6659159890875806e-52	41856
327	[ 9.11018762e-27 -1.68403112e-26]	3.6659159890875806e-52	41984
328	[ 9.11018762e-27 -1.68403112e-26]	3.6659159890875806e-52	42112
329	[ 9.11018762e-27 -1.68403112e-26]	3.6659159890875806e-52	42240
330	[-1.89664149e-26  2.17669366e-27]	3.644628886029759e-52	42368
331	[-1.89664149e-26  2.17669366e-27]	3.644628886029759e-52	42496
332	[7.82793561e-27 1.71340411e-26]	3.5485194017174705e-52	42624
333	[-4.30856431e-27 -8.19667178e-27]	8.574915472084466e-53	42752
334	[-5.65664273e-27 -1.03546526e-27]	3.3069795296525637e-53	42880
335	[-5.65664273e-27 -1.03546526e-27]	3.3069795296525637e-53	43008
336	[-5.65664273e-27 -1.03546526e-27]	3.3069795296525637e-53	43136
337	[-5.65664273e-27 -1.03546526e-27]	3.3069795296525637e-53	43264
338	[-2.23778712e-27 -1.67223823e-27]	7.804071898484819e-54	43392
339	[-2.23778712e-27 -1.67223823e-27]	7.804071898484819e-54	43520
340	[-3.71704459e-28 -5.33340752e-28]	4.226165621273112e-55	43648
341	[-3.71704459e-28 -5.33340752e-28]	4.226165621273112e-55	43776
342	[-3.71704459e-28 -5.33340752e-28]	4.226165621273112e-55	43904
343	[-3.71704459e-28 -5.33340752e-28]	4.226165621273112e-55	44032
344	[-2.11201645e-28 -3.75450224e-28]	1.8556900558054276e-55	44160
345	[-2.11201645e-28 -3.75450224e-28]	1.8556900558054276e-55	44288
346	[-2.11201645e-28 -3.75450224e-28]	1.8556900558054276e-55	44416
347	[-2.11201645e-28 -3.75450224e-28]	1.8556900558054276e-55	44544
348	[-2.11201645e-28 -3.75450224e-28]	1.8556900558054276e-55	44672
349	[-2.11201645e-28 -3.75450224e-28]	1.8556900558054276e-55	44800
350	[-2.11201645e-28 -3.75450224e-28]	1.8556900558054276e-55	44928
351	[-3.08436835e-28 -1.29008798e-28]	1.1177655085469607e-55	45056
352	[-2.39637058e-28  8.55708233e-29]	6.474828513153819e-56	45184
353	[ 2.70058175e-29 -1.88183211e-28]	3.6142235265207204e-56	45312
354	[ 1.74308940e-28 -5.57011253e-29]	3.3486221867810645e-56	45440
355	[ 1.74308940e-28 -5.57011253e-29]	3.3486221867810645e-56	45568
356	[1.07203198e-28 3.77529375e-30]	1.1506778581553555e-56	45696
357	[-6.55888852e-29 -2.07741104e-29]	4.7334655292727094e-57	45824
358	[-6.55888852e-29 -2.07741104e-29]	4.7334655292727094e-57	45952
359	[-6.32438611e-29 -1.49308213e-29]	4.2227153888881146e-57	46080
360	[-6.32438611e-29 -1.49308213e-29]	4.2227153888881146e-57	46208
361	[-6.32438611e-29 -1.49308213e-29]	4.2227153888881146e-57	46336
362	[ 1.59190259e-29 -4.96835098e-30]	2.780998955768768e-58	46464
363	[ 1.59190259e-29 -4.96835098e-30]	2.780998955768768e-58	46592
364	[ 1.59190259e-29 -4.96835098e-30]	2.780998955768768e-58	46720
365	[ 1.59190259e-29 -4.96835098e-30]	2.780998955768768e-58	46848
366	[ 1.59190259e-29 -4.96835098e-30]	2.780998955768768e-58	46976
367	[ 1.59190259e-29 -4.96835098e-30]	2.780998955768768e-58	47104
368	[1.03463614e-29 7.54691595e-30]	1.6400313422545915e-58	47232
369	[1.03463614e-29 5.42575405e-30]	1.3648600083537125e-58	47360
370	[1.03463614e-29 5.42575405e-30]	1.3648600083537125e-58	47488
371	[1.03463614e-29 5.42575405e-30]	1.3648600083537125e-58	47616
372	[-1.08649102e-29 -3.72425728e-31]	1.1818497439255926e-58	47744
373	[-4.62306114e-30  2.61882524e-30]	2.8230939908711277e-59	47872
374	[-4.62306114e-30  2.61882524e-30]	2.8230939908711277e-59	48000
375	[1.05963618e-30 3.27929400e-30]	1.18765979467067e-59	48128
376	[ 1.53157234e-30 -1.27058411e-30]	3.960097824473847e-60	48256
377	[ 1.53157234e-30 -1.27058411e-30]	3.960097824473847e-60	48384
378	[ 1.53157234e-30 -1.27058411e-30]	3.960097824473847e-60	48512
379	[3.96669675e-31 1.35244412e-31]	1.7563788170063682e-61	48640
380	[3.96669675e-31 1.35244412e-31]	1.7563788170063682e-61	48768
381	[3.96669675e-31 1.35244412e-31]	1.7563788170063682e-61	48896
382	[3.96669675e-31 1.35244412e-31]	1.7563788170063682e-61	49024
383	[3.96669675e-31 1.35244412e-31]	1.7563788170063682e-61	49152
384	[3.96669675e-31 1.35244412e-31]	1.7563788170063682e-61	49280
385	[3.96669675e-31 1.35244412e-31]	1.7563788170063682e-61	49408
386	[3.96669675e-31 1.35244412e-31]	1.7563788170063682e-61	49536
387	[3.96669675e-31 1.35244412e-31]	1.7563788170063682e-61	49664
388	[3.96669675e-31 1.35244412e-31]	1.7563788170063682e-61	49792
389	[3.96669675e-31 1.35244412e-31]	1.7563788170063682e-61	49920
390	[3.96669675e-31 1.35244412e-31]	1.7563788170063682e-61	50048
391	[ 5.08661887e-32 -3.02373569e-31]	9.401714418973974e-62	50176
392	[-2.20706888e-31 -3.30228180e-32]	4.980203705485793e-62	50304
393	[-1.41484237e-31 -9.03070961e-32]	2.817316084457306e-62	50432
394	[-1.28087934e-32  7.01635755e-33]	2.132944611991346e-64	50560
395	[-1.28087934e-32  7.01635755e-33]	2.132944611991346e-64	50688
396	[-1.28087934e-32  7.01635755e-33]	2.132944611991346e-64	50816
397	[-1.28087934e-32  7.01635755e-33]	2.132944611991346e-64	50944
398	[-1.28087934e-32  7.01635755e-33]	2.132944611991346e-64	51072
399	[-1.28087934e-32  7.01635755e-33]	2.132944611991346e-64	51200
400	[-1.28087934e-32  7.01635755e-33]	2.132944611991346e-64	51328
401	[-1.28087934e-32  7.01635755e-33]	2.132944611991346e-64	51456
402	[-1.28087934e-32  7.01635755e-33]	2.132944611991346e-64	51584
403	[-1.28087934e-32  7.01635755e-33]	2.132944611991346e-64	51712
404	[ 1.83590726e-33 -6.92865472e-33]	5.137681164177559e-65	51840
405	[ 2.01796657e-33 -5.69672838e-33]	3.652490329754468e-65	51968
406	[ 2.01796657e-33 -5.69672838e-33]	3.652490329754468e-65	52096
407	[ 2.01796657e-33 -5.69672838e-33]	3.652490329754468e-65	52224
408	[ 2.01796657e-33 -5.69672838e-33]	3.652490329754468e-65	52352
409	[ 2.01796657e-33 -5.69672838e-33]	3.652490329754468e-65	52480
410	[-3.11679781e-35 -4.20321730e-33]	1.7668007072321891e-65	52608
411	[-3.11679781e-35 -4.20321730e-33]	1.7668007072321891e-65	52736
412	[-3.11679781e-35 -4.20321730e-33]	1.7668007072321891e-65	52864
413	[ 1.41866878e-34 -2.66758487e-33]	7.136135245079382e-66	52992
414	[ 1.41866878e-34 -2.66758487e-33]	7.136135245079382e-66	53120
415	[ 1.41866878e-34 -2.66758487e-33]	7.136135245079382e-66	53248
416	[ 1.41866878e-34 -2.66758487e-33]	7.136135245079382e-66	53376
417	[9.41850131e-34 5.02235623e-35]	8.896040756745854e-67	53504
418	[9.41850131e-34 5.02235623e-35]	8.896040756745854e-67	53632
419	[9.41850131e-34 5.02235623e-35]	8.896040756745854e-67	53760
420	[9.41850131e-34 5.02235623e-35]	8.896040756745854e-67	53888
421	[9.41850131e-34 5.02235623e-35]	8.896040756745854e-67	54016
422	[9.41850131e-34 5.02235623e-35]	8.896040756745854e-67	54144
423	[9.41850131e-34 5.02235623e-35]	8.896040756745854e-67	54272
424	[9.41850131e-34 5.02235623e-35]	8.896040756745854e-67	54400
425	[ 1.26421797e-34 -1.44772844e-34]	3.6941647100718817e-68	54528
426	[ 1.26421797e-34 -1.44772844e-34]	3.6941647100718817e-68	54656
427	[ 1.26421797e-34 -1.44772844e-34]	3.6941647100718817e-68	54784
428	[ 1.26421797e-34 -1.44772844e-34]	3.6941647100718817e-68	54912
429	[ 1.26421797e-34 -1.44772844e-34]	3.6941647100718817e-68	55040
430	[ 1.26421797e-34 -1.44772844e-34]	3.6941647100718817e-68	55168
431	[2.50626456e-35 8.97411779e-35]	8.68161521396442e-69	55296
432	[2.50626456e-35 8.97411779e-35]	8.68161521396442e-69	55424
433	[ 5.38866868e-35 -6.66221700e-35]	7.342288548291238e-69	55552
434	[ 5.38866868e-35 -6.66221700e-35]	7.342288548291238e-69	55680
435	[ 5.38866868e-35 -6.66221700e-35]	7.342288548291238e-69	55808
436	[ 5.38866868e-35 -6.66221700e-35]	7.342288548291238e-69	55936
437	[ 5.38866868e-35 -6.66221700e-35]	7.342288548291238e-69	56064
438	[-2.95585525e-35 -1.44589802e-35]	1.0827701369095149e-69	56192
439	[-2.95585525e-35 -1.44589802e-35]	1.0827701369095149e-69	56320
440	[ 6.01426582e-36 -9.48181364e-37]	3.7070441255645204e-71	56448
441	[ 6.01426582e-36 -9.48181364e-37]	3.7070441255645204e-71	56576
442	[ 6.01426582e-36 -9.48181364e-37]	3.7070441255645204e-71	56704
443	[ 6.01426582e-36 -9.48181364e-37]	3.7070441255645204e-71	56832
444	[ 6.01426582e-36 -9.48181364e-37]	3.7070441255645204e-71	56960
445	[ 6.01426582e-36 -9.48181364e-37]	3.7070441255645204e-71	57088
446	[ 6.01426582e-36 -9.48181364e-37]	3.7070441255645204e-71	57216
447	[-3.76474117e-36 -2.62803209e-37]	1.4242341626834706e-71	57344
448	[-3.76474117e-36 -2.62803209e-37]	1.4242341626834706e-71	57472
449	[-3.76474117e-36 -2.62803209e-37]	1.4242341626834706e-71	57600
450	[-1.60472944e-36  3.16915223e-37]	2.6755918304333657e-72	57728
451	[-1.60472944e-36  3.16915223e-37]	2.6755918304333657e-72	57856
452	[-1.60472944e-36  3.16915223e-37]	2.6755918304333657e-72	57984
453	[-1.00404595e-36  4.81268218e-37]	1.2397273717738913e-72	58112
454	[-1.00404595e-36  4.81268218e-37]	1.2397273717738913e-72	58240
455	[-1.00404595e-36  4.81268218e-37]	1.2397273717738913e-72	58368
456	[-1.00404595e-36  4.81268218e-37]	1.2397273717738913e-72	58496
457	[-1.00404595e-36  4.81268218e-37]	1.2397273717738913e-72	58624
458	[ 7.06712992e-37 -7.16342188e-37]	1.0125893832609176e-72	58752
459	[ 7.06712992e-37 -7.16342188e-37]	1.0125893832609176e-72	58880
460	[ 7.06712992e-37 -7.16342188e-37]	1.0125893832609176e-72	59008
461	[ 7.06712992e-37 -7.16342188e-37]	1.0125893832609176e-72	59136
462	[ 7.06712992e-37 -7.16342188e-37]	1.0125893832609176e-72	59264
463	[ 7.06712992e-37 -7.16342188e-37]	1.0125893832609176e-72	59392
464	[4.18180933e-37 9.29408230e-38]	1.8351328928618897e-73	59520
465	[ 1.08608469e-37 -7.21173025e-38]	1.699670487590967e-74	59648
466	[ 1.08608469e-37 -7.21173025e-38]	1.699670487590967e-74	59776
467	[ 1.08608469e-37 -7.21173025e-38]	1.699670487590967e-74	59904
468	[7.58344419e-38 5.92299882e-38]	9.259054080086238e-75	60032
469	[7.58344419e-38 5.92299882e-38]	9.259054080086238e-75	60160
470	[7.58344419e-38 5.92299882e-38]	9.259054080086238e-75	60288
471	[7.58344419e-38 5.92299882e-38]	9.259054080086238e-75	60416
472	[ 5.33017919e-38 -1.51290416e-38]	3.0699689181889206e-75	60544
473	[ 5.33017919e-38 -1.51290416e-38]	3.0699689181889206e-75	60672
474	[ 5.33017919e-38 -1.51290416e-38]	3.0699689181889206e-75	60800
475	[ 5.33017919e-38 -1.51290416e-38]	3.0699689181889206e-75	60928
476	[-4.43047069e-38 -2.66179783e-38]	2.6714238191783496e-75	61056
477	[-4.43047069e-38 -2.66179783e-38]	2.6714238191783496e-75	61184
478	[-3.41634037e-38  1.05898553e-38]	1.2792831891901616e-75	61312
479	[-3.41634037e-38  1.05898553e-38]	1.2792831891901616e-75	61440
480	[-3.41634037e-38  1.05898553e-38]	1.2792831891901616e-75	61568
481	[-1.93549393e-38 -2.27232749e-38]	8.909608996161986e-76	61696
482	[-1.93549393e-38 -2.27232749e-38]	8.909608996161986e-76	61824
483	[-7.36122863e-39 -3.84839294e-39]	6.899781509041875e-77	61952
484	[-7.36122863e-39 -3.84839294e-39]	6.899781509041875e-77	62080
485	[-7.36122863e-39 -3.84839294e-39]	6.899781509041875e-77	62208
486	[-7.36122863e-39 -3.84839294e-39]	6.899781509041875e-77	62336
487	[-7.36122863e-39 -3.84839294e-39]	6.899781509041875e-77	62464
488	[-7.36122863e-39 -3.84839294e-39]	6.899781509041875e-77	62592
489	[-4.23429990e-39 -3.68298253e-39]	3.1493655903727296e-77	62720
490	[1.60457802e-40 1.40689512e-39]	2.0051005921613383e-78	62848
491	[1.60457802e-40 1.40689512e-39]	2.0051005921613383e-78	62976
492	[1.60457802e-40 1.40689512e-39]	2.0051005921613383e-78	63104
493	[1.60457802e-40 1.40689512e-39]	2.0051005921613383e-78	63232
494	[1.60457802e-40 1.40689512e-39]	2.0051005921613383e-78	63360
495	[1.60457802e-40 1.40689512e-39]	2.0051005921613383e-78	63488
496	[-3.40231326e-40 -9.14038446e-40]	9.512236358434695e-79	63616
497	[-3.40231326e-40 -9.14038446e-40]	9.512236358434695e-79	63744
498	[4.87942624e-40 2.31328378e-40]	2.916008226066475e-79	63872
499	[4.87942624e-40 2.31328378e-40]	2.916008226066475e-79	64000
500	[1.09134123e-40 1.62222239e-40]	3.8226311635190334e-80	64128
501	[1.09134123e-40 1.62222239e-40]	3.8226311635190334e-80	64256
502	[1.09134123e-40 1.62222239e-40]	3.8226311635190334e-80	64384
503	[1.09134123e-40 1.62222239e-40]	3.8226311635190334e-80	64512
504	[1.09134123e-40 1.62222239e-40]	3.8226311635190334e-80	64640
505	[-2.32170940e-41  2.72939717e-42]	5.464830620408307e-82	64768
506	[-2.32170940e-41  2.72939717e-42]	5.464830620408307e-82	64896
507	[-2.32170940e-41  2.72939717e-42]	5.464830620408307e-82	65024
508	[-2.32170940e-41  2.72939717e-42]	5.464830620408307e-82	65152
509	[-2.32170940e-41  2.72939717e-42]	5.464830620408307e-82	65280
510	[-2.32170940e-41  2.72939717e-42]	5.464830620408307e-82	65408
511	[-2.32170940e-41  2.72939717e-42]	5.464830620408307e-82	65536
512	[-2.32170940e-41  2.72939717e-42]	5.464830620408307e-82	65664
513	[-2.32170940e-41  2.72939717e-42]	5.464830620408307e-82	65792
514	[-2.32170940e-41  2.72939717e-42]	5.464830620408307e-82	65920
515	[-2.32170940e-41  2.72939717e-42]	5.464830620408307e-82	66048
516	[-2.32170940e-41  2.72939717e-42]	5.464830620408307e-82	66176
517	[-2.32170940e-41  2.72939717e-42]	5.464830620408307e-82	66304
518	[-2.32170940e-41  2.72939717e-42]	5.464830620408307e-82	66432
519	[-2.32170940e-41  2.72939717e-42]	5.464830620408307e-82	66560
520	[-5.59750059e-42 -3.25756691e-42]	4.194375505863997e-83	66688
521	[-5.59750059e-42 -3.25756691e-42]	4.194375505863997e-83	66816
522	[-5.59750059e-42 -3.25756691e-42]	4.194375505863997e-83	66944
523	[-5.59750059e-42 -3.25756691e-42]	4.194375505863997e-83	67072
524	[ 4.8552844e-43 -4.4222875e-42]	1.9792364588502105e-83	67200
525	[ 4.8552844e-43 -4.4222875e-42]	1.9792364588502105e-83	67328
526	[9.26617905e-43 5.01728509e-44]	8.611380566711236e-85	67456
527	[9.26617905e-43 5.01728509e-44]	8.611380566711236e-85	67584
528	[9.26617905e-43 5.01728509e-44]	8.611380566711236e-85	67712
529	[9.26617905e-43 5.01728509e-44]	8.611380566711236e-85	67840
530	[9.26617905e-43 5.01728509e-44]	8.611380566711236e-85	67968
531	[9.26617905e-43 5.01728509e-44]	8.611380566711236e-85	68096
532	[9.26617905e-43 5.01728509e-44]	8.611380566711236e-85	68224
533	[9.26617905e-43 5.01728509e-44]	8.611380566711236e-85	68352
534	[9.26617905e-43 5.01728509e-44]	8.611380566711236e-85	68480
535	[9.26617905e-43 5.01728509e-44]	8.611380566711236e-85	68608
536	[9.26617905e-43 5.01728509e-44]	8.611380566711236e-85	68736
537	[9.26617905e-43 5.01728509e-44]	8.611380566711236e-85	68864
538	[4.47719253e-43 4.47933194e-43]	4.010966750031171e-85	68992
539	[4.47719253e-43 4.47933194e-43]	4.010966750031171e-85	69120
540	[4.47719253e-43 4.47933194e-43]	4.010966750031171e-85	69248
541	[4.27037724e-43 1.72967056e-43]	2.1227882003891985e-85	69376
542	[ 2.07401511e-43 -3.19624741e-43]	1.4517536192510452e-85	69504
543	[5.44447138e-44 2.93920399e-43]	8.935342765173575e-86	69632
544	[ 1.31240547e-43 -1.20339455e-44]	1.7368896959733102e-86	69760
545	[ 1.31240547e-43 -1.20339455e-44]	1.7368896959733102e-86	69888
546	[ 1.31240547e-43 -1.20339455e-44]	1.7368896959733102e-86	70016
547	[-2.23219138e-44  6.38544459e-44]	4.575658100257379e-87	70144
548	[-2.23219138e-44  6.38544459e-44]	4.575658100257379e-87	70272
549	[-1.95683298e-44  1.59084735e-44]	6.359990625683961e-88	70400
550	[-1.95683298e-44  1.59084735e-44]	6.359990625683961e-88	70528
551	[-1.95683298e-44  1.59084735e-44]	6.359990625683961e-88	70656
552	[-1.95683298e-44  1.59084735e-44]	6.359990625683961e-88	70784
553	[-1.95683298e-44  1.59084735e-44]	6.359990625683961e-88	70912
554	[-1.95683298e-44  1.59084735e-44]	6.359990625683961e-88	71040
555	[-1.95683298e-44  1.59084735e-44]	6.359990625683961e-88	71168
556	[-2.32882649e-45 -6.17896722e-47]	5.427250795638043e-90	71296
557	[-2.32882649e-45 -6.17896722e-47]	5.427250795638043e-90	71424
558	[-2.32882649e-45 -6.17896722e-47]	5.427250795638043e-90	71552
559	[-2.32882649e-45 -6.17896722e-47]	5.427250795638043e-90	71680
560	[-2.32882649e-45 -6.17896722e-47]	5.427250795638043e-90	71808
561	[-2.32882649e-45 -6.17896722e-47]	5.427250795638043e-90	71936
562	[-5.98974574e-46 -1.27117534e-45]	1.9746572961771233e-90	72064
563	[-5.98974574e-46 -1.27117534e-45]	1.9746572961771233e-90	72192
564	[-5.98974574e-46 -1.27117534e-45]	1.9746572961771233e-90	72320
565	[-5.98974574e-46 -1.27117534e-45]	1.9746572961771233e-90	72448
566	[-5.98974574e-46 -1.27117534e-45]	1.9746572961771233e-90	72576
567	[-5.98974574e-46 -1.27117534e-45]	1.9746572961771233e-90	72704
568	[-5.98974574e-46 -1.27117534e-45]	1.9746572961771233e-90	72832
569	[ 8.75112098e-47 -1.00957020e-45]	1.0268902051075186e-90	72960
570	[ 8.75112098e-47 -1.00957020e-45]	1.0268902051075186e-90	73088
571	[-3.48120481e-46 -4.34888943e-46]	3.103162621840487e-91	73216
572	[-3.48120481e-46 -4.34888943e-46]	3.103162621840487e-91	73344
573	[-3.48120481e-46 -4.34888943e-46]	3.103162621840487e-91	73472
574	[-3.48120481e-46 -4.34888943e-46]	3.103162621840487e-91	73600
575	[-3.48120481e-46 -4.34888943e-46]	3.103162621840487e-91	73728
576	[-3.48120481e-46 -4.34888943e-46]	3.103162621840487e-91	73856
577	[-3.48120481e-46 -4.34888943e-46]	3.103162621840487e-91	73984
578	[-2.94570385e-46  1.87271191e-46]	1.2184221088651403e-91	74112
579	[-2.94570385e-46  1.87271191e-46]	1.2184221088651403e-91	74240
580	[-1.81585996e-46  2.29303760e-46]	8.55536881605202e-92	74368
581	[-1.81585996e-46  2.29303760e-46]	8.55536881605202e-92	74496
582	[-1.81585996e-46  2.29303760e-46]	8.55536881605202e-92	74624
583	[-1.81585996e-46  2.29303760e-46]	8.55536881605202e-92	74752
584	[ 2.33751678e-46 -1.23842342e-46]	6.997677287147138e-92	74880
585	[-1.32567124e-46 -1.65991268e-46]	4.5127143332039164e-92	75008
586	[-1.57812624e-47 -1.15622606e-47]	3.8273411235415696e-94	75136
587	[-1.57812624e-47 -1.15622606e-47]	3.8273411235415696e-94	75264
588	[-1.57812624e-47 -1.15622606e-47]	3.8273411235415696e-94	75392
589	[-1.57812624e-47 -1.15622606e-47]	3.8273411235415696e-94	75520
590	[-1.64430739e-47 -8.30748735e-48]	3.3938902673482103e-94	75648
591	[-1.64430739e-47 -8.30748735e-48]	3.3938902673482103e-94	75776
592	[-1.64430739e-47 -8.30748735e-48]	3.3938902673482103e-94	75904
593	[5.42108311e-48 1.39545176e-47]	2.2411670217147187e-94	76032
594	[5.42108311e-48 1.39545176e-47]	2.2411670217147187e-94	76160
595	[5.42108311e-48 1.39545176e-47]	2.2411670217147187e-94	76288
596	[5.42108311e-48 1.39545176e-47]	2.2411670217147187e-94	76416
597	[-2.63753484e-48  8.55523638e-48]	8.014865951425318e-95	76544
598	[-2.63753484e-48  8.55523638e-48]	8.014865951425318e-95	76672
599	[-2.63753484e-48  8.55523638e-48]	8.014865951425318e-95	76800
600	[-2.63753484e-48  8.55523638e-48]	8.014865951425318e-95	76928
601	[-2.42049808e-48  4.85443224e-48]	2.9424323292598998e-95	77056
602	[-3.76110039e-48 -3.02150785e-48]	2.3275385831906937e-95	77184
603	[-3.71742886e-48  3.02707844e-48]	2.2982481203632158e-95	77312
604	[-3.71742886e-48  3.02707844e-48]	2.2982481203632158e-95	77440
605	[-4.75949006e-49  1.10271006e-48]	1.4424969381922505e-96	77568
606	[-4.75949006e-49  1.10271006e-48]	1.4424969381922505e-96	77696
607	[-4.75949006e-49  1.10271006e-48]	1.4424969381922505e-96	77824
608	[1.01165973e-48 4.12903994e-49]	1.1939451119162821e-96	77952
609	[1.01165973e-48 4.12903994e-49]	1.1939451119162821e-96	78080
610	[1.01165973e-48 4.12903994e-49]	1.1939451119162821e-96	78208
611	[ 9.66077705e-49 -3.91241344e-49]	1.0863759220090291e-96	78336
612	[3.28375974e-49 2.02673248e-49]	1.4890722615096715e-97	78464
613	[3.28375974e-49 2.02673248e-49]	1.4890722615096715e-97	78592
614	[1.45746042e-49 2.07979311e-49]	6.449730247163624e-98	78720
615	[1.45746042e-49 2.07979311e-49]	6.449730247163624e-98	78848
616	[-1.74460794e-50 -6.51651030e-51]	3.46830591788443e-100	78976
617	[-1.74460794e-50 -6.51651030e-51]	3.46830591788443e-100	79104
618	[-1.74460794e-50 -6.51651030e-51]	3.46830591788443e-100	79232
619	[-1.74460794e-50 -6.51651030e-51]	3.46830591788443e-100	79360
620	[-1.74460794e-50 -6.51651030e-51]	3.46830591788443e-100	79488
621	[-1.74460794e-50 -6.51651030e-51]	3.46830591788443e-100	79616
622	[-1.74460794e-50 -6.51651030e-51]	3.46830591788443e-100	79744
623	[-1.74460794e-50 -6.51651030e-51]	3.46830591788443e-100	79872
624	[-1.74460794e-50 -6.51651030e-51]	3.46830591788443e-100	80000
625	[-5.58530629e-51 -6.51651030e-51]	7.366055275392596e-101	80128
626	[-5.58530629e-51 -6.51651030e-51]	7.366055275392596e-101	80256
627	[-5.58530629e-51 -6.51651030e-51]	7.366055275392596e-101	80384
628	[-5.58530629e-51 -6.51651030e-51]	7.366055275392596e-101	80512
629	[-5.58530629e-51 -6.51651030e-51]	7.366055275392596e-101	80640
630	[-5.58530629e-51 -6.51651030e-51]	7.366055275392596e-101	80768
631	[-5.58530629e-51 -6.51651030e-51]	7.366055275392596e-101	80896
632	[-5.58530629e-51 -6.51651030e-51]	7.366055275392596e-101	81024
633	[ 2.50442512e-51 -2.20173196e-51]	1.1119768785685716e-101	81152
634	[ 2.50442512e-51 -2.20173196e-51]	1.1119768785685716e-101	81280
635	[ 2.50442512e-51 -2.20173196e-51]	1.1119768785685716e-101	81408
636	[ 2.50442512e-51 -2.20173196e-51]	1.1119768785685716e-101	81536
637	[ 2.50442512e-51 -2.20173196e-51]	1.1119768785685716e-101	81664
638	[ 2.50442512e-51 -2.20173196e-51]	1.1119768785685716e-101	81792
639	[ 2.50442512e-51 -2.20173196e-51]	1.1119768785685716e-101	81920
640	[ 2.50442512e-51 -2.20173196e-51]	1.1119768785685716e-101	82048
641	[ 2.50442512e-51 -2.20173196e-51]	1.1119768785685716e-101	82176
642	[ 2.50442512e-51 -2.20173196e-51]	1.1119768785685716e-101	82304
643	[-1.92012556e-52  2.72300734e-51]	7.45163779332883e-102	82432
644	[-1.92012556e-52  2.72300734e-51]	7.45163779332883e-102	82560
645	[ 1.10566153e-51 -5.70409780e-52]	1.5478547295079065e-102	82688
646	[ 1.10566153e-51 -5.70409780e-52]	1.5478547295079065e-102	82816
647	[-1.92012556e-52 -1.21157660e-51]	1.5047866832142178e-102	82944
648	[-1.92012556e-52 -1.21157660e-51]	1.5047866832142178e-102	83072
649	[-6.91326291e-52 -9.14759008e-52]	1.3147160830896409e-102	83200
650	[ 1.22536386e-52 -2.21398328e-52]	6.40323855170106e-104	83328
651	[ 1.22536386e-52 -2.21398328e-52]	6.40323855170106e-104	83456
652	[ 1.22536386e-52 -2.21398328e-52]	6.40323855170106e-104	83584
653	[ 1.22536386e-52 -2.21398328e-52]	6.40323855170106e-104	83712
654	[ 1.22536386e-52 -2.21398328e-52]	6.40323855170106e-104	83840
655	[ 1.22536386e-52 -2.21398328e-52]	6.40323855170106e-104	83968
656	[ 1.22536386e-52 -2.21398328e-52]	6.40323855170106e-104	84096
657	[-4.04547685e-53  1.40283237e-52]	2.1315974746016967e-104	84224
658	[-4.04547685e-53  1.40283237e-52]	2.1315974746016967e-104	84352
659	[-5.36247794e-53  8.46869765e-53]	1.0047500946479977e-104	84480
660	[-5.36247794e-53  8.46869765e-53]	1.0047500946479977e-104	84608
661	[-5.36247794e-53  8.46869765e-53]	1.0047500946479977e-104	84736
662	[ 1.89928288e-53 -3.05048750e-53]	1.2912749447664356e-105	84864
663	[-1.28039251e-53  2.87506289e-53]	9.905391571151247e-106	84992
664	[-1.28039251e-53  2.87506289e-53]	9.905391571151247e-106	85120
665	[-1.28039251e-53  2.87506289e-53]	9.905391571151247e-106	85248
666	[-1.02964025e-54  6.82427537e-55]	1.5258663795974072e-108	85376
667	[-1.02964025e-54  6.82427537e-55]	1.5258663795974072e-108	85504
668	[-1.02964025e-54  6.82427537e-55]	1.5258663795974072e-108	85632
669	[-1.02964025e-54  6.82427537e-55]	1.5258663795974072e-108	85760
670	[-1.02964025e-54  6.82427537e-55]	1.5258663795974072e-108	85888
671	[-1.02964025e-54  6.82427537e-55]	1.5258663795974072e-108	86016
672	[-1.02964025e-54  6.82427537e-55]	1.5258663795974072e-108	86144
673	[-1.02964025e-54  6.82427537e-55]	1.5258663795974072e-108	86272
674	[-1.02964025e-54  6.82427537e-55]	1.5258663795974072e-108	86400
675	[-1.02964025e-54  6.82427537e-55]	1.5258663795974072e-108	86528
676	[-1.02964025e-54  6.82427537e-55]	1.5258663795974072e-108	86656
677	[-1.02964025e-54  6.82427537e-55]	1.5258663795974072e-108	86784
678	[-1.02964025e-54  6.82427537e-55]	1.5258663795974072e-108	86912
679	[-1.02964025e-54  6.82427537e-55]	1.5258663795974072e-108	87040
680	[-1.02964025e-54  6.82427537e-55]	1.5258663795974072e-108	87168
681	[-1.02964025e-54  6.82427537e-55]	1.5258663795974072e-108	87296
682	[ 5.95307469e-56 -9.51659753e-55]	9.092001953960507e-109	87424
683	[ 5.95307469e-56 -9.51659753e-55]	9.092001953960507e-109	87552
684	[ 5.95307469e-56 -9.51659753e-55]	9.092001953960507e-109	87680
685	[ 5.95307469e-56 -9.51659753e-55]	9.092001953960507e-109	87808
686	[ 5.95307469e-56 -9.51659753e-55]	9.092001953960507e-109	87936
687	[ 5.95307469e-56 -9.51659753e-55]	9.092001953960507e-109	88064
688	[-6.03646561e-55  8.27264738e-56]	3.712328395846297e-109	88192
689	[-6.03646561e-55  8.27264738e-56]	3.712328395846297e-109	88320
690	[5.32817284e-55 2.13970246e-55]	3.296775245571831e-109	88448
691	[-1.40205314e-55 -2.02865528e-55]	6.0811952344224e-110	88576
692	[-1.40205314e-55 -2.02865528e-55]	6.0811952344224e-110	88704
693	[-1.40205314e-55 -2.02865528e-55]	6.0811952344224e-110	88832
694	[-1.40205314e-55 -2.02865528e-55]	6.0811952344224e-110	88960
695	[-1.40205314e-55 -2.02865528e-55]	6.0811952344224e-110	89088
696	[-1.63368336e-55  1.60468824e-55]	5.243945660029241e-110	89216
697	[-1.97125885e-55  5.64536171e-56]	4.2045625330520065e-110	89344
698	[-1.97125885e-55  5.64536171e-56]	4.2045625330520065e-110	89472
699	[-1.97125885e-55  5.64536171e-56]	4.2045625330520065e-110	89600
700	[-1.55796327e-55 -3.89614520e-57]	2.4287675578248782e-110	89728
701	[ 6.02821709e-56 -1.06237668e-55]	1.492038227655919e-110	89856
702	[-1.40064931e-56 -7.68997820e-56]	6.10975831937922e-111	89984
703	[-6.34153257e-56  1.99062536e-56]	4.417762461604941e-111	90112
704	[-1.18142415e-56 -2.91184158e-56]	9.874584394107916e-112	90240
705	[-1.18142415e-56 -2.91184158e-56]	9.874584394107916e-112	90368
706	[-1.18142415e-56 -2.91184158e-56]	9.874584394107916e-112	90496
707	[-1.18142415e-56 -2.91184158e-56]	9.874584394107916e-112	90624
708	[-1.18142415e-56 -2.91184158e-56]	9.874584394107916e-112	90752
709	[-1.18142415e-56 -2.91184158e-56]	9.874584394107916e-112	90880
710	[-2.43729371e-56  6.05493511e-57]	6.307023023791353e-112	91008
711	[-1.40064931e-56 -8.61270382e-57]	2.7036051472043856e-112	91136
712	[-2.89256670e-57  1.56287936e-56]	2.5262613039375736e-112	91264
713	[-5.32075050e-57  4.34603072e-57]	4.7198368907836353e-113	91392
714	[-5.32075050e-57  4.34603072e-57]	4.7198368907836353e-113	91520
715	[-5.32075050e-57  4.34603072e-57]	4.7198368907836353e-113	91648
716	[7.31716699e-58 6.46396933e-57]	4.23183088226151e-113	91776
717	[7.31716699e-58 6.46396933e-57]	4.23183088226151e-113	91904
718	[-2.75449016e-57 -4.50938363e-57]	2.792175677888135e-113	92032
719	[-2.75449016e-57 -4.50938363e-57]	2.792175677888135e-113	92160
720	[-2.75449016e-57 -4.50938363e-57]	2.792175677888135e-113	92288
721	[-3.41105694e-57  2.13913266e-57]	1.6211197984731346e-113	92416
722	[ 2.36723253e-59 -1.02293628e-57]	1.046959020757082e-114	92544
723	[ 2.36723253e-59 -1.02293628e-57]	1.046959020757082e-114	92672
724	[ 2.36723253e-59 -1.02293628e-57]	1.046959020757082e-114	92800
725	[5.36639071e-58 2.61518068e-58]	3.5637319209426856e-115	92928
726	[-3.35351669e-58 -6.71068378e-59]	1.1696406927789345e-115	93056
727	[-3.35351669e-58 -6.71068378e-59]	1.1696406927789345e-115	93184
728	[-3.35351669e-58 -6.71068378e-59]	1.1696406927789345e-115	93312
729	[-1.06347748e-58 -2.92481813e-58]	9.68554545221914e-116	93440
730	[-1.06347748e-58 -2.92481813e-58]	9.68554545221914e-116	93568
731	[-1.06347748e-58 -2.92481813e-58]	9.68554545221914e-116	93696
732	[-1.06347748e-58 -2.92481813e-58]	9.68554545221914e-116	93824
733	[-1.06347748e-58 -2.92481813e-58]	9.68554545221914e-116	93952
734	[-2.94544597e-58  6.36821965e-59]	9.081194190185036e-116	94080
735	[ 7.83729923e-59 -1.52465336e-58]	2.9388004737933006e-116	94208
736	[ 7.83729923e-59 -1.52465336e-58]	2.9388004737933006e-116	94336
737	[ 4.55562007e-59 -1.40429090e-58]	2.1795696811315944e-116	94464
738	[-5.16012788e-59 -6.59695636e-59]	7.01467529894674e-117	94592
739	[-5.16012788e-59 -6.59695636e-59]	7.01467529894674e-117	94720
740	[-5.16012788e-59 -6.59695636e-59]	7.01467529894674e-117	94848
741	[ 2.13232317e-60 -1.50264900e-59]	2.3034220457968217e-118	94976
742	[ 2.13232317e-60 -1.50264900e-59]	2.3034220457968217e-118	95104
743	[ 2.13232317e-60 -1.50264900e-59]	2.3034220457968217e-118	95232
744	[ 2.13232317e-60 -1.50264900e-59]	2.3034220457968217e-118	95360
745	[ 2.13232317e-60 -1.50264900e-59]	2.3034220457968217e-118	95488
746	[ 2.13232317e-60 -1.50264900e-59]	2.3034220457968217e-118	95616
747	[ 2.13232317e-60 -1.50264900e-59]	2.3034220457968217e-118	95744
748	[-2.00532999e-60  3.70229000e-60]	1.7728299613288706e-119	95872
749	[-2.00532999e-60  3.70229000e-60]	1.7728299613288706e-119	96000
750	[-2.00532999e-60  3.70229000e-60]	1.7728299613288706e-119	96128
751	[-2.00532999e-60  3.70229000e-60]	1.7728299613288706e-119	96256
752	[-2.00532999e-60  3.70229000e-60]	1.7728299613288706e-119	96384
753	[-2.00532999e-60  3.70229000e-60]	1.7728299613288706e-119	96512
754	[-2.00532999e-60  3.70229000e-60]	1.7728299613288706e-119	96640
755	[-2.00532999e-60  3.70229000e-60]	1.7728299613288706e-119	96768
756	[ 2.01940461e-60 -3.32852359e-60]	1.5157064278181347e-119	96896
757	[ 2.01940461e-60 -3.32852359e-60]	1.5157064278181347e-119	97024
758	[ 2.01940461e-60 -3.32852359e-60]	1.5157064278181347e-119	97152
759	[-1.06909516e-60  8.28027072e-61]	1.8285932968546922e-120	97280
760	[-1.06909516e-60  8.28027072e-61]	1.8285932968546922e-120	97408
761	[-1.06909516e-60  8.28027072e-61]	1.8285932968546922e-120	97536
762	[-1.06909516e-60  8.28027072e-61]	1.8285932968546922e-120	97664
763	[3.41613577e-61 4.14185190e-61]	2.882492071781285e-121	97792
764	[3.41613577e-61 4.14185190e-61]	2.882492071781285e-121	97920
765	[3.41613577e-61 4.14185190e-61]	2.882492071781285e-121	98048
766	[3.41613577e-61 4.14185190e-61]	2.882492071781285e-121	98176
767	[ 2.94435391e-61 -1.22588064e-61]	1.0172003281044763e-121	98304
768	[ 2.94435391e-61 -1.22588064e-61]	1.0172003281044763e-121	98432
769	[ 2.94435391e-61 -1.22588064e-61]	1.0172003281044763e-121	98560
770	[ 2.94435391e-61 -1.22588064e-61]	1.0172003281044763e-121	98688
771	[1.57155592e-61 2.02069463e-61]	6.552994802174827e-122	98816
772	[-5.86414445e-62 -3.39373281e-62]	4.590561248450716e-123	98944
773	[-5.86414445e-62 -3.39373281e-62]	4.590561248450716e-123	99072
774	[-5.86414445e-62 -3.39373281e-62]	4.590561248450716e-123	99200
775	[-5.86414445e-62 -3.39373281e-62]	4.590561248450716e-123	99328
776	[-5.86414445e-62 -3.39373281e-62]	4.590561248450716e-123	99456
777	[-5.86414445e-62 -3.39373281e-62]	4.590561248450716e-123	99584
778	[-2.74711395e-62 -3.28622637e-62]	1.8345918842057165e-123	99712
779	[-2.74711395e-62 -3.28622637e-62]	1.8345918842057165e-123	99840
780	[ 2.21544053e-62 -3.62860575e-62]	1.8074956468698515e-123	99968
781	[ 2.21544053e-62 -3.62860575e-62]	1.8074956468698515e-123	100096
#Result: mean = 0.0005759791581902404	std = 0.004808104426697297