#GEN	x_best	f(x_best)	#eval
0	[ 0.37428484 -0.29322667]	0.2260710268249928	128
1	[ 0.37428484 -0.29322667]	0.2260710268249928	256
2	[ 0.37428484 -0.29322667]	0.2260710268249928	384
3	[-0.10634812  0.01656824]	0.01158442900003282	512
4	[-0.10634812  0.01656824]	0.01158442900003282	640
5	[-0.10634812  0.01656824]	0.01158442900003282	768
6	[-0.10634812  0.01656824]	0.01158442900003282	896
7	[-0.10634812  0.01656824]	0.01158442900003282	1024
8	[-0.10634812  0.01656824]	0.01158442900003282	1152
9	[-0.0542447  -0.04705145]	0.005156325911644345	1280
10	[-0.0542447  -0.04705145]	0.005156325911644345	1408
11	[-0.0542447  -0.04705145]	0.005156325911644345	1536
12	[0.0249616  0.04606787]	0.0027453302669832626	1664
13	[0.0249616  0.04606787]	0.0027453302669832626	1792
14	[-0.00766415 -0.01134283]	0.00018739887930621275	1920
15	[-0.00766415 -0.01134283]	0.00018739887930621275	2048
16	[-0.00766415 -0.01134283]	0.00018739887930621275	2176
17	[-0.00766415 -0.01134283]	0.00018739887930621275	2304
18	[-0.00766415 -0.01134283]	0.00018739887930621275	2432
19	[-0.00766415 -0.01134283]	0.00018739887930621275	2560
20	[-0.0011897  -0.00371066]	1.5184412286831186e-05	2688
21	[-0.0011897  -0.00371066]	1.5184412286831186e-05	2816
22	[-0.0011897  -0.00371066]	1.5184412286831186e-05	2944
23	[-0.00156582 -0.00232837]	7.873069065247757e-06	3072
24	[-0.00156582 -0.00232837]	7.873069065247757e-06	3200
25	[-0.00156582 -0.00232837]	7.873069065247757e-06	3328
26	[-0.00166373  0.00116333]	4.121346177639368e-06	3456
27	[-0.00015896  0.00029535]	1.1250070067314872e-07	3584
28	[-0.00015896  0.00029535]	1.1250070067314872e-07	3712
29	[-0.00015896  0.00029535]	1.1250070067314872e-07	3840
30	[-0.00015896  0.00029535]	1.1250070067314872e-07	3968
31	[-0.00015896  0.00029535]	1.1250070067314872e-07	4096
32	[-0.00015896  0.00029535]	1.1250070067314872e-07	4224
33	[-0.00015896  0.00029535]	1.1250070067314872e-07	4352
34	[-0.00015896  0.00029535]	1.1250070067314872e-07	4480
35	[-0.00015896  0.00029535]	1.1250070067314872e-07	4608
36	[-0.00015896  0.00029535]	1.1250070067314872e-07	4736
37	[-0.00015896  0.00029535]	1.1250070067314872e-07	4864
38	[6.61222414e-06 1.04760843e-04]	1.1018555791469983e-08	4992
39	[6.61222414e-06 1.04760843e-04]	1.1018555791469983e-08	5120
40	[6.61222414e-06 1.04760843e-04]	1.1018555791469983e-08	5248
41	[6.61222414e-06 1.04760843e-04]	1.1018555791469983e-08	5376
42	[6.61222414e-06 1.04760843e-04]	1.1018555791469983e-08	5504
43	[6.61222414e-06 1.04760843e-04]	1.1018555791469983e-08	5632
44	[6.61222414e-06 1.04760843e-04]	1.1018555791469983e-08	5760
45	[5.10355507e-05 7.75092686e-05]	8.612314151003808e-09	5888
46	[5.10355507e-05 7.75092686e-05]	8.612314151003808e-09	6016
47	[ 5.10355507e-05 -7.12445868e-05]	7.680418588837824e-09	6144
48	[2.65603244e-05 4.21256709e-05]	2.4800229761657514e-09	6272
49	[2.65603244e-05 4.21256709e-05]	2.4800229761657514e-09	6400
50	[4.20028595e-05 6.97030777e-06]	1.8128253977484646e-09	6528
51	[4.20028595e-05 6.97030777e-06]	1.8128253977484646e-09	6656
52	[4.20028595e-05 6.97030777e-06]	1.8128253977484646e-09	6784
53	[4.20028595e-05 6.97030777e-06]	1.8128253977484646e-09	6912
54	[4.20028595e-05 6.97030777e-06]	1.8128253977484646e-09	7040
55	[2.65603244e-05 2.47161044e-05]	1.3163366486381815e-09	7168
56	[-1.83731685e-05  6.70726249e-06]	3.825606901912766e-10	7296
57	[-1.83731685e-05  6.70726249e-06]	3.825606901912766e-10	7424
58	[ 3.10912989e-06 -2.35851621e-06]	1.522928737388572e-11	7552
59	[ 3.10912989e-06 -2.35851621e-06]	1.522928737388572e-11	7680
60	[ 3.10912989e-06 -2.35851621e-06]	1.522928737388572e-11	7808
61	[ 3.10912989e-06 -2.35851621e-06]	1.522928737388572e-11	7936
62	[ 3.10912989e-06 -2.35851621e-06]	1.522928737388572e-11	8064
63	[ 3.10912989e-06 -2.35851621e-06]	1.522928737388572e-11	8192
64	[ 3.10912989e-06 -2.35851621e-06]	1.522928737388572e-11	8320
65	[-1.16539446e-06 -1.10376923e-06]	2.576450768613603e-12	8448
66	[-1.16539446e-06 -1.10376923e-06]	2.576450768613603e-12	8576
67	[-1.16539446e-06 -1.10376923e-06]	2.576450768613603e-12	8704
68	[-1.16539446e-06 -1.10376923e-06]	2.576450768613603e-12	8832
69	[-1.16539446e-06 -1.10376923e-06]	2.576450768613603e-12	8960
70	[-1.16539446e-06 -1.10376923e-06]	2.576450768613603e-12	9088
71	[5.18862980e-07 1.34406831e-06]	2.0757384220113343e-12	9216
72	[1.04405115e-06 7.64719665e-07]	1.6748389728021193e-12	9344
73	[1.04405115e-06 7.64719665e-07]	1.6748389728021193e-12	9472
74	[-1.54175936e-07  2.81854192e-07]	1.0321200467886595e-13	9600
75	[-1.54175936e-07  2.81854192e-07]	1.0321200467886595e-13	9728
76	[-1.54175936e-07  2.81854192e-07]	1.0321200467886595e-13	9856
77	[-1.54175936e-07  2.81854192e-07]	1.0321200467886595e-13	9984
78	[-1.54175936e-07  2.81854192e-07]	1.0321200467886595e-13	10112
79	[-1.54175936e-07  2.81854192e-07]	1.0321200467886595e-13	10240
80	[-1.25028856e-07 -2.68573831e-07]	8.776411743500877e-14	10368
81	[ 2.92537226e-08 -1.30500984e-07]	1.788628706735646e-14	10496
82	[ 5.63772998e-08 -4.05430984e-08]	4.8221427675210324e-15	10624
83	[ 5.63772998e-08 -4.05430984e-08]	4.8221427675210324e-15	10752
84	[2.91957649e-09 5.41657751e-08]	2.942455122363248e-15	10880
85	[2.91957649e-09 5.41657751e-08]	2.942455122363248e-15	11008
86	[2.91957649e-09 5.41657751e-08]	2.942455122363248e-15	11136
87	[-6.01500717e-09 -3.76486977e-08]	1.4536047495059478e-15	11264
88	[-6.01500717e-09 -3.76486977e-08]	1.4536047495059478e-15	11392
89	[2.83509352e-08 1.75363223e-08]	1.1112981242469183e-15	11520
90	[-8.03900604e-09 -3.00203288e-08]	9.658457617109684e-16	11648
91	[-2.10500764e-10  2.94616142e-08]	8.680310213858568e-16	11776
92	[ 3.72955730e-09 -9.04205138e-09]	9.566829082930187e-17	11904
93	[ 3.72955730e-09 -9.04205138e-09]	9.566829082930187e-17	12032
94	[ 3.72955730e-09 -9.04205138e-09]	9.566829082930187e-17	12160
95	[-7.11128540e-09  2.03142514e-09]	5.4697068070216825e-17	12288
96	[-7.11128540e-09  2.03142514e-09]	5.4697068070216825e-17	12416
97	[-7.11128540e-09  2.03142514e-09]	5.4697068070216825e-17	12544
98	[-7.11128540e-09  2.03142514e-09]	5.4697068070216825e-17	12672
99	[-7.11128540e-09  2.03142514e-09]	5.4697068070216825e-17	12800
100	[-7.11128540e-09  2.03142514e-09]	5.4697068070216825e-17	12928
101	[-2.24679850e-09  6.40812231e-09]	4.611213509937463e-17	13056
102	[-2.24679850e-09  6.40812231e-09]	4.611213509937463e-17	13184
103	[-3.90911136e-09 -5.49138885e-09]	4.543650312062964e-17	13312
104	[1.14506402e-10 3.07046262e-09]	9.440852433579991e-18	13440
105	[-1.96062647e-09  6.37487471e-10]	4.250446436886046e-18	13568
106	[-1.96062647e-09  6.37487471e-10]	4.250446436886046e-18	13696
107	[-1.96062647e-09  6.37487471e-10]	4.250446436886046e-18	13824
108	[-3.38625297e-11  4.92890858e-10]	2.4408806892760064e-19	13952
109	[-3.38625297e-11  4.92890858e-10]	2.4408806892760064e-19	14080
110	[-3.38625297e-11  4.92890858e-10]	2.4408806892760064e-19	14208
111	[-3.38625297e-11  4.92890858e-10]	2.4408806892760064e-19	14336
112	[-3.38625297e-11  4.92890858e-10]	2.4408806892760064e-19	14464
113	[-3.38625297e-11  4.92890858e-10]	2.4408806892760064e-19	14592
114	[-3.38625297e-11  4.92890858e-10]	2.4408806892760064e-19	14720
115	[1.93608676e-10 5.33267570e-11]	4.03280623585197e-20	14848
116	[1.93608676e-10 5.33267570e-11]	4.03280623585197e-20	14976
117	[1.93608676e-10 5.33267570e-11]	4.03280623585197e-20	15104
118	[1.93608676e-10 5.33267570e-11]	4.03280623585197e-20	15232
119	[8.01008916e-11 1.52204011e-10]	2.9582213744881323e-20	15360
120	[8.01008916e-11 1.52204011e-10]	2.9582213744881323e-20	15488
121	[8.01008916e-11 1.52204011e-10]	2.9582213744881323e-20	15616
122	[ 1.19870996e-10 -5.53860808e-11]	1.7436673578261422e-20	15744
123	[ 1.19870996e-10 -5.53860808e-11]	1.7436673578261422e-20	15872
124	[ 1.19870996e-10 -5.53860808e-11]	1.7436673578261422e-20	16000
125	[-3.71608549e-12 -2.40235253e-11]	5.909390576986113e-22	16128
126	[-3.71608549e-12 -2.40235253e-11]	5.909390576986113e-22	16256
127	[-3.71608549e-12 -2.40235253e-11]	5.909390576986113e-22	16384
128	[-3.71608549e-12 -2.40235253e-11]	5.909390576986113e-22	16512
129	[-3.71608549e-12 -2.40235253e-11]	5.909390576986113e-22	16640
130	[-3.71608549e-12 -2.40235253e-11]	5.909390576986113e-22	16768
131	[-3.71608549e-12 -2.40235253e-11]	5.909390576986113e-22	16896
132	[-3.71608549e-12 -2.40235253e-11]	5.909390576986113e-22	17024
133	[-3.71608549e-12 -2.40235253e-11]	5.909390576986113e-22	17152
134	[-1.42054909e-11  7.88231886e-13]	2.0241728125081024e-22	17280
135	[-1.42054909e-11  7.88231886e-13]	2.0241728125081024e-22	17408
136	[-1.42054909e-11  7.88231886e-13]	2.0241728125081024e-22	17536
137	[-1.05437423e-11  1.73217121e-12]	1.1417091960876384e-22	17664
138	[2.05362518e-12 1.78392289e-12]	7.399757278779699e-24	17792
139	[2.05362518e-12 1.78392289e-12]	7.399757278779699e-24	17920
140	[2.05362518e-12 1.78392289e-12]	7.399757278779699e-24	18048
141	[ 3.10947694e-13 -2.28143797e-12]	5.301647664708284e-24	18176
142	[ 3.10947694e-13 -2.28143797e-12]	5.301647664708284e-24	18304
143	[ 3.10947694e-13 -2.28143797e-12]	5.301647664708284e-24	18432
144	[-5.05130355e-13 -6.78098334e-13]	7.149740272286497e-25	18560
145	[-5.05130355e-13 -6.78098334e-13]	7.149740272286497e-25	18688
146	[-5.05130355e-13 -6.78098334e-13]	7.149740272286497e-25	18816
147	[-5.05130355e-13 -6.78098334e-13]	7.149740272286497e-25	18944
148	[-5.05130355e-13 -6.78098334e-13]	7.149740272286497e-25	19072
149	[-5.05130355e-13 -6.78098334e-13]	7.149740272286497e-25	19200
150	[2.14234382e-13 6.46012840e-13]	4.6322895931991285e-25	19328
151	[-2.44175832e-13  1.46818507e-13]	8.117751073261022e-26	19456
152	[-2.44175832e-13  1.46818507e-13]	8.117751073261022e-26	19584
153	[-2.44175832e-13  1.46818507e-13]	8.117751073261022e-26	19712
154	[-2.44175832e-13  1.46818507e-13]	8.117751073261022e-26	19840
155	[7.52540102e-14 3.11764591e-14]	6.635137655951287e-27	19968
156	[7.52540102e-14 3.11764591e-14]	6.635137655951287e-27	20096
157	[7.52540102e-14 3.11764591e-14]	6.635137655951287e-27	20224
158	[7.52540102e-14 3.11764591e-14]	6.635137655951287e-27	20352
159	[7.52540102e-14 3.11764591e-14]	6.635137655951287e-27	20480
160	[7.52540102e-14 3.11764591e-14]	6.635137655951287e-27	20608
161	[7.52540102e-14 3.11764591e-14]	6.635137655951287e-27	20736
162	[7.52540102e-14 3.11764591e-14]	6.635137655951287e-27	20864
163	[7.52540102e-14 3.11764591e-14]	6.635137655951287e-27	20992
164	[7.52540102e-14 3.11764591e-14]	6.635137655951287e-27	21120
165	[-2.55779338e-14  7.23054525e-14]	5.8823091564655574e-27	21248
166	[ 4.31652970e-14 -4.73582047e-14]	4.106042420612911e-27	21376
167	[ 2.78804055e-14 -2.24711063e-14]	1.2822676326020568e-27	21504
168	[ 2.78804055e-14 -2.24711063e-14]	1.2822676326020568e-27	21632
169	[ 2.78804055e-14 -2.24711063e-14]	1.2822676326020568e-27	21760
170	[-3.41621341e-14  7.81978487e-15]	1.228200444192783e-27	21888
171	[-3.41621341e-14  7.81978487e-15]	1.228200444192783e-27	22016
172	[4.21392086e-16 1.00366589e-14]	1.0091209358535708e-28	22144
173	[4.21392086e-16 1.00366589e-14]	1.0091209358535708e-28	22272
174	[ 5.91354542e-15 -6.62413377e-15]	7.884916759858752e-29	22400
175	[ 5.91354542e-15 -6.62413377e-15]	7.884916759858752e-29	22528
176	[-7.84838424e-16  1.86656153e-16]	6.508118718468546e-31	22656
177	[-7.84838424e-16  1.86656153e-16]	6.508118718468546e-31	22784
178	[-7.84838424e-16  1.86656153e-16]	6.508118718468546e-31	22912
179	[-7.84838424e-16  1.86656153e-16]	6.508118718468546e-31	23040
180	[-7.84838424e-16  1.86656153e-16]	6.508118718468546e-31	23168
181	[-7.84838424e-16  1.86656153e-16]	6.508118718468546e-31	23296
182	[-7.84838424e-16  1.86656153e-16]	6.508118718468546e-31	23424
183	[-7.84838424e-16  1.86656153e-16]	6.508118718468546e-31	23552
184	[-7.84838424e-16  1.86656153e-16]	6.508118718468546e-31	23680
185	[-7.84838424e-16  1.86656153e-16]	6.508118718468546e-31	23808
186	[6.81062794e-16 1.39896241e-16]	4.834174879141331e-31	23936
187	[6.81062794e-16 1.39896241e-16]	4.834174879141331e-31	24064
188	[ 6.62322506e-16 -5.21532237e-17]	4.413910613237045e-31	24192
189	[-3.18628439e-16  2.25038232e-16]	1.5216628813743119e-31	24320
190	[-3.18628439e-16  2.25038232e-16]	1.5216628813743119e-31	24448
191	[-3.18628439e-16  2.25038232e-16]	1.5216628813743119e-31	24576
192	[-3.18628439e-16  2.25038232e-16]	1.5216628813743119e-31	24704
193	[-3.18628439e-16  2.25038232e-16]	1.5216628813743119e-31	24832
194	[-3.18628439e-16  2.25038232e-16]	1.5216628813743119e-31	24960
195	[3.73596953e-17 5.06910296e-17]	3.965327317321416e-33	25088
196	[3.73596953e-17 5.06910296e-17]	3.965327317321416e-33	25216
197	[3.73596953e-17 5.06910296e-17]	3.965327317321416e-33	25344
198	[3.73596953e-17 5.06910296e-17]	3.965327317321416e-33	25472
199	[3.73596953e-17 5.06910296e-17]	3.965327317321416e-33	25600
200	[3.73596953e-17 5.06910296e-17]	3.965327317321416e-33	25728
201	[-2.56186648e-17  5.06910296e-17]	3.22589646619375e-33	25856
202	[-2.56186648e-17  5.06910296e-17]	3.22589646619375e-33	25984
203	[1.51050412e-17 2.74141939e-17]	9.797002942587524e-34	26112
204	[1.51050412e-17 2.74141939e-17]	9.797002942587524e-34	26240
205	[1.51050412e-17 2.74141939e-17]	9.797002942587524e-34	26368
206	[1.51050412e-17 2.74141939e-17]	9.797002942587524e-34	26496
207	[1.51050412e-17 2.74141939e-17]	9.797002942587524e-34	26624
208	[1.51050412e-17 2.74141939e-17]	9.797002942587524e-34	26752
209	[-7.60284306e-18  2.82881659e-17]	8.58023553801203e-34	26880
210	[-7.60284306e-18  2.82881659e-17]	8.58023553801203e-34	27008
211	[ 7.01704160e-18 -3.55956806e-19]	4.936557806455315e-35	27136
212	[ 7.01704160e-18 -3.55956806e-19]	4.936557806455315e-35	27264
213	[ 7.01704160e-18 -3.55956806e-19]	4.936557806455315e-35	27392
214	[ 7.01704160e-18 -3.55956806e-19]	4.936557806455315e-35	27520
215	[ 7.01704160e-18 -3.55956806e-19]	4.936557806455315e-35	27648
216	[ 4.45536396e-18 -4.27422903e-18]	3.811930184601614e-35	27776
217	[5.85712789e-18 1.72624493e-18]	3.728586862915742e-35	27904
218	[8.92855718e-19 1.72624493e-18]	3.777112898917415e-36	28032
219	[8.92855718e-19 1.72624493e-18]	3.777112898917415e-36	28160
220	[8.92855718e-19 1.72624493e-18]	3.777112898917415e-36	28288
221	[8.92855718e-19 1.72624493e-18]	3.777112898917415e-36	28416
222	[8.92855718e-19 1.72624493e-18]	3.777112898917415e-36	28544
223	[-1.14738900e-18  1.65385624e-19]	1.3438539121750652e-36	28672
224	[-1.14738900e-18  1.65385624e-19]	1.3438539121750652e-36	28800
225	[-1.14738900e-18  1.65385624e-19]	1.3438539121750652e-36	28928
226	[-1.14738900e-18  1.65385624e-19]	1.3438539121750652e-36	29056
227	[-1.14738900e-18  1.65385624e-19]	1.3438539121750652e-36	29184
228	[-1.14738900e-18  1.65385624e-19]	1.3438539121750652e-36	29312
229	[-3.38271371e-20  2.53922758e-19]	6.562104205108548e-38	29440
230	[-3.38271371e-20  2.53922758e-19]	6.562104205108548e-38	29568
231	[-3.38271371e-20  2.53922758e-19]	6.562104205108548e-38	29696
232	[-3.38271371e-20  2.53922758e-19]	6.562104205108548e-38	29824
233	[-3.38271371e-20  2.53922758e-19]	6.562104205108548e-38	29952
234	[-1.21483241e-19 -1.87797644e-19]	5.002613280060856e-38	30080
235	[-1.21483241e-19 -1.87797644e-19]	5.002613280060856e-38	30208
236	[-1.21483241e-19 -1.87797644e-19]	5.002613280060856e-38	30336
237	[-9.73164073e-21 -2.72103522e-20]	8.351080956092454e-40	30464
238	[-9.73164073e-21 -2.72103522e-20]	8.351080956092454e-40	30592
239	[-9.73164073e-21 -2.72103522e-20]	8.351080956092454e-40	30720
240	[-9.73164073e-21 -2.72103522e-20]	8.351080956092454e-40	30848
241	[-5.25436319e-21 -2.38872222e-20]	5.9820771590572026e-40	30976
242	[-5.25436319e-21 -2.38872222e-20]	5.9820771590572026e-40	31104
243	[-5.25436319e-21 -2.38872222e-20]	5.9820771590572026e-40	31232
244	[-5.25436319e-21 -2.38872222e-20]	5.9820771590572026e-40	31360
245	[-5.25436319e-21 -2.38872222e-20]	5.9820771590572026e-40	31488
246	[-5.25436319e-21 -2.38872222e-20]	5.9820771590572026e-40	31616
247	[-5.25436319e-21 -2.38872222e-20]	5.9820771590572026e-40	31744
248	[-5.72185112e-21 -1.08929146e-21]	3.392613607192977e-41	31872
249	[-5.72185112e-21 -1.08929146e-21]	3.392613607192977e-41	32000
250	[-5.72185112e-21 -1.08929146e-21]	3.392613607192977e-41	32128
251	[-1.79677774e-21 -1.04244075e-21]	4.315092976070032e-42	32256
252	[-1.79677774e-21 -1.04244075e-21]	4.315092976070032e-42	32384
253	[-1.79677774e-21 -1.04244075e-21]	4.315092976070032e-42	32512
254	[-1.79677774e-21 -1.04244075e-21]	4.315092976070032e-42	32640
255	[-1.79677774e-21 -1.04244075e-21]	4.315092976070032e-42	32768
256	[ 4.09202332e-22 -1.04244075e-21]	1.254129263295986e-42	32896
257	[ 4.09202332e-22 -1.04244075e-21]	1.254129263295986e-42	33024
258	[ 4.09202332e-22 -1.04244075e-21]	1.254129263295986e-42	33152
259	[ 4.09202332e-22 -1.04244075e-21]	1.254129263295986e-42	33280
260	[ 4.09202332e-22 -1.04244075e-21]	1.254129263295986e-42	33408
261	[ 4.09202332e-22 -1.04244075e-21]	1.254129263295986e-42	33536
262	[ 4.09202332e-22 -1.04244075e-21]	1.254129263295986e-42	33664
263	[ 4.09202332e-22 -1.04244075e-21]	1.254129263295986e-42	33792
264	[-5.23511745e-22 -5.44441215e-22]	5.704807835741147e-43	33920
265	[-5.23511745e-22 -5.44441215e-22]	5.704807835741147e-43	34048
266	[-5.23511745e-22 -5.44441215e-22]	5.704807835741147e-43	34176
267	[-7.21363168e-22 -1.29497654e-22]	5.371344622716594e-43	34304
268	[ 2.07090901e-22 -5.64189339e-22]	3.611962508786658e-43	34432
269	[ 2.07090901e-22 -5.64189339e-22]	3.611962508786658e-43	34560
270	[ 1.08989553e-22 -1.69607627e-23]	1.2166390241188076e-44	34688
271	[ 1.08989553e-22 -1.69607627e-23]	1.2166390241188076e-44	34816
272	[ 1.08989553e-22 -1.69607627e-23]	1.2166390241188076e-44	34944
273	[ 1.08989553e-22 -1.69607627e-23]	1.2166390241188076e-44	35072
274	[ 1.08989553e-22 -1.69607627e-23]	1.2166390241188076e-44	35200
275	[ 1.08989553e-22 -1.69607627e-23]	1.2166390241188076e-44	35328
276	[ 1.08989553e-22 -1.69607627e-23]	1.2166390241188076e-44	35456
277	[ 4.30249580e-24 -1.00357322e-22]	1.0090103563745106e-44	35584
278	[4.49045956e-23 1.57525010e-23]	2.2645639961647174e-45	35712
279	[-2.27823473e-23 -1.09809867e-23]	6.396174178331686e-46	35840
280	[-2.27823473e-23 -1.09809867e-23]	6.396174178331686e-46	35968
281	[-2.27823473e-23 -1.09809867e-23]	6.396174178331686e-46	36096
282	[-2.27823473e-23 -1.09809867e-23]	6.396174178331686e-46	36224
283	[ 4.68080116e-24 -1.15401087e-23]	1.5508400794736828e-46	36352
284	[ 4.68080116e-24 -1.15401087e-23]	1.5508400794736828e-46	36480
285	[ 4.68080116e-24 -1.15401087e-23]	1.5508400794736828e-46	36608
286	[4.01453353e-24 7.91794792e-25]	1.6743418465054947e-47	36736
287	[4.01453353e-24 7.91794792e-25]	1.6743418465054947e-47	36864
288	[4.01453353e-24 7.91794792e-25]	1.6743418465054947e-47	36992
289	[4.01453353e-24 7.91794792e-25]	1.6743418465054947e-47	37120
290	[-7.22314654e-25  3.29081081e-24]	1.1351174231844803e-47	37248
291	[-5.85024837e-25  5.57003644e-26]	3.453565908806005e-49	37376
292	[1.72574379e-25 3.62651687e-25]	1.6129816243190294e-49	37504
293	[1.72574379e-25 3.62651687e-25]	1.6129816243190294e-49	37632
294	[1.72574379e-25 3.62651687e-25]	1.6129816243190294e-49	37760
295	[1.72574379e-25 3.62651687e-25]	1.6129816243190294e-49	37888
296	[1.72574379e-25 3.62651687e-25]	1.6129816243190294e-49	38016
297	[1.72574379e-25 3.62651687e-25]	1.6129816243190294e-49	38144
298	[ 1.09891180e-25 -2.41872574e-25]	7.057841362603839e-50	38272
299	[ 1.09891180e-25 -2.41872574e-25]	7.057841362603839e-50	38400
300	[ 1.09891180e-25 -2.41872574e-25]	7.057841362603839e-50	38528
301	[-1.32427655e-25  5.57003644e-26]	2.063961432259134e-50	38656
302	[-1.32427655e-25  5.57003644e-26]	2.063961432259134e-50	38784
303	[-1.32427655e-25  5.57003644e-26]	2.063961432259134e-50	38912
304	[-1.32427655e-25  5.57003644e-26]	2.063961432259134e-50	39040
305	[-1.32427655e-25  5.57003644e-26]	2.063961432259134e-50	39168
306	[-1.32427655e-25  5.57003644e-26]	2.063961432259134e-50	39296
307	[-1.32427655e-25  5.57003644e-26]	2.063961432259134e-50	39424
308	[-1.32427655e-25  5.57003644e-26]	2.063961432259134e-50	39552
309	[-1.32427655e-25  5.57003644e-26]	2.063961432259134e-50	39680
310	[ 4.73520948e-26 -2.20375395e-26]	2.727874029676226e-51	39808
311	[ 4.73520948e-26 -2.20375395e-26]	2.727874029676226e-51	39936
312	[ 4.73520948e-26 -2.20375395e-26]	2.727874029676226e-51	40064
313	[ 4.73520948e-26 -2.20375395e-26]	2.727874029676226e-51	40192
314	[ 4.73520948e-26 -2.20375395e-26]	2.727874029676226e-51	40320
315	[-2.56200387e-26  9.21750740e-27]	7.413488270173253e-52	40448
316	[-6.73185807e-27 -8.46344960e-27]	1.16947892261324e-52	40576
317	[-6.73185807e-27 -8.46344960e-27]	1.16947892261324e-52	40704
318	[-6.73185807e-27 -8.46344960e-27]	1.16947892261324e-52	40832
319	[-6.73185807e-27 -8.46344960e-27]	1.16947892261324e-52	40960
320	[-6.73185807e-27 -8.46344960e-27]	1.16947892261324e-52	41088
321	[-6.73185807e-27 -8.46344960e-27]	1.16947892261324e-52	41216
322	[-6.73185807e-27 -8.46344960e-27]	1.16947892261324e-52	41344
323	[-9.61442626e-27 -2.47317059e-27]	9.855376504379905e-53	41472
324	[ 5.79028105e-27 -2.59300502e-28]	3.359459133922894e-53	41600
325	[ 5.79028105e-27 -2.59300502e-28]	3.359459133922894e-53	41728
326	[ 5.79028105e-27 -2.59300502e-28]	3.359459133922894e-53	41856
327	[ 5.79028105e-27 -2.59300502e-28]	3.359459133922894e-53	41984
328	[ 5.79028105e-27 -2.59300502e-28]	3.359459133922894e-53	42112
329	[7.90442401e-28 3.23052353e-27]	1.1061081461718093e-53	42240
330	[7.90442401e-28 3.23052353e-27]	1.1061081461718093e-53	42368
331	[-5.45674586e-28 -2.57152101e-27]	6.910481038044468e-54	42496
332	[-4.78828521e-29 -1.49669307e-27]	2.2423829145963257e-54	42624
333	[-4.78828521e-29 -1.49669307e-27]	2.2423829145963257e-54	42752
334	[-3.58856177e-29 -4.72397376e-28]	2.244470585453522e-55	42880
335	[-3.58856177e-29 -4.72397376e-28]	2.244470585453522e-55	43008
336	[-3.58856177e-29 -4.72397376e-28]	2.244470585453522e-55	43136
337	[-3.58856177e-29 -4.72397376e-28]	2.244470585453522e-55	43264
338	[-3.58856177e-29 -4.72397376e-28]	2.244470585453522e-55	43392
339	[-3.58856177e-29 -4.72397376e-28]	2.244470585453522e-55	43520
340	[-3.58856177e-29 -4.72397376e-28]	2.244470585453522e-55	43648
341	[-3.58856177e-29 -4.72397376e-28]	2.244470585453522e-55	43776
342	[-1.95038549e-30 -3.35536444e-28]	1.1258850923595008e-55	43904
343	[-1.95038549e-30 -3.35536444e-28]	1.1258850923595008e-55	44032
344	[-1.95038549e-30 -3.35536444e-28]	1.1258850923595008e-55	44160
345	[-1.95038549e-30 -3.35536444e-28]	1.1258850923595008e-55	44288
346	[-1.03064159e-28 -2.70024647e-28]	8.353553079081017e-56	44416
347	[ 9.58696731e-29 -1.75618468e-28]	4.0032840418296356e-56	44544
348	[ 9.58696731e-29 -1.75618468e-28]	4.0032840418296356e-56	44672
349	[ 8.97695248e-29 -9.50333104e-29]	1.7089897657822533e-56	44800
350	[ 8.97695248e-29 -9.50333104e-29]	1.7089897657822533e-56	44928
351	[-4.95488739e-29  4.04142729e-29]	4.0884043665549007e-57	45056
352	[1.65673512e-29 2.46983646e-29]	8.844863374352613e-58	45184
353	[1.65673512e-29 2.46983646e-29]	8.844863374352613e-58	45312
354	[1.65673512e-29 2.46983646e-29]	8.844863374352613e-58	45440
355	[-4.95903222e-30 -7.17469874e-30]	7.6068302621452495e-59	45568
356	[-4.95903222e-30 -7.17469874e-30]	7.6068302621452495e-59	45696
357	[-4.95903222e-30 -7.17469874e-30]	7.6068302621452495e-59	45824
358	[-4.95903222e-30 -7.17469874e-30]	7.6068302621452495e-59	45952
359	[-4.65049918e-31 -4.97135375e-30]	2.4930629521374493e-59	46080
360	[-4.65049918e-31 -4.97135375e-30]	2.4930629521374493e-59	46208
361	[-4.65049918e-31 -4.97135375e-30]	2.4930629521374493e-59	46336
362	[-4.65049918e-31 -4.97135375e-30]	2.4930629521374493e-59	46464
363	[-4.65049918e-31 -4.97135375e-30]	2.4930629521374493e-59	46592
364	[-4.65049918e-31 -4.97135375e-30]	2.4930629521374493e-59	46720
365	[ 1.99707034e-30 -4.02265422e-31]	4.150107417876809e-60	46848
366	[ 1.99707034e-30 -4.02265422e-31]	4.150107417876809e-60	46976
367	[-8.53422618e-31 -1.17015640e-30]	2.097596168475732e-60	47104
368	[-8.53422618e-31 -1.17015640e-30]	2.097596168475732e-60	47232
369	[-8.53422618e-31 -1.17015640e-30]	2.097596168475732e-60	47360
370	[-6.71283247e-31  5.15644946e-32]	4.53280095133654e-61	47488
371	[-6.71283247e-31  5.15644946e-32]	4.53280095133654e-61	47616
372	[-6.71283247e-31  5.15644946e-32]	4.53280095133654e-61	47744
373	[-6.71283247e-31  5.15644946e-32]	4.53280095133654e-61	47872
374	[-6.71283247e-31  5.15644946e-32]	4.53280095133654e-61	48000
375	[-6.71283247e-31  5.15644946e-32]	4.53280095133654e-61	48128
376	[-6.71283247e-31  5.15644946e-32]	4.53280095133654e-61	48256
377	[-1.66724909e-31 -3.04833040e-31]	1.2072037779613978e-61	48384
378	[-1.66724909e-31 -3.04833040e-31]	1.2072037779613978e-61	48512
379	[-1.66724909e-31 -3.04833040e-31]	1.2072037779613978e-61	48640
380	[-1.66724909e-31 -3.04833040e-31]	1.2072037779613978e-61	48768
381	[-2.44379764e-31 -2.28010316e-31]	1.1171017311866177e-61	48896
382	[-2.44379764e-31 -2.28010316e-31]	1.1171017311866177e-61	49024
383	[-1.32092569e-31  1.59969081e-34]	1.7448472488461832e-62	49152
384	[-1.32092569e-31  1.59969081e-34]	1.7448472488461832e-62	49280
385	[1.50695875e-32 1.98820587e-32]	6.223887272615992e-64	49408
386	[1.50695875e-32 1.98820587e-32]	6.223887272615992e-64	49536
387	[1.50695875e-32 1.98820587e-32]	6.223887272615992e-64	49664
388	[1.50695875e-32 1.98820587e-32]	6.223887272615992e-64	49792
389	[1.50695875e-32 1.98820587e-32]	6.223887272615992e-64	49920
390	[1.50695875e-32 1.98820587e-32]	6.223887272615992e-64	50048
391	[1.50695875e-32 1.98820587e-32]	6.223887272615992e-64	50176
392	[1.50695875e-32 1.98820587e-32]	6.223887272615992e-64	50304
393	[1.50695875e-32 1.98820587e-32]	6.223887272615992e-64	50432
394	[-1.97357598e-32 -1.25365663e-32]	5.466657085005905e-64	50560
395	[-1.38760854e-33  1.09286611e-32]	1.2136109167004147e-64	50688
396	[-1.38760854e-33  1.09286611e-32]	1.2136109167004147e-64	50816
397	[-1.38760854e-33  1.09286611e-32]	1.2136109167004147e-64	50944
398	[-1.38760854e-33  1.09286611e-32]	1.2136109167004147e-64	51072
399	[-1.38760854e-33  1.09286611e-32]	1.2136109167004147e-64	51200
400	[-1.38760854e-33  1.09286611e-32]	1.2136109167004147e-64	51328
401	[-1.38760854e-33  1.09286611e-32]	1.2136109167004147e-64	51456
402	[-4.67041166e-33  7.87351577e-35]	2.1818944264537837e-65	51584
403	[-4.67041166e-33  7.87351577e-35]	2.1818944264537837e-65	51712
404	[-4.67041166e-33  7.87351577e-35]	2.1818944264537837e-65	51840
405	[-4.67041166e-33  7.87351577e-35]	2.1818944264537837e-65	51968
406	[-3.46126455e-33  6.45567591e-34]	1.2397109822324615e-65	52096
407	[-3.46126455e-33  6.45567591e-34]	1.2397109822324615e-65	52224
408	[1.21953404e-33 1.74077698e-33]	4.517567768636669e-66	52352
409	[1.21953404e-33 1.74077698e-33]	4.517567768636669e-66	52480
410	[ 8.74854099e-34 -5.47863903e-34]	1.0655245504226649e-66	52608
411	[ 8.74854099e-34 -5.47863903e-34]	1.0655245504226649e-66	52736
412	[ 8.74854099e-34 -5.47863903e-34]	1.0655245504226649e-66	52864
413	[ 8.74854099e-34 -5.47863903e-34]	1.0655245504226649e-66	52992
414	[-1.21585357e-34  1.49998486e-34]	3.728254482727353e-68	53120
415	[-1.21585357e-34  1.49998486e-34]	3.728254482727353e-68	53248
416	[-1.21585357e-34  1.49998486e-34]	3.728254482727353e-68	53376
417	[-1.21585357e-34  1.49998486e-34]	3.728254482727353e-68	53504
418	[-1.21585357e-34  1.49998486e-34]	3.728254482727353e-68	53632
419	[-1.21585357e-34  1.49998486e-34]	3.728254482727353e-68	53760
420	[-1.21585357e-34  1.49998486e-34]	3.728254482727353e-68	53888
421	[-3.90665226e-35 -1.71714934e-34]	3.1012211648658033e-68	54016
422	[-3.90665226e-35 -1.71714934e-34]	3.1012211648658033e-68	54144
423	[-3.90665226e-35 -1.71714934e-34]	3.1012211648658033e-68	54272
424	[-3.90665226e-35 -1.71714934e-34]	3.1012211648658033e-68	54400
425	[ 6.71627746e-35 -1.01384835e-34]	1.4789723119568426e-68	54528
426	[-6.55557642e-35 -9.63441913e-35]	1.3579761417579224e-68	54656
427	[-6.19438502e-35  4.83639596e-36]	3.860431303160481e-69	54784
428	[ 3.73291911e-35 -1.81449833e-35]	1.7227089264597925e-69	54912
429	[ 3.73291911e-35 -1.81449833e-35]	1.7227089264597925e-69	55040
430	[ 3.73291911e-35 -1.81449833e-35]	1.7227089264597925e-69	55168
431	[ 3.73291911e-35 -1.81449833e-35]	1.7227089264597925e-69	55296
432	[ 3.73291911e-35 -1.81449833e-35]	1.7227089264597925e-69	55424
433	[ 3.73291911e-35 -1.81449833e-35]	1.7227089264597925e-69	55552
434	[ 3.73291911e-35 -1.81449833e-35]	1.7227089264597925e-69	55680
435	[-4.69027912e-36 -3.43595453e-37]	2.2116776017783453e-71	55808
436	[ 1.04468985e-37 -3.43595453e-37]	1.2897160399299628e-73	55936
437	[ 1.04468985e-37 -3.43595453e-37]	1.2897160399299628e-73	56064
438	[ 1.04468985e-37 -3.43595453e-37]	1.2897160399299628e-73	56192
439	[ 1.04468985e-37 -3.43595453e-37]	1.2897160399299628e-73	56320
440	[ 1.04468985e-37 -3.43595453e-37]	1.2897160399299628e-73	56448
441	[ 1.04468985e-37 -3.43595453e-37]	1.2897160399299628e-73	56576
442	[ 1.04468985e-37 -3.43595453e-37]	1.2897160399299628e-73	56704
443	[ 1.04468985e-37 -3.43595453e-37]	1.2897160399299628e-73	56832
444	[ 1.04468985e-37 -3.43595453e-37]	1.2897160399299628e-73	56960
445	[ 1.04468985e-37 -3.43595453e-37]	1.2897160399299628e-73	57088
446	[ 1.04468985e-37 -3.43595453e-37]	1.2897160399299628e-73	57216
447	[ 1.04468985e-37 -3.43595453e-37]	1.2897160399299628e-73	57344
448	[ 1.04468985e-37 -3.43595453e-37]	1.2897160399299628e-73	57472
449	[1.78283151e-37 1.66478126e-37]	5.9499848475140435e-74	57600
450	[1.78283151e-37 1.66478126e-37]	5.9499848475140435e-74	57728
451	[1.78283151e-37 1.66478126e-37]	5.9499848475140435e-74	57856
452	[1.78283151e-37 1.66478126e-37]	5.9499848475140435e-74	57984
453	[-5.59732491e-38  1.77271303e-37]	3.4558119352003098e-74	58112
454	[-5.59732491e-38  1.77271303e-37]	3.4558119352003098e-74	58240
455	[-5.59732491e-38  1.77271303e-37]	3.4558119352003098e-74	58368
456	[-5.59732491e-38  1.77271303e-37]	3.4558119352003098e-74	58496
457	[-5.59732491e-38  1.77271303e-37]	3.4558119352003098e-74	58624
458	[-5.59732491e-38  1.77271303e-37]	3.4558119352003098e-74	58752
459	[2.65524586e-38 1.09004193e-37]	1.2586947190810011e-74	58880
460	[2.65524586e-38 1.09004193e-37]	1.2586947190810011e-74	59008
461	[2.65524586e-38 1.09004193e-37]	1.2586947190810011e-74	59136
462	[ 6.81835590e-38 -5.64578396e-38]	7.836485364597119e-75	59264
463	[ 6.81835590e-38 -5.64578396e-38]	7.836485364597119e-75	59392
464	[ 1.13211332e-38 -6.48026653e-38]	4.327553490147889e-75	59520
465	[ 1.13211332e-38 -6.48026653e-38]	4.327553490147889e-75	59648
466	[-4.42443870e-39  3.61939917e-38]	1.3295806947978744e-75	59776
467	[2.29329816e-38 2.14096039e-38]	9.842927807964519e-76	59904
468	[2.29329816e-38 2.14096039e-38]	9.842927807964519e-76	60032
469	[2.29329816e-38 2.14096039e-38]	9.842927807964519e-76	60160
470	[ 1.48614174e-38 -2.20739779e-38]	7.081222282338904e-76	60288
471	[-1.38869174e-38  1.55491435e-38]	4.346223399100105e-76	60416
472	[-1.20249453e-38 -5.14547007e-39]	1.7107517173363074e-76	60544
473	[-1.20249453e-38 -5.14547007e-39]	1.7107517173363074e-76	60672
474	[-1.20249453e-38 -5.14547007e-39]	1.7107517173363074e-76	60800
475	[-5.85049342e-39  6.89442332e-39]	8.176134619175549e-77	60928
476	[-5.85049342e-39  6.89442332e-39]	8.176134619175549e-77	61056
477	[-5.85049342e-39  6.89442332e-39]	8.176134619175549e-77	61184
478	[ 4.05250160e-39 -3.24249331e-39]	2.6936532115306527e-77	61312
479	[ 4.05250160e-39 -3.24249331e-39]	2.6936532115306527e-77	61440
480	[2.19958132e-39 1.80432219e-39]	8.093736540594508e-78	61568
481	[2.19958132e-39 1.80432219e-39]	8.093736540594508e-78	61696
482	[ 5.19107055e-40 -1.93699704e-39]	4.021429650289711e-78	61824
483	[ 5.19107055e-40 -1.93699704e-39]	4.021429650289711e-78	61952
484	[ 5.19107055e-40 -1.93699704e-39]	4.021429650289711e-78	62080
485	[2.06782411e-40 1.04599200e-39]	1.1368582367988044e-78	62208
486	[2.06782411e-40 1.04599200e-39]	1.1368582367988044e-78	62336
487	[2.06782411e-40 1.04599200e-39]	1.1368582367988044e-78	62464
488	[-4.78079629e-40  7.35615108e-40]	7.696897187669942e-79	62592
489	[-4.78079629e-40  7.35615108e-40]	7.696897187669942e-79	62720
490	[-1.52144044e-40  2.13103385e-40]	6.856086281094712e-80	62848
491	[-1.52144044e-40  2.13103385e-40]	6.856086281094712e-80	62976
492	[-1.52144044e-40  2.13103385e-40]	6.856086281094712e-80	63104
493	[-1.52144044e-40  2.13103385e-40]	6.856086281094712e-80	63232
494	[-1.52144044e-40  2.13103385e-40]	6.856086281094712e-80	63360
495	[-1.52144044e-40  2.13103385e-40]	6.856086281094712e-80	63488
496	[-1.52144044e-40  2.13103385e-40]	6.856086281094712e-80	63616
497	[-1.52144044e-40  2.13103385e-40]	6.856086281094712e-80	63744
498	[-1.52144044e-40  2.13103385e-40]	6.856086281094712e-80	63872
499	[9.62855455e-41 8.47514635e-41]	1.6453716847872938e-80	64000
500	[9.62855455e-41 8.47514635e-41]	1.6453716847872938e-80	64128
501	[9.62855455e-41 8.47514635e-41]	1.6453716847872938e-80	64256
502	[9.62855455e-41 8.47514635e-41]	1.6453716847872938e-80	64384
503	[9.62855455e-41 8.47514635e-41]	1.6453716847872938e-80	64512
504	[-9.50790209e-41 -1.78700324e-41]	9.359358280776807e-81	64640
505	[-1.13778765e-41 -9.95189140e-42]	2.284962170262979e-82	64768
506	[-1.13778765e-41 -9.95189140e-42]	2.284962170262979e-82	64896
507	[-1.13778765e-41 -9.95189140e-42]	2.284962170262979e-82	65024
508	[-1.13778765e-41 -9.95189140e-42]	2.284962170262979e-82	65152
509	[-1.13778765e-41 -9.95189140e-42]	2.284962170262979e-82	65280
510	[-1.13778765e-41 -9.95189140e-42]	2.284962170262979e-82	65408
511	[-1.13778765e-41 -9.95189140e-42]	2.284962170262979e-82	65536
512	[-1.13778765e-41 -9.95189140e-42]	2.284962170262979e-82	65664
513	[-1.13778765e-41 -9.95189140e-42]	2.284962170262979e-82	65792
514	[-1.13778765e-41 -9.95189140e-42]	2.284962170262979e-82	65920
515	[-1.13778765e-41 -9.95189140e-42]	2.284962170262979e-82	66048
516	[-1.41460835e-41  1.75269131e-43]	2.0014239790914902e-82	66176
517	[-1.41460835e-41  1.75269131e-43]	2.0014239790914902e-82	66304
518	[-6.95288217e-42 -6.04920281e-42]	8.49354251379611e-83	66432
519	[-1.28332005e-42 -4.36114425e-42]	2.0666489518102513e-83	66560
520	[-1.28332005e-42 -4.36114425e-42]	2.0666489518102513e-83	66688
521	[-1.28332005e-42 -4.36114425e-42]	2.0666489518102513e-83	66816
522	[-1.28332005e-42 -4.36114425e-42]	2.0666489518102513e-83	66944
523	[-1.68604708e-42 -3.35645792e-42]	1.4108564555464913e-83	67072
524	[-1.24667250e-42  3.01990923e-42]	1.0674044049343534e-83	67200
525	[-1.68604708e-42 -1.97215564e-42]	6.732152623688692e-84	67328
526	[ 1.50932404e-42 -5.48842138e-43]	2.5792867504819547e-84	67456
527	[1.66212149e-43 6.95541559e-44]	3.246425896946211e-86	67584
528	[1.66212149e-43 6.95541559e-44]	3.246425896946211e-86	67712
529	[1.66212149e-43 6.95541559e-44]	3.246425896946211e-86	67840
530	[1.66212149e-43 6.95541559e-44]	3.246425896946211e-86	67968
531	[1.66212149e-43 6.95541559e-44]	3.246425896946211e-86	68096
532	[1.66212149e-43 6.95541559e-44]	3.246425896946211e-86	68224
533	[1.66212149e-43 6.95541559e-44]	3.246425896946211e-86	68352
534	[1.66212149e-43 6.95541559e-44]	3.246425896946211e-86	68480
535	[1.66212149e-43 6.95541559e-44]	3.246425896946211e-86	68608
536	[1.66212149e-43 6.95541559e-44]	3.246425896946211e-86	68736
537	[1.66212149e-43 6.95541559e-44]	3.246425896946211e-86	68864
538	[ 3.24944696e-44 -1.37161687e-43]	1.9869218994732267e-86	68992
539	[6.95877714e-44 3.04916580e-44]	5.772199143192359e-87	69120
540	[6.95877714e-44 3.04916580e-44]	5.772199143192359e-87	69248
541	[-3.89396075e-45  2.25200334e-44]	5.223148342976123e-88	69376
542	[-3.89396075e-45  2.25200334e-44]	5.223148342976123e-88	69504
543	[-3.89396075e-45  2.25200334e-44]	5.223148342976123e-88	69632
544	[-3.89396075e-45  2.25200334e-44]	5.223148342976123e-88	69760
545	[-3.89396075e-45  2.25200334e-44]	5.223148342976123e-88	69888
546	[-3.89396075e-45  2.25200334e-44]	5.223148342976123e-88	70016
547	[-3.89396075e-45  2.25200334e-44]	5.223148342976123e-88	70144
548	[-3.89396075e-45  2.25200334e-44]	5.223148342976123e-88	70272
549	[-3.89396075e-45  2.25200334e-44]	5.223148342976123e-88	70400
550	[-3.89396075e-45  2.25200334e-44]	5.223148342976123e-88	70528
551	[-3.89396075e-45  2.25200334e-44]	5.223148342976123e-88	70656
552	[ 1.17280684e-44 -5.16238777e-45]	1.6419783522842642e-88	70784
553	[ 1.17280684e-44 -5.16238777e-45]	1.6419783522842642e-88	70912
554	[ 1.17280684e-44 -5.16238777e-45]	1.6419783522842642e-88	71040
555	[ 7.63656560e-45 -1.79332374e-45]	6.153314416403317e-89	71168
556	[ 7.63656560e-45 -1.79332374e-45]	6.153314416403317e-89	71296
557	[-2.31069907e-45  1.48846936e-45]	7.554871202893644e-90	71424
558	[-2.31069907e-45  1.48846936e-45]	7.554871202893644e-90	71552
559	[-2.31069907e-45  1.48846936e-45]	7.554871202893644e-90	71680
560	[-2.31069907e-45  1.48846936e-45]	7.554871202893644e-90	71808
561	[-2.31069907e-45  1.48846936e-45]	7.554871202893644e-90	71936
562	[ 5.14707446e-46 -7.06762515e-46]	7.644370074111912e-91	72064
563	[5.93336794e-46 5.00315312e-46]	6.023639635704771e-91	72192
564	[5.93336794e-46 5.00315312e-46]	6.023639635704771e-91	72320
565	[5.93336794e-46 5.00315312e-46]	6.023639635704771e-91	72448
566	[5.93336794e-46 5.00315312e-46]	6.023639635704771e-91	72576
567	[5.93336794e-46 5.00315312e-46]	6.023639635704771e-91	72704
568	[5.93336794e-46 5.00315312e-46]	6.023639635704771e-91	72832
569	[5.93336794e-46 5.00315312e-46]	6.023639635704771e-91	72960
570	[5.93336794e-46 5.00315312e-46]	6.023639635704771e-91	73088
571	[-1.31528315e-46  2.85363982e-46]	9.873230004968851e-92	73216
572	[-1.31528315e-46  2.85363982e-46]	9.873230004968851e-92	73344
573	[-2.38650129e-46 -1.13504190e-46]	6.983708530224646e-92	73472
574	[-2.38650129e-46 -1.13504190e-46]	6.983708530224646e-92	73600
575	[-2.38650129e-46 -1.13504190e-46]	6.983708530224646e-92	73728
576	[-2.55150260e-46  4.26596006e-47]	6.692149644867162e-92	73856
577	[1.27988926e-46 3.90656842e-47]	1.7907292821332888e-92	73984
578	[-6.73913217e-47  1.79828342e-47]	4.864972561273989e-93	74112
579	[-6.73913217e-47  1.79828342e-47]	4.864972561273989e-93	74240
580	[-6.73913217e-47  1.79828342e-47]	4.864972561273989e-93	74368
581	[-4.85413163e-47  1.96370811e-47]	2.7418743445640163e-93	74496
582	[-4.85413163e-47  1.96370811e-47]	2.7418743445640163e-93	74624
583	[-1.11412169e-47 -1.01773165e-47]	2.277044867326645e-94	74752
584	[-1.11412169e-47 -1.01773165e-47]	2.277044867326645e-94	74880
585	[-1.11412169e-47 -1.01773165e-47]	2.277044867326645e-94	75008
586	[-1.11412169e-47 -1.01773165e-47]	2.277044867326645e-94	75136
587	[-1.11412169e-47 -1.01773165e-47]	2.277044867326645e-94	75264
588	[-1.11412169e-47 -1.01773165e-47]	2.277044867326645e-94	75392
589	[-1.11412169e-47 -1.01773165e-47]	2.277044867326645e-94	75520
590	[-7.09841127e-48 -8.13674563e-48]	1.1659407194907446e-94	75648
591	[5.84958309e-48 3.84609720e-48]	4.901008598056606e-95	75776
592	[5.84958309e-48 3.84609720e-48]	4.901008598056606e-95	75904
593	[5.84958309e-48 3.84609720e-48]	4.901008598056606e-95	76032
594	[5.84958309e-48 3.84609720e-48]	4.901008598056606e-95	76160
595	[-2.96525956e-48 -2.70366824e-48]	1.6102586203947497e-95	76288
596	[-2.96525956e-48 -2.70366824e-48]	1.6102586203947497e-95	76416
597	[-2.96525956e-48 -2.70366824e-48]	1.6102586203947497e-95	76544
598	[-2.96525956e-48 -2.70366824e-48]	1.6102586203947497e-95	76672
599	[1.06759510e-48 1.70441043e-48]	4.044774225271603e-96	76800
600	[1.06759510e-48 1.70441043e-48]	4.044774225271603e-96	76928
601	[1.06759510e-48 1.70441043e-48]	4.044774225271603e-96	77056
602	[1.06759510e-48 1.70441043e-48]	4.044774225271603e-96	77184
603	[-1.58312876e-49 -3.67970958e-49]	1.6046559272102707e-97	77312
604	[-1.58312876e-49 -3.67970958e-49]	1.6046559272102707e-97	77440
605	[-1.58312876e-49 -3.67970958e-49]	1.6046559272102707e-97	77568
606	[-1.58312876e-49 -3.67970958e-49]	1.6046559272102707e-97	77696
607	[-1.58312876e-49 -3.67970958e-49]	1.6046559272102707e-97	77824
608	[-2.33030869e-50 -4.74550127e-50]	2.795012092543638e-99	77952
609	[-2.33030869e-50 -4.74550127e-50]	2.795012092543638e-99	78080
610	[-2.33030869e-50 -4.74550127e-50]	2.795012092543638e-99	78208
611	[-2.33030869e-50 -4.74550127e-50]	2.795012092543638e-99	78336
612	[-2.33030869e-50 -4.74550127e-50]	2.795012092543638e-99	78464
613	[-2.33030869e-50 -4.74550127e-50]	2.795012092543638e-99	78592
614	[-2.33030869e-50 -4.74550127e-50]	2.795012092543638e-99	78720
615	[-2.33030869e-50 -4.74550127e-50]	2.795012092543638e-99	78848
616	[-2.33030869e-50 -4.74550127e-50]	2.795012092543638e-99	78976
617	[-2.33030869e-50 -4.74550127e-50]	2.795012092543638e-99	79104
618	[-2.61856932e-50 -3.39543943e-51]	6.972195375826999e-100	79232
619	[-2.61856932e-50 -3.39543943e-51]	6.972195375826999e-100	79360
620	[-2.61856932e-50 -3.39543943e-51]	6.972195375826999e-100	79488
621	[-2.61856932e-50 -3.39543943e-51]	6.972195375826999e-100	79616
622	[-1.27193300e-50  4.50766557e-51]	1.8210040520254329e-100	79744
623	[-1.27193300e-50  4.50766557e-51]	1.8210040520254329e-100	79872
624	[-1.27193300e-50  4.50766557e-51]	1.8210040520254329e-100	80000
625	[3.57181907e-51 7.81232204e-52]	1.3368215232583205e-101	80128
626	[3.57181907e-51 7.81232204e-52]	1.3368215232583205e-101	80256
627	[3.57181907e-51 7.81232204e-52]	1.3368215232583205e-101	80384
628	[3.57181907e-51 7.81232204e-52]	1.3368215232583205e-101	80512
629	[3.57181907e-51 7.81232204e-52]	1.3368215232583205e-101	80640
630	[3.57181907e-51 7.81232204e-52]	1.3368215232583205e-101	80768
631	[3.57181907e-51 7.81232204e-52]	1.3368215232583205e-101	80896
632	[-1.24850181e-51  2.89200833e-52]	1.6423939027922729e-102	81024
633	[-1.24850181e-51  2.89200833e-52]	1.6423939027922729e-102	81152
634	[-1.24850181e-51  2.89200833e-52]	1.6423939027922729e-102	81280
635	[-7.14373949e-52  4.51798775e-52]	7.144522721029818e-103	81408
636	[-7.14373949e-52  4.51798775e-52]	7.144522721029818e-103	81536
637	[-7.14373949e-52  4.51798775e-52]	7.144522721029818e-103	81664
638	[-7.14373949e-52  4.51798775e-52]	7.144522721029818e-103	81792
639	[-7.14373949e-52  4.51798775e-52]	7.144522721029818e-103	81920
640	[-7.14373949e-52  4.51798775e-52]	7.144522721029818e-103	82048
641	[-7.14373949e-52  4.51798775e-52]	7.144522721029818e-103	82176
642	[ 5.72750881e-52 -3.89974280e-52]	4.801235101481261e-103	82304
643	[-1.29044736e-53  4.73557369e-52]	2.244231071623679e-103	82432
644	[-1.29044736e-53  4.73557369e-52]	2.244231071623679e-103	82560
645	[-3.40612072e-52  1.16926825e-52]	1.2968846619046418e-103	82688
646	[-3.40612072e-52  1.16926825e-52]	1.2968846619046418e-103	82816
647	[-3.40612072e-52  1.16926825e-52]	1.2968846619046418e-103	82944
648	[-3.40612072e-52  1.16926825e-52]	1.2968846619046418e-103	83072
649	[-2.31488858e-52  1.06750974e-52]	6.498286191610632e-104	83200
650	[-2.31488858e-52  1.06750974e-52]	6.498286191610632e-104	83328
651	[-2.31488858e-52  1.06750974e-52]	6.498286191610632e-104	83456
652	[-2.40528786e-53  2.34946326e-52]	5.5778316960510543e-104	83584
653	[-2.89521591e-54  1.21016705e-53]	1.5483270337776944e-106	83712
654	[-2.89521591e-54  1.21016705e-53]	1.5483270337776944e-106	83840
655	[-2.89521591e-54  1.21016705e-53]	1.5483270337776944e-106	83968
656	[-2.89521591e-54  1.21016705e-53]	1.5483270337776944e-106	84096
657	[-2.89521591e-54  1.21016705e-53]	1.5483270337776944e-106	84224
658	[-2.89521591e-54  1.21016705e-53]	1.5483270337776944e-106	84352
659	[-2.89521591e-54  1.21016705e-53]	1.5483270337776944e-106	84480
660	[-2.89521591e-54  1.21016705e-53]	1.5483270337776944e-106	84608
661	[-2.89521591e-54  1.21016705e-53]	1.5483270337776944e-106	84736
662	[-2.89521591e-54  1.21016705e-53]	1.5483270337776944e-106	84864
663	[-2.89521591e-54  1.21016705e-53]	1.5483270337776944e-106	84992
664	[-2.89521591e-54  1.21016705e-53]	1.5483270337776944e-106	85120
665	[-2.89521591e-54  1.21016705e-53]	1.5483270337776944e-106	85248
666	[-2.89521591e-54  1.21016705e-53]	1.5483270337776944e-106	85376
667	[-3.50754362e-54 -2.74690822e-55]	1.2378317302485626e-107	85504
668	[-3.50754362e-54 -2.74690822e-55]	1.2378317302485626e-107	85632
669	[-3.50754362e-54 -2.74690822e-55]	1.2378317302485626e-107	85760
670	[-3.50754362e-54 -2.74690822e-55]	1.2378317302485626e-107	85888
671	[-3.50754362e-54 -2.74690822e-55]	1.2378317302485626e-107	86016
672	[ 1.11505163e-54 -4.32273271e-55]	1.4302003245176093e-108	86144
673	[ 1.11505163e-54 -4.32273271e-55]	1.4302003245176093e-108	86272
674	[ 1.11505163e-54 -4.32273271e-55]	1.4302003245176093e-108	86400
675	[ 1.11505163e-54 -4.32273271e-55]	1.4302003245176093e-108	86528
676	[ 1.11505163e-54 -4.32273271e-55]	1.4302003245176093e-108	86656
677	[ 1.11505163e-54 -4.32273271e-55]	1.4302003245176093e-108	86784
678	[ 1.11505163e-54 -4.32273271e-55]	1.4302003245176093e-108	86912
679	[ 1.11505163e-54 -4.32273271e-55]	1.4302003245176093e-108	87040
680	[-3.86371702e-55 -4.47078233e-55]	3.4916203890389373e-109	87168
681	[-3.86371702e-55 -4.47078233e-55]	3.4916203890389373e-109	87296
682	[-3.86371702e-55 -4.47078233e-55]	3.4916203890389373e-109	87424
683	[-3.86371702e-55 -4.47078233e-55]	3.4916203890389373e-109	87552
684	[5.09185652e-55 1.50092876e-55]	2.817978995689891e-109	87680
685	[3.47516752e-55 3.56492903e-55]	2.4785508279298646e-109	87808
686	[3.47516752e-55 3.56492903e-55]	2.4785508279298646e-109	87936
687	[1.79479323e-55 1.12624026e-55]	4.489699876275268e-110	88064
688	[1.79479323e-55 1.12624026e-55]	4.489699876275268e-110	88192
689	[1.79479323e-55 1.12624026e-55]	4.489699876275268e-110	88320
690	[-1.22681776e-56  1.40303934e-55]	1.9835701938844124e-110	88448
691	[-1.22681776e-56  1.40303934e-55]	1.9835701938844124e-110	88576
692	[-1.22681776e-56  1.40303934e-55]	1.9835701938844124e-110	88704
693	[-1.22681776e-56  1.40303934e-55]	1.9835701938844124e-110	88832
694	[-5.73932108e-56  2.58385991e-56]	3.961613845208227e-111	88960
695	[-5.73932108e-56  2.58385991e-56]	3.961613845208227e-111	89088
696	[-5.73932108e-56  2.58385991e-56]	3.961613845208227e-111	89216
697	[-5.73932108e-56  2.58385991e-56]	3.961613845208227e-111	89344
698	[ 2.82653478e-56 -4.40143177e-56]	2.7361900530979735e-111	89472
699	[ 1.75155020e-56 -2.07561021e-56]	7.376085825620685e-112	89600
700	[ 1.75155020e-56 -2.07561021e-56]	7.376085825620685e-112	89728
701	[ 1.75155020e-56 -2.07561021e-56]	7.376085825620685e-112	89856
702	[-4.94053112e-58 -5.32790622e-57]	2.863067321162996e-113	89984
703	[-4.94053112e-58 -5.32790622e-57]	2.863067321162996e-113	90112
704	[-4.94053112e-58 -5.32790622e-57]	2.863067321162996e-113	90240
705	[-4.94053112e-58 -5.32790622e-57]	2.863067321162996e-113	90368
706	[-4.94053112e-58 -5.32790622e-57]	2.863067321162996e-113	90496
707	[-4.94053112e-58 -5.32790622e-57]	2.863067321162996e-113	90624
708	[-4.94053112e-58 -5.32790622e-57]	2.863067321162996e-113	90752
709	[-4.94053112e-58 -5.32790622e-57]	2.863067321162996e-113	90880
710	[-4.94053112e-58 -5.32790622e-57]	2.863067321162996e-113	91008
711	[ 3.1784645e-57 -4.0453704e-57]	2.646765821046078e-113	91136
712	[ 3.1784645e-57 -4.0453704e-57]	2.646765821046078e-113	91264
713	[-1.17584722e-57  1.36267351e-57]	3.239495762770015e-114	91392
714	[-1.17584722e-57  1.36267351e-57]	3.239495762770015e-114	91520
715	[-1.17584722e-57  1.36267351e-57]	3.239495762770015e-114	91648
716	[-1.17584722e-57  1.36267351e-57]	3.239495762770015e-114	91776
717	[-1.17584722e-57  1.36267351e-57]	3.239495762770015e-114	91904
718	[-1.18643837e-57  1.18924538e-57]	2.8219405856317416e-114	92032
719	[-1.18643837e-57  1.18924538e-57]	2.8219405856317416e-114	92160
720	[1.6301823e-58 1.3061748e-58]	4.3635869245400306e-116	92288
721	[1.6301823e-58 1.3061748e-58]	4.3635869245400306e-116	92416
722	[1.6301823e-58 1.3061748e-58]	4.3635869245400306e-116	92544
723	[2.91876672e-60 1.01628285e-58]	1.0336827524176866e-116	92672
724	[2.91876672e-60 1.01628285e-58]	1.0336827524176866e-116	92800
725	[2.91876672e-60 1.01628285e-58]	1.0336827524176866e-116	92928
726	[2.91876672e-60 1.01628285e-58]	1.0336827524176866e-116	93056
727	[2.91876672e-60 1.01628285e-58]	1.0336827524176866e-116	93184
728	[-5.12901757e-59  4.00891204e-59]	4.237819690406295e-117	93312
729	[ 1.96600115e-59 -2.13919692e-59]	8.44132398420374e-118	93440
730	[ 1.96600115e-59 -2.13919692e-59]	8.44132398420374e-118	93568
731	[ 1.96600115e-59 -2.13919692e-59]	8.44132398420374e-118	93696
732	[ 1.96600115e-59 -2.13919692e-59]	8.44132398420374e-118	93824
733	[ 1.96600115e-59 -2.13919692e-59]	8.44132398420374e-118	93952
734	[ 1.96600115e-59 -2.13919692e-59]	8.44132398420374e-118	94080
735	[ 1.96600115e-59 -2.13919692e-59]	8.44132398420374e-118	94208
736	[-2.74056677e-60 -2.30822361e-59]	5.403003312033716e-118	94336
737	[-2.74056677e-60 -2.30822361e-59]	5.403003312033716e-118	94464
738	[-2.74056677e-60 -2.30822361e-59]	5.403003312033716e-118	94592
739	[-9.87223459e-60  1.53615146e-59]	3.3343714809319904e-118	94720
740	[-9.87223459e-60  1.53615146e-59]	3.3343714809319904e-118	94848
741	[-9.87223459e-60  1.53615146e-59]	3.3343714809319904e-118	94976
742	[-9.87223459e-60  1.53615146e-59]	3.3343714809319904e-118	95104
743	[1.05278162e-59 4.22709608e-60]	1.2870325575375971e-118	95232
744	[1.05278162e-59 4.22709608e-60]	1.2870325575375971e-118	95360
745	[ 8.53955311e-60 -1.62635576e-60]	7.556900045280175e-119	95488
746	[ 8.53955311e-60 -1.62635576e-60]	7.556900045280175e-119	95616
747	[ 8.53955311e-60 -1.62635576e-60]	7.556900045280175e-119	95744
748	[ 1.74003010e-60 -4.17930379e-60]	2.0494284912853834e-119	95872
749	[ 1.74003010e-60 -4.17930379e-60]	2.0494284912853834e-119	96000
750	[ 1.74003010e-60 -4.17930379e-60]	2.0494284912853834e-119	96128
751	[-1.18888048e-60 -3.42693493e-61]	1.530875619230696e-120	96256
752	[-1.18888048e-60 -3.42693493e-61]	1.530875619230696e-120	96384
753	[-1.18888048e-60 -3.42693493e-61]	1.530875619230696e-120	96512
754	[-1.18888048e-60 -3.42693493e-61]	1.530875619230696e-120	96640
755	[-1.18888048e-60 -3.42693493e-61]	1.530875619230696e-120	96768
756	[5.41423627e-61 5.46878896e-61]	5.92216071315917e-121	96896
757	[5.41423627e-61 5.46878896e-61]	5.92216071315917e-121	97024
758	[5.41423627e-61 5.46878896e-61]	5.92216071315917e-121	97152
759	[-1.51100913e-61  5.88919105e-61]	3.6965719838440662e-121	97280
760	[-5.71032549e-62  2.74211647e-61]	7.845280929830896e-122	97408
761	[-5.71032549e-62  2.74211647e-61]	7.845280929830896e-122	97536
762	[7.75021142e-62 6.68286663e-62]	1.047264833990243e-122	97664
763	[7.75021142e-62 6.68286663e-62]	1.047264833990243e-122	97792
764	[7.75021142e-62 6.68286663e-62]	1.047264833990243e-122	97920
765	[7.75021142e-62 6.68286663e-62]	1.047264833990243e-122	98048
766	[7.75021142e-62 6.68286663e-62]	1.047264833990243e-122	98176
767	[7.75021142e-62 6.68286663e-62]	1.047264833990243e-122	98304
768	[7.75021142e-62 6.68286663e-62]	1.047264833990243e-122	98432
769	[7.75021142e-62 6.68286663e-62]	1.047264833990243e-122	98560
770	[7.75021142e-62 6.68286663e-62]	1.047264833990243e-122	98688
771	[7.75021142e-62 6.68286663e-62]	1.047264833990243e-122	98816
772	[-3.04263128e-62 -6.80131612e-62]	5.5515506065354276e-123	98944
773	[-2.58247851e-62  1.30030217e-62]	8.3599810010003e-124	99072
774	[-2.58247851e-62  1.30030217e-62]	8.3599810010003e-124	99200
775	[-1.21512278e-62  1.71401621e-62]	4.414374948750853e-124	99328
776	[-1.21512278e-62  1.71401621e-62]	4.414374948750853e-124	99456
777	[-1.21512278e-62  1.71401621e-62]	4.414374948750853e-124	99584
778	[-7.73897568e-63 -6.42613695e-63]	1.0118698058726944e-124	99712
779	[-7.73897568e-63 -6.42613695e-63]	1.0118698058726944e-124	99840
780	[-7.73897568e-63 -6.42613695e-63]	1.0118698058726944e-124	99968
781	[-7.73897568e-63 -6.42613695e-63]	1.0118698058726944e-124	100096
#Result: mean = 0.000984499150366574	std = 0.014008885802919313