#GEN	x_best	f(x_best)	#eval
0	[0.32871867 0.79495652]	0.7400118231085926	128
1	[ 0.36733638 -0.2433947 ]	0.19417699286679488	256
2	[ 0.11512712 -0.22344954]	0.06318394912023002	384
3	[ 0.11512712 -0.22344954]	0.06318394912023002	512
4	[ 0.11512712 -0.22344954]	0.06318394912023002	640
5	[ 0.11512712 -0.22344954]	0.06318394912023002	768
6	[ 0.00828705 -0.03557871]	0.0013345199519556668	896
7	[ 0.00828705 -0.03557871]	0.0013345199519556668	1024
8	[ 0.00828705 -0.03557871]	0.0013345199519556668	1152
9	[ 0.00828705 -0.03557871]	0.0013345199519556668	1280
10	[-0.01974186  0.00733721]	0.0004435758267367394	1408
11	[-0.01974186  0.00733721]	0.0004435758267367394	1536
12	[-0.01974186  0.00733721]	0.0004435758267367394	1664
13	[-0.01974186  0.00733721]	0.0004435758267367394	1792
14	[-0.01974186  0.00733721]	0.0004435758267367394	1920
15	[-0.00968857  0.0007353 ]	9.440903600249838e-05	2048
16	[-0.00968857  0.0007353 ]	9.440903600249838e-05	2176
17	[-0.0031552  -0.00291599]	1.8458292900196093e-05	2304
18	[-0.0031552  -0.00291599]	1.8458292900196093e-05	2432
19	[-0.0031552  -0.00291599]	1.8458292900196093e-05	2560
20	[-0.0031552  -0.00291599]	1.8458292900196093e-05	2688
21	[ 0.00207319 -0.00040168]	4.4594795664411585e-06	2816
22	[ 0.00207319 -0.00040168]	4.4594795664411585e-06	2944
23	[-0.0001727  -0.00040168]	1.9117380701832665e-07	3072
24	[-0.0001727  -0.00040168]	1.9117380701832665e-07	3200
25	[-0.0001727  -0.00040168]	1.9117380701832665e-07	3328
26	[-0.0001727  -0.00040168]	1.9117380701832665e-07	3456
27	[-0.0001727  -0.00040168]	1.9117380701832665e-07	3584
28	[-0.0001727  -0.00040168]	1.9117380701832665e-07	3712
29	[-0.0001727  -0.00040168]	1.9117380701832665e-07	3840
30	[-0.0001727  -0.00040168]	1.9117380701832665e-07	3968
31	[-0.0001727  -0.00040168]	1.9117380701832665e-07	4096
32	[-0.0001727  -0.00040168]	1.9117380701832665e-07	4224
33	[-0.0001727  -0.00040168]	1.9117380701832665e-07	4352
34	[-0.0001727  -0.00040168]	1.9117380701832665e-07	4480
35	[-0.0001727  -0.00040168]	1.9117380701832665e-07	4608
36	[-0.0001727  -0.00040168]	1.9117380701832665e-07	4736
37	[-0.0001727  -0.00040168]	1.9117380701832665e-07	4864
38	[-0.0001727  -0.00040168]	1.9117380701832665e-07	4992
39	[-0.0001727  -0.00040168]	1.9117380701832665e-07	5120
40	[-0.00026311 -0.00029113]	1.5398431756275452e-07	5248
41	[1.64913210e-04 8.58927646e-05]	3.457393377961163e-08	5376
42	[1.64913210e-04 8.58927646e-05]	3.457393377961163e-08	5504
43	[-1.47766462e-04 -7.19972020e-05]	2.701852447508678e-08	5632
44	[-1.47766462e-04 -7.19972020e-05]	2.701852447508678e-08	5760
45	[-1.14637002e-05 -1.25805441e-04]	1.595842536674651e-08	5888
46	[ 1.98425201e-05 -7.34743232e-05]	5.7922017711786655e-09	6016
47	[ 1.98425201e-05 -7.34743232e-05]	5.7922017711786655e-09	6144
48	[ 1.98425201e-05 -7.34743232e-05]	5.7922017711786655e-09	6272
49	[ 1.98425201e-05 -7.34743232e-05]	5.7922017711786655e-09	6400
50	[-2.63323212e-05 -2.63623999e-05]	1.3883672675686334e-09	6528
51	[-2.63323212e-05 -2.63623999e-05]	1.3883672675686334e-09	6656
52	[-2.63323212e-05 -2.63623999e-05]	1.3883672675686334e-09	6784
53	[-2.63323212e-05 -2.63623999e-05]	1.3883672675686334e-09	6912
54	[-6.45353785e-06 -1.41534533e-06]	4.365135314885727e-11	7040
55	[-6.45353785e-06 -1.41534533e-06]	4.365135314885727e-11	7168
56	[-6.45353785e-06 -1.41534533e-06]	4.365135314885727e-11	7296
57	[-6.45353785e-06 -1.41534533e-06]	4.365135314885727e-11	7424
58	[-6.45353785e-06 -1.41534533e-06]	4.365135314885727e-11	7552
59	[-6.45353785e-06 -1.41534533e-06]	4.365135314885727e-11	7680
60	[-6.45353785e-06 -1.41534533e-06]	4.365135314885727e-11	7808
61	[-6.45353785e-06 -1.41534533e-06]	4.365135314885727e-11	7936
62	[-6.45353785e-06 -1.41534533e-06]	4.365135314885727e-11	8064
63	[3.44283152e-06 1.45601417e-06]	1.3973066133578708e-11	8192
64	[3.44283152e-06 1.45601417e-06]	1.3973066133578708e-11	8320
65	[3.44283152e-06 1.45601417e-06]	1.3973066133578708e-11	8448
66	[-1.17738432e-06  6.50213629e-07]	1.8090115997463004e-12	8576
67	[-1.17738432e-06  6.50213629e-07]	1.8090115997463004e-12	8704
68	[-5.31735783e-07 -8.61347865e-07]	1.0246630880846026e-12	8832
69	[-5.31735783e-07 -8.61347865e-07]	1.0246630880846026e-12	8960
70	[ 2.71232932e-07 -6.62169773e-07]	5.12036111321652e-13	9088
71	[ 2.71232932e-07 -6.62169773e-07]	5.12036111321652e-13	9216
72	[ 2.71232932e-07 -6.62169773e-07]	5.12036111321652e-13	9344
73	[ 2.71232932e-07 -6.62169773e-07]	5.12036111321652e-13	9472
74	[6.14203312e-07 1.37632008e-07]	3.9618827800790014e-13	9600
75	[9.52019347e-08 2.19431143e-07]	5.721343470043512e-14	9728
76	[-4.50958971e-08  1.29846715e-07]	1.889380923250752e-14	9856
77	[-4.50958971e-08  1.29846715e-07]	1.889380923250752e-14	9984
78	[-4.50958971e-08  1.29846715e-07]	1.889380923250752e-14	10112
79	[-4.50958971e-08  1.29846715e-07]	1.889380923250752e-14	10240
80	[-4.50958971e-08  1.29846715e-07]	1.889380923250752e-14	10368
81	[ 1.82306409e-08 -8.62382132e-08]	7.769385684331738e-15	10496
82	[ 1.82306409e-08 -8.62382132e-08]	7.769385684331738e-15	10624
83	[ 1.82306409e-08 -8.62382132e-08]	7.769385684331738e-15	10752
84	[ 1.82306409e-08 -8.62382132e-08]	7.769385684331738e-15	10880
85	[ 2.81932911e-08 -9.22303347e-09]	8.799260083749983e-16	11008
86	[ 2.81932911e-08 -9.22303347e-09]	8.799260083749983e-16	11136
87	[ 2.81932911e-08 -9.22303347e-09]	8.799260083749983e-16	11264
88	[ 2.81932911e-08 -9.22303347e-09]	8.799260083749983e-16	11392
89	[ 2.81932911e-08 -9.22303347e-09]	8.799260083749983e-16	11520
90	[-2.43781333e-08  1.03267950e-08]	7.009360805060535e-16	11648
91	[-2.43781333e-08  1.03267950e-08]	7.009360805060535e-16	11776
92	[-8.31806394e-11  2.17317455e-08]	4.722756797620407e-16	11904
93	[-8.31806394e-11  2.17317455e-08]	4.722756797620407e-16	12032
94	[-8.31806394e-11  2.17317455e-08]	4.722756797620407e-16	12160
95	[4.81861929e-09 1.74727415e-08]	3.2851578840695677e-16	12288
96	[4.81861929e-09 1.74727415e-08]	3.2851578840695677e-16	12416
97	[8.29781715e-09 1.34826464e-09]	7.067158698778731e-17	12544
98	[8.29781715e-09 1.34826464e-09]	7.067158698778731e-17	12672
99	[8.29781715e-09 1.34826464e-09]	7.067158698778731e-17	12800
100	[6.88093054e-11 7.67450868e-09]	5.890281826512619e-17	12928
101	[-4.17094364e-09  7.32803647e-10]	1.7933772065561864e-17	13056
102	[-4.17094364e-09  7.32803647e-10]	1.7933772065561864e-17	13184
103	[-1.63661414e-09 -3.14457669e-10]	2.777389470727172e-18	13312
104	[-7.2554600e-10 -6.5114041e-10]	9.504008320088767e-19	13440
105	[-3.80279514e-10  5.11959545e-10]	4.067150847085559e-19	13568
106	[-3.80279514e-10  5.11959545e-10]	4.067150847085559e-19	13696
107	[-3.80279514e-10  5.11959545e-10]	4.067150847085559e-19	13824
108	[-3.80279514e-10  5.11959545e-10]	4.067150847085559e-19	13952
109	[-8.72544964e-11 -3.62857504e-10]	1.392789150388004e-19	14080
110	[-1.25674838e-10 -6.17290845e-11]	1.9604644862815444e-20	14208
111	[-1.25674838e-10 -6.17290845e-11]	1.9604644862815444e-20	14336
112	[-1.25674838e-10 -6.17290845e-11]	1.9604644862815444e-20	14464
113	[-1.25674838e-10 -6.17290845e-11]	1.9604644862815444e-20	14592
114	[-1.25674838e-10 -6.17290845e-11]	1.9604644862815444e-20	14720
115	[-1.25674838e-10 -6.17290845e-11]	1.9604644862815444e-20	14848
116	[-1.25674838e-10 -6.17290845e-11]	1.9604644862815444e-20	14976
117	[-1.25674838e-10 -6.17290845e-11]	1.9604644862815444e-20	15104
118	[-1.25674838e-10 -6.17290845e-11]	1.9604644862815444e-20	15232
119	[-1.25674838e-10 -6.17290845e-11]	1.9604644862815444e-20	15360
120	[1.07472800e-10 8.89467569e-11]	1.9461928345913238e-20	15488
121	[1.07472800e-10 8.89467569e-11]	1.9461928345913238e-20	15616
122	[1.07472800e-10 8.89467569e-11]	1.9461928345913238e-20	15744
123	[-1.01149707e-10 -4.61570608e-12]	1.0252567984804807e-20	15872
124	[5.89071312e-11 4.87272879e-11]	5.844398699740009e-21	16000
125	[ 6.23381977e-11 -8.59949852e-12]	3.960002268781305e-21	16128
126	[-3.06843330e-11  1.23067925e-11]	1.0929854318432985e-21	16256
127	[-3.06843330e-11  1.23067925e-11]	1.0929854318432985e-21	16384
128	[2.56607014e-12 1.26735533e-11]	1.672036699891864e-22	16512
129	[2.56607014e-12 1.26735533e-11]	1.672036699891864e-22	16640
130	[1.06978631e-11 6.23619407e-12]	1.533343914829454e-22	16768
131	[1.8612997e-12 1.1643695e-11]	1.3904006988663817e-22	16896
132	[-2.35267023e-12 -8.86644845e-12]	8.414896527336137e-23	17024
133	[-1.26629080e-12 -2.34687068e-14]	1.6040431688040287e-24	17152
134	[-1.26629080e-12 -2.34687068e-14]	1.6040431688040287e-24	17280
135	[-1.26629080e-12 -2.34687068e-14]	1.6040431688040287e-24	17408
136	[-1.26629080e-12 -2.34687068e-14]	1.6040431688040287e-24	17536
137	[-1.26629080e-12 -2.34687068e-14]	1.6040431688040287e-24	17664
138	[-1.26629080e-12 -2.34687068e-14]	1.6040431688040287e-24	17792
139	[-1.26629080e-12 -2.34687068e-14]	1.6040431688040287e-24	17920
140	[1.28622340e-13 5.53458309e-13]	3.2285980583695734e-25	18048
141	[1.28622340e-13 5.53458309e-13]	3.2285980583695734e-25	18176
142	[1.28622340e-13 5.53458309e-13]	3.2285980583695734e-25	18304
143	[1.28622340e-13 5.53458309e-13]	3.2285980583695734e-25	18432
144	[1.28622340e-13 5.53458309e-13]	3.2285980583695734e-25	18560
145	[1.28622340e-13 5.53458309e-13]	3.2285980583695734e-25	18688
146	[1.28622340e-13 5.53458309e-13]	3.2285980583695734e-25	18816
147	[1.28622340e-13 5.53458309e-13]	3.2285980583695734e-25	18944
148	[-3.02597452e-13 -2.11917542e-13]	1.3647426246467145e-25	19072
149	[-3.02597452e-13 -2.11917542e-13]	1.3647426246467145e-25	19200
150	[9.84309616e-14 4.03801284e-14]	1.1319208968777969e-26	19328
151	[9.84309616e-14 4.03801284e-14]	1.1319208968777969e-26	19456
152	[9.84309616e-14 4.03801284e-14]	1.1319208968777969e-26	19584
153	[9.84309616e-14 4.03801284e-14]	1.1319208968777969e-26	19712
154	[-2.10485424e-14 -7.54255179e-15]	4.999312266616185e-28	19840
155	[-2.10485424e-14 -7.54255179e-15]	4.999312266616185e-28	19968
156	[-2.10485424e-14 -7.54255179e-15]	4.999312266616185e-28	20096
157	[-2.10485424e-14 -7.54255179e-15]	4.999312266616185e-28	20224
158	[-2.10485424e-14 -7.54255179e-15]	4.999312266616185e-28	20352
159	[-2.10485424e-14 -7.54255179e-15]	4.999312266616185e-28	20480
160	[-2.10485424e-14 -7.54255179e-15]	4.999312266616185e-28	20608
161	[-2.10485424e-14 -7.54255179e-15]	4.999312266616185e-28	20736
162	[-2.10485424e-14 -7.54255179e-15]	4.999312266616185e-28	20864
163	[-2.10485424e-14 -7.54255179e-15]	4.999312266616185e-28	20992
164	[-6.45633908e-17 -2.13794865e-14]	4.570866101157787e-28	21120
165	[-6.45633908e-17 -2.13794865e-14]	4.570866101157787e-28	21248
166	[ 9.19417631e-15 -1.19050884e-14]	2.262640068512087e-28	21376
167	[ 9.19417631e-15 -1.19050884e-14]	2.262640068512087e-28	21504
168	[ 9.19417631e-15 -1.19050884e-14]	2.262640068512087e-28	21632
169	[ 9.19417631e-15 -1.19050884e-14]	2.262640068512087e-28	21760
170	[-1.39012879e-14  4.36023310e-15]	2.122574379948316e-28	21888
171	[-1.39012879e-14  4.36023310e-15]	2.122574379948316e-28	22016
172	[-1.85702125e-15  9.91870442e-16]	4.432334880173826e-30	22144
173	[-1.85702125e-15  9.91870442e-16]	4.432334880173826e-30	22272
174	[-1.85702125e-15  9.91870442e-16]	4.432334880173826e-30	22400
175	[-1.85702125e-15  9.91870442e-16]	4.432334880173826e-30	22528
176	[-1.85702125e-15  9.91870442e-16]	4.432334880173826e-30	22656
177	[-1.85702125e-15  9.91870442e-16]	4.432334880173826e-30	22784
178	[-1.85702125e-15  9.91870442e-16]	4.432334880173826e-30	22912
179	[9.03887437e-16 2.03778148e-16]	8.585380317049624e-31	23040
180	[9.03887437e-16 2.03778148e-16]	8.585380317049624e-31	23168
181	[9.03887437e-16 2.03778148e-16]	8.585380317049624e-31	23296
182	[9.03887437e-16 2.03778148e-16]	8.585380317049624e-31	23424
183	[9.03887437e-16 2.03778148e-16]	8.585380317049624e-31	23552
184	[9.03887437e-16 2.03778148e-16]	8.585380317049624e-31	23680
185	[9.03887437e-16 2.03778148e-16]	8.585380317049624e-31	23808
186	[ 1.34327481e-16 -3.62082255e-16]	1.4914743194666839e-31	23936
187	[ 1.34327481e-16 -3.62082255e-16]	1.4914743194666839e-31	24064
188	[ 1.34327481e-16 -3.62082255e-16]	1.4914743194666839e-31	24192
189	[-7.51594020e-17  2.35134219e-16]	6.093703653191914e-32	24320
190	[-7.51594020e-17  2.35134219e-16]	6.093703653191914e-32	24448
191	[-7.51594020e-17  2.35134219e-16]	6.093703653191914e-32	24576
192	[-5.06841226e-17  1.28323301e-16]	1.903574993809343e-32	24704
193	[-5.06841226e-17  1.28323301e-16]	1.903574993809343e-32	24832
194	[-5.06841226e-17  1.28323301e-16]	1.903574993809343e-32	24960
195	[ 1.25575222e-16 -6.75423063e-18]	1.5814756082207483e-32	25088
196	[-1.21407021e-17 -6.75423063e-18]	1.930162784104338e-34	25216
197	[-1.21407021e-17 -6.75423063e-18]	1.930162784104338e-34	25344
198	[-1.21407021e-17 -6.75423063e-18]	1.930162784104338e-34	25472
199	[-1.21407021e-17 -6.75423063e-18]	1.930162784104338e-34	25600
200	[-1.21407021e-17 -6.75423063e-18]	1.930162784104338e-34	25728
201	[-1.21407021e-17 -6.75423063e-18]	1.930162784104338e-34	25856
202	[-1.15437288e-17  6.92544350e-18]	1.812194433623495e-34	25984
203	[-1.15437288e-17  6.92544350e-18]	1.812194433623495e-34	26112
204	[-1.15437288e-17  6.92544350e-18]	1.812194433623495e-34	26240
205	[-8.76985841e-18 -3.70171348e-18]	9.061309923492582e-35	26368
206	[-8.76985841e-18 -3.70171348e-18]	9.061309923492582e-35	26496
207	[-7.23796841e-18  4.35124456e-18]	7.132151596686014e-35	26624
208	[-4.14744300e-18  5.77416598e-18]	5.054227624196279e-35	26752
209	[-4.14744300e-18  5.77416598e-18]	5.054227624196279e-35	26880
210	[-4.14744300e-18  5.77416598e-18]	5.054227624196279e-35	27008
211	[-4.14744300e-18  5.77416598e-18]	5.054227624196279e-35	27136
212	[ 1.09447226e-18 -3.24056048e-18]	1.1699101764237997e-35	27264
213	[ 1.09447226e-18 -3.24056048e-18]	1.1699101764237997e-35	27392
214	[ 1.09447226e-18 -3.24056048e-18]	1.1699101764237997e-35	27520
215	[ 1.09447226e-18 -3.24056048e-18]	1.1699101764237997e-35	27648
216	[ 1.09447226e-18 -3.24056048e-18]	1.1699101764237997e-35	27776
217	[ 2.16917214e-18 -1.72425612e-18]	7.678366916531975e-36	27904
218	[ 2.16917214e-18 -1.72425612e-18]	7.678366916531975e-36	28032
219	[5.42369346e-20 1.04365603e-18]	1.0921595634323518e-36	28160
220	[-9.20714572e-19 -4.04652499e-19]	1.0114589678482117e-36	28288
221	[-9.20714572e-19 -4.04652499e-19]	1.0114589678482117e-36	28416
222	[-6.19749765e-19  3.02059265e-19]	4.75329571027511e-37	28544
223	[-6.19749765e-19  3.02059265e-19]	4.75329571027511e-37	28672
224	[-6.19749765e-19  3.02059265e-19]	4.75329571027511e-37	28800
225	[1.00743348e-19 2.84913141e-19]	9.132471977832601e-38	28928
226	[1.00743348e-19 2.84913141e-19]	9.132471977832601e-38	29056
227	[1.00743348e-19 2.84913141e-19]	9.132471977832601e-38	29184
228	[1.00743348e-19 2.84913141e-19]	9.132471977832601e-38	29312
229	[1.00743348e-19 2.84913141e-19]	9.132471977832601e-38	29440
230	[ 1.69696631e-19 -4.04821145e-20]	3.043574812119537e-38	29568
231	[ 1.69696631e-19 -4.04821145e-20]	3.043574812119537e-38	29696
232	[-1.04302660e-19 -9.08434829e-20]	1.9131583187473487e-38	29824
233	[-1.04302660e-19 -9.08434829e-20]	1.9131583187473487e-38	29952
234	[-2.77748091e-20 -2.99171155e-20]	1.666473821216999e-39	30080
235	[-2.77748091e-20 -2.99171155e-20]	1.666473821216999e-39	30208
236	[-2.77748091e-20 -2.99171155e-20]	1.666473821216999e-39	30336
237	[-1.87187913e-20 -2.40645571e-20]	9.294960570290108e-40	30464
238	[-1.87187913e-20 -2.40645571e-20]	9.294960570290108e-40	30592
239	[-1.87187913e-20 -2.40645571e-20]	9.294960570290108e-40	30720
240	[-1.87187913e-20 -2.40645571e-20]	9.294960570290108e-40	30848
241	[-1.87187913e-20 -2.40645571e-20]	9.294960570290108e-40	30976
242	[-1.87187913e-20 -2.40645571e-20]	9.294960570290108e-40	31104
243	[-8.74614546e-21  1.65781551e-20]	3.513302866023316e-40	31232
244	[-8.74614546e-21  1.65781551e-20]	3.513302866023316e-40	31360
245	[-8.74614546e-21  1.65781551e-20]	3.513302866023316e-40	31488
246	[-1.00610629e-20  3.49095991e-21]	1.1341178726237357e-40	31616
247	[-9.51837967e-21  3.14279855e-21]	1.0047673419079516e-40	31744
248	[-9.51837967e-21  3.14279855e-21]	1.0047673419079516e-40	31872
249	[-1.62822171e-21  5.54861535e-21]	3.3438238172850367e-41	32000
250	[ 5.30030689e-22 -2.02141813e-21]	4.367063800615549e-42	32128
251	[ 5.30030689e-22 -2.02141813e-21]	4.367063800615549e-42	32256
252	[ 5.30030689e-22 -2.02141813e-21]	4.367063800615549e-42	32384
253	[ 5.30030689e-22 -2.02141813e-21]	4.367063800615549e-42	32512
254	[ 5.30030689e-22 -2.02141813e-21]	4.367063800615549e-42	32640
255	[7.99836813e-22 7.08943749e-22]	1.1423401672598223e-42	32768
256	[7.99836813e-22 7.08943749e-22]	1.1423401672598223e-42	32896
257	[-1.93529997e-22  5.56094710e-23]	4.054627306488221e-44	33024
258	[-1.93529997e-22  5.56094710e-23]	4.054627306488221e-44	33152
259	[-1.93529997e-22  5.56094710e-23]	4.054627306488221e-44	33280
260	[-1.93529997e-22  5.56094710e-23]	4.054627306488221e-44	33408
261	[-1.93529997e-22  5.56094710e-23]	4.054627306488221e-44	33536
262	[-1.93529997e-22  5.56094710e-23]	4.054627306488221e-44	33664
263	[-1.93529997e-22  5.56094710e-23]	4.054627306488221e-44	33792
264	[-1.93529997e-22  5.56094710e-23]	4.054627306488221e-44	33920
265	[-1.93529997e-22  5.56094710e-23]	4.054627306488221e-44	34048
266	[-1.93529997e-22  5.56094710e-23]	4.054627306488221e-44	34176
267	[-1.93529997e-22  5.56094710e-23]	4.054627306488221e-44	34304
268	[-1.93529997e-22  5.56094710e-23]	4.054627306488221e-44	34432
269	[-1.01306757e-22  1.67637952e-22]	3.8365541967569384e-44	34560
270	[-2.18037420e-25  1.29784262e-22]	1.6844002323580843e-44	34688
271	[ 5.53892513e-23 -1.74170299e-23]	3.371322086823373e-45	34816
272	[ 5.53892513e-23 -1.74170299e-23]	3.371322086823373e-45	34944
273	[ 5.53892513e-23 -1.74170299e-23]	3.371322086823373e-45	35072
274	[ 5.53892513e-23 -1.74170299e-23]	3.371322086823373e-45	35200
275	[ 5.53892513e-23 -1.74170299e-23]	3.371322086823373e-45	35328
276	[ 5.53892513e-23 -1.74170299e-23]	3.371322086823373e-45	35456
277	[-2.83428858e-23  1.38626052e-23]	9.954909954059085e-46	35584
278	[-2.83428858e-23  1.38626052e-23]	9.954909954059085e-46	35712
279	[-2.83428858e-23  1.38626052e-23]	9.954909954059085e-46	35840
280	[-7.68410028e-24 -4.35744263e-24]	7.803270335911738e-47	35968
281	[-7.68410028e-24 -4.35744263e-24]	7.803270335911738e-47	36096
282	[-5.94384499e-24 -2.77081042e-24]	4.3006683656057094e-47	36224
283	[-5.94384499e-24 -2.77081042e-24]	4.3006683656057094e-47	36352
284	[-5.94384499e-24 -2.77081042e-24]	4.3006683656057094e-47	36480
285	[-5.94384499e-24 -2.77081042e-24]	4.3006683656057094e-47	36608
286	[ 3.01160927e-24 -1.44612303e-24]	1.1161062217727597e-47	36736
287	[-1.92585022e-24 -1.83784606e-24]	7.086577212929284e-48	36864
288	[-1.92585022e-24 -1.83784606e-24]	7.086577212929284e-48	36992
289	[-1.92585022e-24 -1.83784606e-24]	7.086577212929284e-48	37120
290	[-1.92585022e-24 -1.83784606e-24]	7.086577212929284e-48	37248
291	[-1.92585022e-24 -1.83784606e-24]	7.086577212929284e-48	37376
292	[-1.92585022e-24 -1.83784606e-24]	7.086577212929284e-48	37504
293	[-1.92585022e-24 -1.83784606e-24]	7.086577212929284e-48	37632
294	[-7.65937695e-25  6.87759268e-25]	1.0596733633824321e-48	37760
295	[-7.65937695e-25  6.87759268e-25]	1.0596733633824321e-48	37888
296	[-7.65937695e-25  6.87759268e-25]	1.0596733633824321e-48	38016
297	[-7.65937695e-25  6.87759268e-25]	1.0596733633824321e-48	38144
298	[1.76533045e-25 3.89514115e-25]	1.8288516190209888e-49	38272
299	[1.76533045e-25 3.89514115e-25]	1.8288516190209888e-49	38400
300	[-3.32945382e-25 -8.24211849e-26]	1.1764587934579915e-49	38528
301	[-3.32945382e-25 -8.24211849e-26]	1.1764587934579915e-49	38656
302	[-3.32945382e-25 -8.24211849e-26]	1.1764587934579915e-49	38784
303	[-3.32945382e-25 -8.24211849e-26]	1.1764587934579915e-49	38912
304	[-3.32945382e-25 -8.24211849e-26]	1.1764587934579915e-49	39040
305	[-2.36493067e-26 -2.22103049e-25]	4.988905423485052e-50	39168
306	[-3.03949105e-26  2.13143596e-25]	4.635404330622686e-50	39296
307	[-3.03949105e-26  2.13143596e-25]	4.635404330622686e-50	39424
308	[-4.26509725e-26 -1.57515603e-25]	2.663027064766352e-50	39552
309	[6.12474052e-26 4.41168731e-26]	5.697543136590878e-51	39680
310	[6.12474052e-26 4.41168731e-26]	5.697543136590878e-51	39808
311	[6.12474052e-26 4.41168731e-26]	5.697543136590878e-51	39936
312	[6.12474052e-26 4.41168731e-26]	5.697543136590878e-51	40064
313	[3.21015889e-27 7.08658959e-27]	6.052487213309739e-53	40192
314	[3.21015889e-27 7.08658959e-27]	6.052487213309739e-53	40320
315	[3.21015889e-27 7.08658959e-27]	6.052487213309739e-53	40448
316	[3.21015889e-27 7.08658959e-27]	6.052487213309739e-53	40576
317	[3.21015889e-27 7.08658959e-27]	6.052487213309739e-53	40704
318	[3.21015889e-27 7.08658959e-27]	6.052487213309739e-53	40832
319	[3.21015889e-27 7.08658959e-27]	6.052487213309739e-53	40960
320	[ 3.77654928e-27 -1.63121061e-29]	1.426259053660518e-53	41088
321	[ 3.77654928e-27 -1.63121061e-29]	1.426259053660518e-53	41216
322	[ 3.77654928e-27 -1.63121061e-29]	1.426259053660518e-53	41344
323	[ 3.77654928e-27 -1.63121061e-29]	1.426259053660518e-53	41472
324	[ 3.77654928e-27 -1.63121061e-29]	1.426259053660518e-53	41600
325	[ 3.77654928e-27 -1.63121061e-29]	1.426259053660518e-53	41728
326	[ 3.77654928e-27 -1.63121061e-29]	1.426259053660518e-53	41856
327	[ 3.77654928e-27 -1.63121061e-29]	1.426259053660518e-53	41984
328	[-7.20139995e-28 -8.83632297e-28]	1.2994076477482627e-54	42112
329	[-7.20139995e-28 -8.83632297e-28]	1.2994076477482627e-54	42240
330	[-7.20139995e-28 -8.83632297e-28]	1.2994076477482627e-54	42368
331	[-7.20139995e-28 -8.83632297e-28]	1.2994076477482627e-54	42496
332	[7.51060086e-28 4.01882400e-28]	7.256007165916049e-55	42624
333	[7.51060086e-28 4.01882400e-28]	7.256007165916049e-55	42752
334	[7.29443463e-28 9.46098119e-29]	5.41038782063666e-55	42880
335	[3.81023093e-28 1.90662740e-28]	1.81530877800046e-55	43008
336	[3.81023093e-28 1.90662740e-28]	1.81530877800046e-55	43136
337	[3.81023093e-28 1.90662740e-28]	1.81530877800046e-55	43264
338	[3.81023093e-28 1.90662740e-28]	1.81530877800046e-55	43392
339	[3.81023093e-28 1.90662740e-28]	1.81530877800046e-55	43520
340	[3.81023093e-28 1.90662740e-28]	1.81530877800046e-55	43648
341	[2.48472310e-28 2.28382874e-28]	1.1389722618738725e-55	43776
342	[2.48472310e-28 2.28382874e-28]	1.1389722618738725e-55	43904
343	[2.48472310e-28 2.28382874e-28]	1.1389722618738725e-55	44032
344	[-1.03820017e-28  3.83342301e-29]	1.2248109181758018e-56	44160
345	[-1.03820017e-28  3.83342301e-29]	1.2248109181758018e-56	44288
346	[-1.03820017e-28  3.83342301e-29]	1.2248109181758018e-56	44416
347	[-1.03820017e-28  3.83342301e-29]	1.2248109181758018e-56	44544
348	[-7.77187739e-29  2.05093854e-29]	6.460842711184007e-57	44672
349	[-7.77187739e-29  2.05093854e-29]	6.460842711184007e-57	44800
350	[-7.77187739e-29  2.05093854e-29]	6.460842711184007e-57	44928
351	[ 6.25765204e-30 -1.23990306e-29]	1.928941689726925e-58	45056
352	[ 6.25765204e-30 -1.23990306e-29]	1.928941689726925e-58	45184
353	[ 6.25765204e-30 -1.23990306e-29]	1.928941689726925e-58	45312
354	[ 6.25765204e-30 -1.23990306e-29]	1.928941689726925e-58	45440
355	[ 6.25765204e-30 -1.23990306e-29]	1.928941689726925e-58	45568
356	[ 6.25765204e-30 -1.23990306e-29]	1.928941689726925e-58	45696
357	[ 1.21569714e-29 -3.52987079e-30]	1.6025194168094666e-58	45824
358	[3.07342514e-31 1.02672547e-29]	1.055109793763203e-58	45952
359	[3.07342514e-31 1.02672547e-29]	1.055109793763203e-58	46080
360	[ 3.13056349e-30 -7.61590305e-30]	6.780240704249137e-59	46208
361	[ 3.13056349e-30 -7.61590305e-30]	6.780240704249137e-59	46336
362	[ 3.13056349e-30 -7.61590305e-30]	6.780240704249137e-59	46464
363	[-3.13417753e-30 -4.63011361e-30]	3.126102083875113e-59	46592
364	[-3.13417753e-30 -4.63011361e-30]	3.126102083875113e-59	46720
365	[3.80257726e-30 2.21066149e-30]	1.934661803975366e-59	46848
366	[3.80257726e-30 2.21066149e-30]	1.934661803975366e-59	46976
367	[ 1.18590324e-30 -1.65177618e-30]	4.13473105923302e-60	47104
368	[ 1.18590324e-30 -1.65177618e-30]	4.13473105923302e-60	47232
369	[ 1.18590324e-30 -1.65177618e-30]	4.13473105923302e-60	47360
370	[ 1.18590324e-30 -1.65177618e-30]	4.13473105923302e-60	47488
371	[ 1.18590324e-30 -1.65177618e-30]	4.13473105923302e-60	47616
372	[-4.45340782e-31 -2.45544094e-31]	2.5862031384054414e-61	47744
373	[-4.45340782e-31 -2.45544094e-31]	2.5862031384054414e-61	47872
374	[-4.45340782e-31 -2.45544094e-31]	2.5862031384054414e-61	48000
375	[-4.45340782e-31 -2.45544094e-31]	2.5862031384054414e-61	48128
376	[ 1.14959021e-31 -2.43106567e-31]	7.231637920761572e-62	48256
377	[ 1.14959021e-31 -2.43106567e-31]	7.231637920761572e-62	48384
378	[ 1.14959021e-31 -2.43106567e-31]	7.231637920761572e-62	48512
379	[1.14959021e-31 4.70224994e-33]	1.323768760184039e-62	48640
380	[1.14959021e-31 4.70224994e-33]	1.323768760184039e-62	48768
381	[-9.12424454e-32 -4.45215862e-33]	8.345005558904372e-63	48896
382	[-9.12424454e-32 -4.45215862e-33]	8.345005558904372e-63	49024
383	[-9.12424454e-32 -4.45215862e-33]	8.345005558904372e-63	49152
384	[-9.12424454e-32 -4.45215862e-33]	8.345005558904372e-63	49280
385	[-9.12424454e-32 -4.45215862e-33]	8.345005558904372e-63	49408
386	[-9.12424454e-32 -4.45215862e-33]	8.345005558904372e-63	49536
387	[-9.12424454e-32 -4.45215862e-33]	8.345005558904372e-63	49664
388	[-3.52707901e-32 -4.70144276e-32]	3.454385042654799e-63	49792
389	[-3.52707901e-32 -4.70144276e-32]	3.454385042654799e-63	49920
390	[-3.52707901e-32 -4.70144276e-32]	3.454385042654799e-63	50048
391	[-3.52707901e-32 -4.70144276e-32]	3.454385042654799e-63	50176
392	[-4.47849394e-32  1.83667197e-32]	2.343027192200392e-63	50304
393	[ 3.02287036e-32 -3.68720589e-32]	2.2733232455525145e-63	50432
394	[-1.03748348e-32  7.31556872e-33]	1.611547418187164e-64	50560
395	[-1.03748348e-32  7.31556872e-33]	1.611547418187164e-64	50688
396	[3.47409204e-33 5.27046763e-33]	3.984714453516106e-65	50816
397	[3.47409204e-33 5.27046763e-33]	3.984714453516106e-65	50944
398	[3.47409204e-33 5.27046763e-33]	3.984714453516106e-65	51072
399	[3.47409204e-33 5.27046763e-33]	3.984714453516106e-65	51200
400	[3.47409204e-33 5.27046763e-33]	3.984714453516106e-65	51328
401	[3.47409204e-33 5.27046763e-33]	3.984714453516106e-65	51456
402	[3.47409204e-33 5.27046763e-33]	3.984714453516106e-65	51584
403	[3.47409204e-33 5.27046763e-33]	3.984714453516106e-65	51712
404	[3.47409204e-33 5.27046763e-33]	3.984714453516106e-65	51840
405	[-1.60887815e-33  1.16766639e-33]	3.951933689021079e-66	51968
406	[-1.60887815e-33  1.16766639e-33]	3.951933689021079e-66	52096
407	[ 7.6045341e-34 -8.9276553e-34]	1.3753196799277928e-66	52224
408	[ 7.6045341e-34 -8.9276553e-34]	1.3753196799277928e-66	52352
409	[ 7.6045341e-34 -8.9276553e-34]	1.3753196799277928e-66	52480
410	[7.91444046e-34 1.27846161e-34]	6.427283188248179e-67	52608
411	[1.65179853e-34 4.75922259e-34]	2.5378638075825928e-67	52736
412	[1.65179853e-34 4.75922259e-34]	2.5378638075825928e-67	52864
413	[1.65179853e-34 4.75922259e-34]	2.5378638075825928e-67	52992
414	[1.65179853e-34 4.75922259e-34]	2.5378638075825928e-67	53120
415	[1.65179853e-34 4.75922259e-34]	2.5378638075825928e-67	53248
416	[-4.66482424e-34 -1.27773169e-34]	2.3393183463471464e-67	53376
417	[-4.66482424e-34 -1.27773169e-34]	2.3393183463471464e-67	53504
418	[-4.66482424e-34 -1.27773169e-34]	2.3393183463471464e-67	53632
419	[ 9.64895259e-35 -2.65899543e-34]	8.001279582417545e-68	53760
420	[ 9.64895259e-35 -2.65899543e-34]	8.001279582417545e-68	53888
421	[ 9.64895259e-35 -2.65899543e-34]	8.001279582417545e-68	54016
422	[6.24427596e-35 2.23311912e-34]	5.3767308349786226e-68	54144
423	[6.24427596e-35 2.23311912e-34]	5.3767308349786226e-68	54272
424	[-1.05745341e-35  2.23341488e-34]	4.999324103619371e-68	54400
425	[ 3.08330312e-35 -1.63215015e-35]	1.217067221979557e-69	54528
426	[ 3.08330312e-35 -1.63215015e-35]	1.217067221979557e-69	54656
427	[ 3.08330312e-35 -1.63215015e-35]	1.217067221979557e-69	54784
428	[ 3.08330312e-35 -1.63215015e-35]	1.217067221979557e-69	54912
429	[ 3.08330312e-35 -1.63215015e-35]	1.217067221979557e-69	55040
430	[ 3.08330312e-35 -1.63215015e-35]	1.217067221979557e-69	55168
431	[ 3.08330312e-35 -1.63215015e-35]	1.217067221979557e-69	55296
432	[ 3.08330312e-35 -1.63215015e-35]	1.217067221979557e-69	55424
433	[ 3.08330312e-35 -1.63215015e-35]	1.217067221979557e-69	55552
434	[-1.16612865e-35  5.51367482e-36]	1.663862135604395e-70	55680
435	[-1.16612865e-35  5.51367482e-36]	1.663862135604395e-70	55808
436	[-1.16612865e-35  5.51367482e-36]	1.663862135604395e-70	55936
437	[-1.16612865e-35  5.51367482e-36]	1.663862135604395e-70	56064
438	[-1.16612865e-35  5.51367482e-36]	1.663862135604395e-70	56192
439	[ 1.22714561e-35 -3.32368584e-36]	1.6163552345760157e-70	56320
440	[5.91961266e-37 4.90782900e-36]	2.4437203672406057e-71	56448
441	[5.91961266e-37 4.90782900e-36]	2.4437203672406057e-71	56576
442	[5.91961266e-37 4.90782900e-36]	2.4437203672406057e-71	56704
443	[5.91961266e-37 4.90782900e-36]	2.4437203672406057e-71	56832
444	[5.91961266e-37 4.90782900e-36]	2.4437203672406057e-71	56960
445	[ 3.88180234e-37 -1.28045813e-36]	1.790256915952384e-72	57088
446	[-8.08673707e-37 -1.00162962e-36]	1.65721505548928e-72	57216
447	[-8.08673707e-37 -1.00162962e-36]	1.65721505548928e-72	57344
448	[-8.08673707e-37 -1.00162962e-36]	1.65721505548928e-72	57472
449	[-8.08673707e-37 -1.00162962e-36]	1.65721505548928e-72	57600
450	[-8.08673707e-37 -1.00162962e-36]	1.65721505548928e-72	57728
451	[-8.08673707e-37 -1.00162962e-36]	1.65721505548928e-72	57856
452	[ 3.88180234e-37 -9.40253158e-37]	1.034759894547319e-72	57984
453	[ 3.88180234e-37 -9.40253158e-37]	1.034759894547319e-72	58112
454	[-4.58666694e-37  7.50479832e-37]	7.73595113816058e-73	58240
455	[-4.58666694e-37  7.50479832e-37]	7.73595113816058e-73	58368
456	[-1.78032268e-37  6.34711158e-37]	4.3455374243803473e-73	58496
457	[-2.10534326e-37 -7.38249957e-38]	4.977483235467951e-74	58624
458	[-2.10534326e-37 -7.38249957e-38]	4.977483235467951e-74	58752
459	[ 1.25938200e-37 -3.35173939e-38]	1.6983845825420428e-74	58880
460	[ 1.25938200e-37 -3.35173939e-38]	1.6983845825420428e-74	59008
461	[ 1.25938200e-37 -3.35173939e-38]	1.6983845825420428e-74	59136
462	[ 1.25938200e-37 -3.35173939e-38]	1.6983845825420428e-74	59264
463	[ 2.10094570e-38 -7.38424552e-39]	4.9592436440070497e-76	59392
464	[ 2.10094570e-38 -7.38424552e-39]	4.9592436440070497e-76	59520
465	[ 2.10094570e-38 -7.38424552e-39]	4.9592436440070497e-76	59648
466	[ 2.10094570e-38 -7.38424552e-39]	4.9592436440070497e-76	59776
467	[ 2.10094570e-38 -7.38424552e-39]	4.9592436440070497e-76	59904
468	[ 2.10094570e-38 -7.38424552e-39]	4.9592436440070497e-76	60032
469	[ 2.10094570e-38 -7.38424552e-39]	4.9592436440070497e-76	60160
470	[ 2.10094570e-38 -7.38424552e-39]	4.9592436440070497e-76	60288
471	[ 2.10094570e-38 -7.38424552e-39]	4.9592436440070497e-76	60416
472	[ 2.10094570e-38 -7.38424552e-39]	4.9592436440070497e-76	60544
473	[5.61746061e-39 1.39728305e-38]	2.2679585602162237e-76	60672
474	[5.61746061e-39 1.39728305e-38]	2.2679585602162237e-76	60800
475	[5.61746061e-39 1.39728305e-38]	2.2679585602162237e-76	60928
476	[5.61746061e-39 1.39728305e-38]	2.2679585602162237e-76	61056
477	[-9.45120919e-39  5.82981210e-39]	1.233120642505494e-76	61184
478	[-9.45120919e-39 -6.99379699e-40]	8.981448704510116e-77	61312
479	[7.17142024e-39 4.85269307e-39]	7.497789828581785e-77	61440
480	[-2.90086053e-39  7.97677673e-40]	9.05128150295452e-78	61568
481	[-2.90086053e-39  7.97677673e-40]	9.05128150295452e-78	61696
482	[-2.90086053e-39  7.97677673e-40]	9.05128150295452e-78	61824
483	[-2.90086053e-39  7.97677673e-40]	9.05128150295452e-78	61952
484	[-2.90086053e-39  7.97677673e-40]	9.05128150295452e-78	62080
485	[-2.90086053e-39  7.97677673e-40]	9.05128150295452e-78	62208
486	[-2.90086053e-39  7.97677673e-40]	9.05128150295452e-78	62336
487	[ 4.69356745e-40 -2.74495904e-39]	7.755095864899949e-78	62464
488	[ 4.69356745e-40 -2.74495904e-39]	7.755095864899949e-78	62592
489	[-1.46040341e-39  1.24023779e-39]	3.6709678815268984e-78	62720
490	[ 1.11501105e-40 -8.89779934e-40]	8.041408273204618e-79	62848
491	[ 1.11501105e-40 -8.89779934e-40]	8.041408273204618e-79	62976
492	[-2.72777238e-40  4.19406691e-41]	7.616644124359056e-80	63104
493	[-2.72777238e-40  4.19406691e-41]	7.616644124359056e-80	63232
494	[-2.72777238e-40  4.19406691e-41]	7.616644124359056e-80	63360
495	[-2.58333404e-40 -6.57531153e-41]	7.10596195515158e-80	63488
496	[-2.58333404e-40 -6.57531153e-41]	7.10596195515158e-80	63616
497	[-8.10967712e-41 -5.95130402e-41]	1.011848824506963e-80	63744
498	[-8.10967712e-41 -5.95130402e-41]	1.011848824506963e-80	63872
499	[-8.10967712e-41 -5.95130402e-41]	1.011848824506963e-80	64000
500	[-8.10967712e-41 -5.95130402e-41]	1.011848824506963e-80	64128
501	[-8.10967712e-41 -5.95130402e-41]	1.011848824506963e-80	64256
502	[-5.19795836e-41  3.45306948e-41]	3.894245999041755e-81	64384
503	[-5.19795836e-41  3.45306948e-41]	3.894245999041755e-81	64512
504	[-5.19795836e-41  3.45306948e-41]	3.894245999041755e-81	64640
505	[-5.19795836e-41  3.45306948e-41]	3.894245999041755e-81	64768
506	[-5.19795836e-41  3.45306948e-41]	3.894245999041755e-81	64896
507	[2.40075927e-41 1.36060432e-44]	5.763646934530089e-82	65024
508	[2.40075927e-41 1.36060432e-44]	5.763646934530089e-82	65152
509	[2.40075927e-41 1.36060432e-44]	5.763646934530089e-82	65280
510	[2.40075927e-41 1.36060432e-44]	5.763646934530089e-82	65408
511	[2.40075927e-41 1.36060432e-44]	5.763646934530089e-82	65536
512	[-5.91623448e-42  1.21623864e-41]	1.8292547397781988e-82	65664
513	[-5.91623448e-42  1.21623864e-41]	1.8292547397781988e-82	65792
514	[-5.91623448e-42  1.21623864e-41]	1.8292547397781988e-82	65920
515	[-5.91623448e-42  1.21623864e-41]	1.8292547397781988e-82	66048
516	[-5.91623448e-42  1.21623864e-41]	1.8292547397781988e-82	66176
517	[-7.24950213e-42  8.47059391e-42]	1.2430624229007039e-82	66304
518	[5.41415320e-42 1.24195753e-42]	3.08555134429416e-83	66432
519	[5.41415320e-42 1.24195753e-42]	3.08555134429416e-83	66560
520	[5.41415320e-42 1.24195753e-42]	3.08555134429416e-83	66688
521	[5.41415320e-42 1.24195753e-42]	3.08555134429416e-83	66816
522	[5.41415320e-42 1.24195753e-42]	3.08555134429416e-83	66944
523	[ 2.02267413e-42 -1.81766448e-42]	7.395114821107004e-84	67072
524	[ 2.02267413e-42 -1.81766448e-42]	7.395114821107004e-84	67200
525	[-7.98312418e-43  4.43898821e-43]	8.343488796775111e-85	67328
526	[-7.98312418e-43  4.43898821e-43]	8.343488796775111e-85	67456
527	[-7.98312418e-43  4.43898821e-43]	8.343488796775111e-85	67584
528	[-5.23646986e-43  2.28535069e-43]	3.2643444383869795e-85	67712
529	[-5.23646986e-43  2.28535069e-43]	3.2643444383869795e-85	67840
530	[-5.23646986e-43  2.28535069e-43]	3.2643444383869795e-85	67968
531	[-5.23646986e-43  2.28535069e-43]	3.2643444383869795e-85	68096
532	[-5.23646986e-43  2.28535069e-43]	3.2643444383869795e-85	68224
533	[-5.23646986e-43  2.28535069e-43]	3.2643444383869795e-85	68352
534	[-1.83237035e-43 -2.12837606e-43]	7.887565764388629e-86	68480
535	[-1.83237035e-43 -2.12837606e-43]	7.887565764388629e-86	68608
536	[ 1.89019260e-43 -1.32913987e-43]	5.3394408665241404e-86	68736
537	[-2.84111851e-44 -1.09766297e-43]	1.2855835332677033e-86	68864
538	[-2.84111851e-44 -1.09766297e-43]	1.2855835332677033e-86	68992
539	[-2.84111851e-44 -1.09766297e-43]	1.2855835332677033e-86	69120
540	[-2.84111851e-44 -1.09766297e-43]	1.2855835332677033e-86	69248
541	[-2.84111851e-44 -1.09766297e-43]	1.2855835332677033e-86	69376
542	[6.40722191e-44 3.87737962e-45]	4.120283332103378e-87	69504
543	[6.40722191e-44 3.87737962e-45]	4.120283332103378e-87	69632
544	[6.40722191e-44 3.87737962e-45]	4.120283332103378e-87	69760
545	[-5.66523414e-44 -9.49260958e-45]	3.2995974250126212e-87	69888
546	[-5.55972580e-45  1.36993695e-44]	2.185832759887969e-88	70016
547	[-5.55972580e-45  1.36993695e-44]	2.185832759887969e-88	70144
548	[-5.55972580e-45  1.36993695e-44]	2.185832759887969e-88	70272
549	[-5.55972580e-45  1.36993695e-44]	2.185832759887969e-88	70400
550	[-5.55972580e-45  1.36993695e-44]	2.185832759887969e-88	70528
551	[-5.55972580e-45  1.36993695e-44]	2.185832759887969e-88	70656
552	[-5.20136469e-45  4.91933799e-45]	5.125408091841281e-89	70784
553	[-5.20136469e-45  4.91933799e-45]	5.125408091841281e-89	70912
554	[-5.20136469e-45  4.91933799e-45]	5.125408091841281e-89	71040
555	[-2.91476903e-45  4.39775719e-45]	2.7836146741056288e-89	71168
556	[-2.91476903e-45  4.39775719e-45]	2.7836146741056288e-89	71296
557	[-2.91476903e-45  4.39775719e-45]	2.7836146741056288e-89	71424
558	[-2.91476903e-45  4.39775719e-45]	2.7836146741056288e-89	71552
559	[4.52714038e-45 1.66249145e-45]	2.325887782317369e-89	71680
560	[-3.00642640e-45  2.97064221e-45]	1.7863314841500732e-89	71808
561	[-2.04055038e-45 -2.40769854e-45]	9.960858114779632e-90	71936
562	[1.28075383e-45 2.77407446e-45]	9.33581947988131e-90	72064
563	[1.28075383e-45 2.77407446e-45]	9.33581947988131e-90	72192
564	[-1.27462130e-45 -5.27069258e-46]	1.9024614660279172e-90	72320
565	[-5.81332940e-46  1.21898941e-45]	1.8238831727598254e-90	72448
566	[-5.81332940e-46  1.21898941e-45]	1.8238831727598254e-90	72576
567	[-5.81332940e-46  1.21898941e-45]	1.8238831727598254e-90	72704
568	[3.36527707e-46 6.81961468e-46]	5.783223418003176e-91	72832
569	[3.36527707e-46 6.81961468e-46]	5.783223418003176e-91	72960
570	[3.36527707e-46 6.81961468e-46]	5.783223418003176e-91	73088
571	[3.36527707e-46 6.81961468e-46]	5.783223418003176e-91	73216
572	[-6.54249315e-47 -6.35317240e-46]	4.0790841734572625e-91	73344
573	[-2.65769817e-47  1.21338679e-46]	1.5429410932022686e-92	73472
574	[-2.65769817e-47  1.21338679e-46]	1.5429410932022686e-92	73600
575	[-2.65769817e-47  1.21338679e-46]	1.5429410932022686e-92	73728
576	[ 5.45333136e-47 -2.08209291e-47]	3.40739338158035e-93	73856
577	[ 5.45333136e-47 -2.08209291e-47]	3.40739338158035e-93	73984
578	[ 5.45333136e-47 -2.08209291e-47]	3.40739338158035e-93	74112
579	[ 5.45333136e-47 -2.08209291e-47]	3.40739338158035e-93	74240
580	[ 5.45333136e-47 -2.08209291e-47]	3.40739338158035e-93	74368
581	[ 5.45333136e-47 -2.08209291e-47]	3.40739338158035e-93	74496
582	[ 5.45333136e-47 -2.08209291e-47]	3.40739338158035e-93	74624
583	[ 5.45333136e-47 -2.08209291e-47]	3.40739338158035e-93	74752
584	[ 5.45333136e-47 -2.08209291e-47]	3.40739338158035e-93	74880
585	[ 5.45333136e-47 -2.08209291e-47]	3.40739338158035e-93	75008
586	[ 5.45333136e-47 -2.08209291e-47]	3.40739338158035e-93	75136
587	[3.71297434e-48 2.97386184e-47]	8.981716052084337e-94	75264
588	[3.71297434e-48 2.97386184e-47]	8.981716052084337e-94	75392
589	[2.22279878e-47 3.00894829e-48]	5.031372116040622e-94	75520
590	[2.22279878e-47 3.00894829e-48]	5.031372116040622e-94	75648
591	[ 1.35700897e-47 -1.57417056e-47]	4.319486303125767e-94	75776
592	[ 1.35700897e-47 -1.57417056e-47]	4.319486303125767e-94	75904
593	[ 1.43891628e-47 -5.65827476e-48]	2.3906407887484325e-94	76032
594	[2.55388608e-48 4.89781078e-48]	3.051088450745625e-95	76160
595	[2.55388608e-48 4.89781078e-48]	3.051088450745625e-95	76288
596	[4.77108963e-48 1.04707751e-48]	2.3859667564655015e-95	76416
597	[5.50257232e-49 8.62206347e-49]	1.046182805984383e-96	76544
598	[5.50257232e-49 8.62206347e-49]	1.046182805984383e-96	76672
599	[5.50257232e-49 8.62206347e-49]	1.046182805984383e-96	76800
600	[ 2.61699559e-49 -9.55684277e-49]	9.81819096543071e-97	76928
601	[ 2.61699559e-49 -9.55684277e-49]	9.81819096543071e-97	77056
602	[ 2.61699559e-49 -9.55684277e-49]	9.81819096543071e-97	77184
603	[ 2.61699559e-49 -9.55684277e-49]	9.81819096543071e-97	77312
604	[ 2.61699559e-49 -9.55684277e-49]	9.81819096543071e-97	77440
605	[ 2.61699559e-49 -9.55684277e-49]	9.81819096543071e-97	77568
606	[ 2.61699559e-49 -9.55684277e-49]	9.81819096543071e-97	77696
607	[ 2.61699559e-49 -9.55684277e-49]	9.81819096543071e-97	77824
608	[ 2.61699559e-49 -9.55684277e-49]	9.81819096543071e-97	77952
609	[1.24791187e-49 3.17365894e-49]	1.1629395078283727e-97	78080
610	[1.24791187e-49 3.17365894e-49]	1.1629395078283727e-97	78208
611	[1.24791187e-49 3.17365894e-49]	1.1629395078283727e-97	78336
612	[1.24791187e-49 3.17365894e-49]	1.1629395078283727e-97	78464
613	[1.24791187e-49 3.17365894e-49]	1.1629395078283727e-97	78592
614	[1.24791187e-49 3.17365894e-49]	1.1629395078283727e-97	78720
615	[1.24791187e-49 3.17365894e-49]	1.1629395078283727e-97	78848
616	[1.24791187e-49 3.17365894e-49]	1.1629395078283727e-97	78976
617	[ 8.71226608e-50 -4.85354587e-50]	9.946048775933918e-99	79104
618	[ 8.71226608e-50 -4.85354587e-50]	9.946048775933918e-99	79232
619	[ 8.71226608e-50 -4.85354587e-50]	9.946048775933918e-99	79360
620	[ 8.71226608e-50 -4.85354587e-50]	9.946048775933918e-99	79488
621	[-6.45154350e-50  1.08359194e-50]	4.279658496189665e-99	79616
622	[-6.45154350e-50  1.08359194e-50]	4.279658496189665e-99	79744
623	[-9.77938506e-51  4.70210599e-51]	1.177461728096026e-100	79872
624	[-9.77938506e-51  4.70210599e-51]	1.177461728096026e-100	80000
625	[-9.77938506e-51  4.70210599e-51]	1.177461728096026e-100	80128
626	[-9.77938506e-51  4.70210599e-51]	1.177461728096026e-100	80256
627	[-9.77938506e-51  4.70210599e-51]	1.177461728096026e-100	80384
628	[-9.77938506e-51  4.70210599e-51]	1.177461728096026e-100	80512
629	[-9.77938506e-51  4.70210599e-51]	1.177461728096026e-100	80640
630	[-1.09215364e-51  7.09937808e-51]	5.1593968620287566e-101	80768
631	[-1.09215364e-51  7.09937808e-51]	5.1593968620287566e-101	80896
632	[-1.09215364e-51  7.09937808e-51]	5.1593968620287566e-101	81024
633	[4.30520969e-51 3.05522074e-51]	2.7869204284693783e-101	81152
634	[4.30520969e-51 3.05522074e-51]	2.7869204284693783e-101	81280
635	[4.30520969e-51 3.05522074e-51]	2.7869204284693783e-101	81408
636	[4.30520969e-51 3.05522074e-51]	2.7869204284693783e-101	81536
637	[-4.74902117e-51 -1.16142640e-51]	2.390211335966033e-101	81664
638	[-4.74902117e-51 -1.16142640e-51]	2.390211335966033e-101	81792
639	[-4.74902117e-51 -1.16142640e-51]	2.390211335966033e-101	81920
640	[ 8.38821598e-52 -1.41918659e-51]	2.7177122596367806e-102	82048
641	[ 8.38821598e-52 -1.41918659e-51]	2.7177122596367806e-102	82176
642	[ 2.90846563e-52 -1.47365904e-51]	2.256262703424997e-102	82304
643	[ 6.38495112e-52 -2.15392872e-52]	4.540700969369904e-103	82432
644	[ 6.38495112e-52 -2.15392872e-52]	4.540700969369904e-103	82560
645	[ 6.38495112e-52 -2.15392872e-52]	4.540700969369904e-103	82688
646	[ 6.38495112e-52 -2.15392872e-52]	4.540700969369904e-103	82816
647	[ 6.38495112e-52 -2.15392872e-52]	4.540700969369904e-103	82944
648	[ 4.88104039e-52 -8.25496122e-53]	2.4505999166853824e-103	83072
649	[ 4.88104039e-52 -8.25496122e-53]	2.4505999166853824e-103	83200
650	[ 4.88104039e-52 -8.25496122e-53]	2.4505999166853824e-103	83328
651	[ 4.88104039e-52 -8.25496122e-53]	2.4505999166853824e-103	83456
652	[ 4.88104039e-52 -8.25496122e-53]	2.4505999166853824e-103	83584
653	[-8.2419095e-53  2.4320531e-52]	6.594172981896226e-104	83712
654	[3.30162583e-53 1.18582235e-52]	1.5151819730134384e-104	83840
655	[3.30162583e-53 1.18582235e-52]	1.5151819730134384e-104	83968
656	[3.30162583e-53 1.18582235e-52]	1.5151819730134384e-104	84096
657	[-4.35862660e-53  9.44869866e-53]	1.0827553230955244e-104	84224
658	[-4.35862660e-53  9.44869866e-53]	1.0827553230955244e-104	84352
659	[-4.35862660e-53  9.44869866e-53]	1.0827553230955244e-104	84480
660	[-4.35862660e-53  9.44869866e-53]	1.0827553230955244e-104	84608
661	[1.85822123e-53 1.17138478e-53]	4.825128449289267e-106	84736
662	[1.85822123e-53 1.17138478e-53]	4.825128449289267e-106	84864
663	[1.85822123e-53 1.17138478e-53]	4.825128449289267e-106	84992
664	[1.85822123e-53 1.17138478e-53]	4.825128449289267e-106	85120
665	[1.85822123e-53 1.17138478e-53]	4.825128449289267e-106	85248
666	[1.85822123e-53 1.17138478e-53]	4.825128449289267e-106	85376
667	[1.85822123e-53 1.17138478e-53]	4.825128449289267e-106	85504
668	[-2.66326881e-54 -2.17811414e-53]	4.815111220487798e-106	85632
669	[-2.66326881e-54 -2.17811414e-53]	4.815111220487798e-106	85760
670	[ 1.49207933e-53 -3.49119682e-54]	2.34818528009605e-106	85888
671	[ 1.12508190e-53 -7.58289606e-54]	1.8408124050793186e-106	86016
672	[-4.10667627e-54 -2.87686043e-54]	2.5141115975874303e-107	86144
673	[ 9.48868581e-55 -4.57801063e-54]	2.185853289330144e-107	86272
674	[ 9.48868581e-55 -4.57801063e-54]	2.185853289330144e-107	86400
675	[ 9.48868581e-55 -4.57801063e-54]	2.185853289330144e-107	86528
676	[ 1.88113970e-54 -2.52376406e-54]	9.908071594654252e-108	86656
677	[ 1.88113970e-54 -2.52376406e-54]	9.908071594654252e-108	86784
678	[1.94137407e-54 8.33335175e-55]	4.463380807113717e-108	86912
679	[1.94137407e-54 8.33335175e-55]	4.463380807113717e-108	87040
680	[1.36258734e-54 7.92736827e-55]	2.485075924395639e-108	87168
681	[1.36258734e-54 7.92736827e-55]	2.485075924395639e-108	87296
682	[1.36258734e-54 7.92736827e-55]	2.485075924395639e-108	87424
683	[1.36258734e-54 7.92736827e-55]	2.485075924395639e-108	87552
684	[-2.58745244e-55 -5.40434175e-55]	3.590181983882178e-109	87680
685	[-2.58745244e-55 -5.40434175e-55]	3.590181983882178e-109	87808
686	[-1.07625506e-55  8.42379743e-56]	1.8679285834519427e-110	87936
687	[-1.07625506e-55  8.42379743e-56]	1.8679285834519427e-110	88064
688	[-1.07625506e-55  8.42379743e-56]	1.8679285834519427e-110	88192
689	[-1.07625506e-55  8.42379743e-56]	1.8679285834519427e-110	88320
690	[-1.07625506e-55  8.42379743e-56]	1.8679285834519427e-110	88448
691	[-1.07625506e-55  8.42379743e-56]	1.8679285834519427e-110	88576
692	[-1.07625506e-55  8.42379743e-56]	1.8679285834519427e-110	88704
693	[7.80140133e-56 7.78111649e-56]	1.2140763651583775e-110	88832
694	[7.80140133e-56 7.78111649e-56]	1.2140763651583775e-110	88960
695	[5.83791368e-56 3.21871707e-56]	4.444137571776544e-111	89088
696	[5.83791368e-56 3.21871707e-56]	4.444137571776544e-111	89216
697	[5.83791368e-56 3.21871707e-56]	4.444137571776544e-111	89344
698	[5.83791368e-56 3.21871707e-56]	4.444137571776544e-111	89472
699	[-6.00405469e-57 -3.50960626e-56]	1.2677822817202687e-111	89600
700	[-6.00405469e-57 -3.50960626e-56]	1.2677822817202687e-111	89728
701	[-6.00405469e-57 -3.50960626e-56]	1.2677822817202687e-111	89856
702	[ 1.32249671e-56 -3.09028919e-56]	1.1298884799021249e-111	89984
703	[ 1.32249671e-56 -3.09028919e-56]	1.1298884799021249e-111	90112
704	[ 1.32249671e-56 -3.09028919e-56]	1.1298884799021249e-111	90240
705	[-1.08498189e-56  1.69135897e-56]	4.0378808524115003e-112	90368
706	[-3.04953463e-57 -1.14228279e-56]	1.3978065842371044e-112	90496
707	[6.97198618e-57 9.06367755e-57]	1.307588421223484e-112	90624
708	[6.97198618e-57 9.06367755e-57]	1.307588421223484e-112	90752
709	[-2.69305189e-57  2.58283207e-57]	1.392354997296667e-113	90880
710	[3.43275968e-58 3.41116758e-57]	1.175390266613925e-113	91008
711	[3.43275968e-58 3.41116758e-57]	1.175390266613925e-113	91136
712	[3.43275968e-58 3.41116758e-57]	1.175390266613925e-113	91264
713	[-1.58990063e-57 -7.81590241e-58]	3.138667330907641e-114	91392
714	[-1.58990063e-57 -7.81590241e-58]	3.138667330907641e-114	91520
715	[-1.58990063e-57 -7.81590241e-58]	3.138667330907641e-114	91648
716	[-1.13354486e-57  8.76840720e-58]	2.0537736074941502e-114	91776
717	[-1.13354486e-57  8.76840720e-58]	2.0537736074941502e-114	91904
718	[-5.81708635e-58  1.21161858e-57]	1.806404524790568e-114	92032
719	[-5.81708635e-58  1.21161858e-57]	1.806404524790568e-114	92160
720	[-9.29003750e-59 -8.60323158e-58]	7.487864154783147e-115	92288
721	[-9.29003750e-59 -8.60323158e-58]	7.487864154783147e-115	92416
722	[-9.29003750e-59 -8.60323158e-58]	7.487864154783147e-115	92544
723	[4.59515800e-58 6.37104479e-58]	6.170568876376e-115	92672
724	[-3.01772068e-58 -1.32926114e-58]	1.0873573315284688e-115	92800
725	[-3.01772068e-58 -1.32926114e-58]	1.0873573315284688e-115	92928
726	[-3.01772068e-58 -1.32926114e-58]	1.0873573315284688e-115	93056
727	[-3.01772068e-58 -1.32926114e-58]	1.0873573315284688e-115	93184
728	[ 5.38673629e-60 -2.23075404e-58]	4.9791652785854754e-116	93312
729	[ 5.38673629e-60 -2.23075404e-58]	4.9791652785854754e-116	93440
730	[ 2.34874837e-59 -1.28851113e-58]	1.715427110875241e-116	93568
731	[ 2.34874837e-59 -1.28851113e-58]	1.715427110875241e-116	93696
732	[ 2.34874837e-59 -1.28851113e-58]	1.715427110875241e-116	93824
733	[ 5.38673629e-60 -1.03343264e-58]	1.0708847107418544e-116	93952
734	[ 3.24082275e-59 -7.55022439e-59]	6.750882044449832e-117	94080
735	[-2.73991916e-59 -2.08586883e-59]	1.1858005787108635e-117	94208
736	[-2.73991916e-59 -2.08586883e-59]	1.1858005787108635e-117	94336
737	[-2.73991916e-59 -2.08586883e-59]	1.1858005787108635e-117	94464
738	[-1.30232654e-60  3.24195807e-60]	1.2206346516097964e-119	94592
739	[-1.30232654e-60  3.24195807e-60]	1.2206346516097964e-119	94720
740	[-1.30232654e-60  3.24195807e-60]	1.2206346516097964e-119	94848
741	[-1.30232654e-60  3.24195807e-60]	1.2206346516097964e-119	94976
742	[-1.30232654e-60  3.24195807e-60]	1.2206346516097964e-119	95104
743	[-1.30232654e-60  3.24195807e-60]	1.2206346516097964e-119	95232
744	[-1.30232654e-60  3.24195807e-60]	1.2206346516097964e-119	95360
745	[-1.30232654e-60  3.24195807e-60]	1.2206346516097964e-119	95488
746	[-1.30232654e-60  3.24195807e-60]	1.2206346516097964e-119	95616
747	[1.23551516e-60 1.30706527e-60]	3.2349173324615815e-120	95744
748	[1.23551516e-60 1.30706527e-60]	3.2349173324615815e-120	95872
749	[1.23551516e-60 1.30706527e-60]	3.2349173324615815e-120	96000
750	[ 1.62366192e-60 -3.43403145e-61]	2.7542037408395293e-120	96128
751	[ 1.62366192e-60 -3.43403145e-61]	2.7542037408395293e-120	96256
752	[ 1.62366192e-60 -3.43403145e-61]	2.7542037408395293e-120	96384
753	[ 1.62366192e-60 -3.43403145e-61]	2.7542037408395293e-120	96512
754	[ 1.62366192e-60 -3.43403145e-61]	2.7542037408395293e-120	96640
755	[ 1.62366192e-60 -3.43403145e-61]	2.7542037408395293e-120	96768
756	[1.16721141e-60 1.64365518e-61]	1.3893985023413842e-120	96896
757	[1.16721141e-60 1.64365518e-61]	1.3893985023413842e-120	97024
758	[1.16721141e-60 1.64365518e-61]	1.3893985023413842e-120	97152
759	[1.16721141e-60 1.64365518e-61]	1.3893985023413842e-120	97280
760	[1.16721141e-60 1.64365518e-61]	1.3893985023413842e-120	97408
761	[1.16721141e-60 1.64365518e-61]	1.3893985023413842e-120	97536
762	[8.86155545e-61 6.45188683e-61]	1.2015400851134216e-120	97664
763	[-6.58692098e-61 -7.16556527e-61]	9.473285370907428e-121	97792
764	[-1.12163859e-61 -3.17994599e-61]	1.1370129646533633e-121	97920
765	[-1.12163859e-61 -3.17994599e-61]	1.1370129646533633e-121	98048
766	[ 1.05179813e-61 -1.96519719e-61]	4.968279310984019e-122	98176
767	[ 1.05179813e-61 -1.96519719e-61]	4.968279310984019e-122	98304
768	[ 1.05179813e-61 -1.96519719e-61]	4.968279310984019e-122	98432
769	[ 1.05179813e-61 -1.96519719e-61]	4.968279310984019e-122	98560
770	[ 1.05179813e-61 -1.96519719e-61]	4.968279310984019e-122	98688
771	[1.84368921e-61 2.37299091e-62]	3.455500771904521e-122	98816
772	[ 1.36887389e-62 -5.66082692e-62]	3.3918777170114064e-123	98944
773	[ 1.36887389e-62 -5.66082692e-62]	3.3918777170114064e-123	99072
774	[ 1.36887389e-62 -5.66082692e-62]	3.3918777170114064e-123	99200
775	[ 1.36887389e-62 -5.66082692e-62]	3.3918777170114064e-123	99328
776	[ 1.36887389e-62 -5.66082692e-62]	3.3918777170114064e-123	99456
777	[-6.58134120e-63 -1.14966251e-62]	1.7548644179523722e-124	99584
778	[-6.58134120e-63 -1.14966251e-62]	1.7548644179523722e-124	99712
779	[-6.58134120e-63 -1.14966251e-62]	1.7548644179523722e-124	99840
780	[-6.58134120e-63 -1.14966251e-62]	1.7548644179523722e-124	99968
781	[-6.58134120e-63 -1.14966251e-62]	1.7548644179523722e-124	100096
#Result: mean = 0.0015278206059441066	std = 0.02768737150633904