#GEN	x_best	f(x_best)	#eval
0	[ 0.03045573 -0.18281086]	0.03434736096530354	1024
1	[ 0.03045573 -0.18281086]	0.03434736096530354	2048
2	[ 0.03045573 -0.18281086]	0.03434736096530354	3072
3	[-0.00290084  0.13640429]	0.0186145448345116	4096
4	[ 0.00272193 -0.09277662]	0.008614909399616835	5120
5	[ 0.07625184 -0.01129664]	0.005941957810433197	6144
6	[ 0.07625184 -0.01129664]	0.005941957810433197	7168
7	[-0.06321232  0.03235611]	0.005042715513046238	8192
8	[-0.00591536 -0.01901202]	0.00039644858947125895	9216
9	[-0.0165896   0.00713934]	0.0003261849065529542	10240
10	[-0.0165896   0.00713934]	0.0003261849065529542	11264
11	[-0.0165896   0.00713934]	0.0003261849065529542	12288
12	[ 0.00452251 -0.01301171]	0.00018975775226028724	13312
13	[ 0.00452251 -0.01301171]	0.00018975775226028724	14336
14	[ 0.00452251 -0.01301171]	0.00018975775226028724	15360
15	[ 0.00452251 -0.01301171]	0.00018975775226028724	16384
16	[ 0.00452251 -0.01301171]	0.00018975775226028724	17408
17	[0.00046522 0.00373541]	1.4169724748700028e-05	18432
18	[0.00046522 0.00373541]	1.4169724748700028e-05	19456
19	[0.00046522 0.00373541]	1.4169724748700028e-05	20480
20	[0.00046522 0.00373541]	1.4169724748700028e-05	21504
21	[0.00046522 0.00373541]	1.4169724748700028e-05	22528
22	[0.00046522 0.00373541]	1.4169724748700028e-05	23552
23	[0.00136677 0.00023145]	1.9216430541413326e-06	24576
24	[ 4.65224455e-04 -1.16812265e-05]	2.1657024421508504e-07	25600
25	[ 4.65224455e-04 -1.16812265e-05]	2.1657024421508504e-07	26624
26	[ 4.65224455e-04 -1.16812265e-05]	2.1657024421508504e-07	27648
27	[ 4.65224455e-04 -1.16812265e-05]	2.1657024421508504e-07	28672
28	[ 4.65224455e-04 -1.16812265e-05]	2.1657024421508504e-07	29696
29	[ 4.65224455e-04 -1.16812265e-05]	2.1657024421508504e-07	30720
30	[ 4.65224455e-04 -1.16812265e-05]	2.1657024421508504e-07	31744
31	[ 4.65224455e-04 -1.16812265e-05]	2.1657024421508504e-07	32768
32	[-0.00015816 -0.00019719]	6.390078491085097e-08	33792
33	[-0.00017918 -0.00017077]	6.126610748794411e-08	34816
34	[-0.00017918 -0.00017077]	6.126610748794411e-08	35840
35	[-0.00017918 -0.00017077]	6.126610748794411e-08	36864
36	[-0.00017918 -0.00017077]	6.126610748794411e-08	37888
37	[-0.00017918 -0.00017077]	6.126610748794411e-08	38912
38	[-0.00017918 -0.00017077]	6.126610748794411e-08	39936
39	[-0.00017918 -0.00017077]	6.126610748794411e-08	40960
40	[-1.04421480e-04  3.09092181e-05]	1.1859225175024588e-08	41984
41	[-1.04421480e-04  3.09092181e-05]	1.1859225175024588e-08	43008
42	[ 6.45624353e-05 -2.76584339e-05]	4.933297018585652e-09	44032
43	[ 6.45624353e-05 -2.76584339e-05]	4.933297018585652e-09	45056
44	[ 6.45624353e-05 -2.76584339e-05]	4.933297018585652e-09	46080
45	[ 5.14434153e-05 -1.75986436e-05]	2.9561372295759897e-09	47104
46	[-2.45625902e-05  1.31408437e-05]	7.76002613755382e-10	48128
47	[-2.45625902e-05  1.31408437e-05]	7.76002613755382e-10	49152
48	[ 2.43315008e-05 -5.48426653e-06]	6.220991122085262e-10	50176
49	[ 2.43315008e-05 -5.48426653e-06]	6.220991122085262e-10	51200
50	[1.97005363e-05 9.00993621e-07]	3.889229207967002e-10	52224
51	[1.97005363e-05 9.00993621e-07]	3.889229207967002e-10	53248
52	[1.97005363e-05 9.00993621e-07]	3.889229207967002e-10	54272
53	[8.03442425e-06 5.57303628e-06]	9.561070647263671e-11	55296
54	[8.03442425e-06 5.57303628e-06]	9.561070647263671e-11	56320
55	[ 6.48297525e-06 -5.68199654e-06]	7.43140528420748e-11	57344
56	[-2.89620493e-06  1.79509529e-06]	1.1610370072806295e-11	58368
57	[-2.89620493e-06  1.79509529e-06]	1.1610370072806295e-11	59392
58	[3.08300079e-06 2.34750878e-08]	9.505444962842023e-12	60416
59	[3.08300079e-06 2.34750878e-08]	9.505444962842023e-12	61440
60	[3.08300079e-06 2.34750878e-08]	9.505444962842023e-12	62464
61	[ 1.48453154e-07 -2.91743954e-07]	1.071528740091338e-13	63488
62	[ 1.48453154e-07 -2.91743954e-07]	1.071528740091338e-13	64512
63	[ 1.48453154e-07 -2.91743954e-07]	1.071528740091338e-13	65536
64	[5.07566844e-08 2.15442727e-07]	4.899180981265398e-14	66560
65	[5.07566844e-08 2.15442727e-07]	4.899180981265398e-14	67584
66	[5.07566844e-08 2.15442727e-07]	4.899180981265398e-14	68608
67	[5.07566844e-08 2.15442727e-07]	4.899180981265398e-14	69632
68	[5.07566844e-08 2.15442727e-07]	4.899180981265398e-14	70656
69	[5.07566844e-08 2.15442727e-07]	4.899180981265398e-14	71680
70	[5.07566844e-08 2.15442727e-07]	4.899180981265398e-14	72704
71	[5.07566844e-08 2.15442727e-07]	4.899180981265398e-14	73728
72	[ 7.20512847e-09 -2.34862736e-09]	5.742992669098108e-17	74752
73	[ 7.20512847e-09 -2.34862736e-09]	5.742992669098108e-17	75776
74	[ 7.20512847e-09 -2.34862736e-09]	5.742992669098108e-17	76800
75	[ 7.20512847e-09 -2.34862736e-09]	5.742992669098108e-17	77824
76	[ 7.20512847e-09 -2.34862736e-09]	5.742992669098108e-17	78848
77	[ 7.20512847e-09 -2.34862736e-09]	5.742992669098108e-17	79872
78	[ 7.20512847e-09 -2.34862736e-09]	5.742992669098108e-17	80896
79	[ 7.20512847e-09 -2.34862736e-09]	5.742992669098108e-17	81920
80	[ 7.20512847e-09 -2.34862736e-09]	5.742992669098108e-17	82944
81	[ 7.20512847e-09 -2.34862736e-09]	5.742992669098108e-17	83968
82	[ 7.20512847e-09 -2.34862736e-09]	5.742992669098108e-17	84992
83	[ 7.20512847e-09 -2.34862736e-09]	5.742992669098108e-17	86016
84	[ 7.20512847e-09 -2.34862736e-09]	5.742992669098108e-17	87040
85	[ 7.20512847e-09 -2.34862736e-09]	5.742992669098108e-17	88064
86	[ 7.20512847e-09 -2.34862736e-09]	5.742992669098108e-17	89088
87	[ 7.20512847e-09 -2.34862736e-09]	5.742992669098108e-17	90112
88	[ 7.20512847e-09 -2.34862736e-09]	5.742992669098108e-17	91136
89	[ 7.20512847e-09 -2.34862736e-09]	5.742992669098108e-17	92160
90	[ 7.20512847e-09 -2.34862736e-09]	5.742992669098108e-17	93184
91	[ 7.20512847e-09 -2.34862736e-09]	5.742992669098108e-17	94208
92	[ 7.20512847e-09 -2.34862736e-09]	5.742992669098108e-17	95232
93	[ 7.20512847e-09 -2.34862736e-09]	5.742992669098108e-17	96256
94	[-5.20169787e-09 -2.09675525e-10]	2.71016245296329e-17	97280
95	[-2.64538856e-09 -7.68832493e-10]	7.589184023955909e-18	98304
96	[-2.64538856e-09 -7.68832493e-10]	7.589184023955909e-18	99328
97	[-2.64538856e-09 -7.68832493e-10]	7.589184023955909e-18	100352
#Result: mean = 0.0015266446061924356	std = 0.00625009288617272