#GEN	x_best	f(x_best)	#eval
0	[-0.382738    0.71248365]	0.6541213263705041	128
1	[ 0.29983231 -0.06103217]	0.09362434080598862	256
2	[ 0.29983231 -0.06103217]	0.09362434080598862	384
3	[ 0.12421799 -0.02473052]	0.016041708728159142	512
4	[ 0.12421799 -0.02473052]	0.016041708728159142	640
5	[ 0.12421799 -0.02473052]	0.016041708728159142	768
6	[ 0.12421799 -0.02473052]	0.016041708728159142	896
7	[ 0.12421799 -0.02473052]	0.016041708728159142	1024
8	[ 0.06480401 -0.07943338]	0.010509222492479198	1152
9	[0.04693595 0.08140562]	0.008829858750512511	1280
10	[0.04693595 0.08140562]	0.008829858750512511	1408
11	[0.04693595 0.08140562]	0.008829858750512511	1536
12	[0.00413657 0.00799762]	8.107325399373752e-05	1664
13	[0.00413657 0.00799762]	8.107325399373752e-05	1792
14	[0.00413657 0.00799762]	8.107325399373752e-05	1920
15	[0.00413657 0.00799762]	8.107325399373752e-05	2048
16	[-0.00643723 -0.00149846]	4.368328447947678e-05	2176
17	[-0.00643723 -0.00149846]	4.368328447947678e-05	2304
18	[-0.00643723 -0.00149846]	4.368328447947678e-05	2432
19	[-0.00643723 -0.00149846]	4.368328447947678e-05	2560
20	[-0.00643723 -0.00149846]	4.368328447947678e-05	2688
21	[0.00260571 0.00419189]	2.43616292899037e-05	2816
22	[0.00260571 0.00419189]	2.43616292899037e-05	2944
23	[0.00260571 0.00419189]	2.43616292899037e-05	3072
24	[0.00260571 0.00419189]	2.43616292899037e-05	3200
25	[0.00260571 0.00419189]	2.43616292899037e-05	3328
26	[0.00260571 0.00419189]	2.43616292899037e-05	3456
27	[0.00260571 0.00419189]	2.43616292899037e-05	3584
28	[-4.94799042e-06 -3.39206079e-03]	1.1506100866653344e-05	3712
29	[-4.94799042e-06 -3.39206079e-03]	1.1506100866653344e-05	3840
30	[-4.94799042e-06 -3.39206079e-03]	1.1506100866653344e-05	3968
31	[-0.00218722  0.00189791]	8.385984424955993e-06	4096
32	[-0.00218722  0.00189791]	8.385984424955993e-06	4224
33	[ 0.00101088 -0.00020968]	1.0658504203430176e-06	4352
34	[ 0.00101088 -0.00020968]	1.0658504203430176e-06	4480
35	[ 0.00101088 -0.00020968]	1.0658504203430176e-06	4608
36	[ 3.88404935e-04 -6.70795010e-05]	1.553580529190266e-07	4736
37	[ 3.88404935e-04 -6.70795010e-05]	1.553580529190266e-07	4864
38	[-6.27107088e-05 -3.52937369e-04]	1.2849741950232251e-07	4992
39	[-6.27107088e-05 -3.52937369e-04]	1.2849741950232251e-07	5120
40	[-6.27107088e-05 -3.52937369e-04]	1.2849741950232251e-07	5248
41	[-6.27107088e-05 -3.52937369e-04]	1.2849741950232251e-07	5376
42	[-6.27107088e-05 -3.52937369e-04]	1.2849741950232251e-07	5504
43	[-6.27107088e-05 -3.52937369e-04]	1.2849741950232251e-07	5632
44	[ 0.00022252 -0.00021129]	9.415918954734516e-08	5760
45	[ 0.00022252 -0.00021129]	9.415918954734516e-08	5888
46	[6.56637361e-05 1.78792118e-04]	3.627834764900938e-08	6016
47	[-6.94648149e-05 -5.14912165e-05]	7.476705888429558e-09	6144
48	[-6.94648149e-05 -5.14912165e-05]	7.476705888429558e-09	6272
49	[6.48134878e-05 5.41173765e-05]	7.129478639486968e-09	6400
50	[6.48134878e-05 5.41173765e-05]	7.129478639486968e-09	6528
51	[-1.74722374e-05 -5.71045216e-05]	3.5662054702563715e-09	6656
52	[-1.74722374e-05 -5.71045216e-05]	3.5662054702563715e-09	6784
53	[ 2.64522497e-05 -1.92547635e-05]	1.070467433979269e-09	6912
54	[ 2.64522497e-05 -1.92547635e-05]	1.070467433979269e-09	7040
55	[ 2.64522497e-05 -1.92547635e-05]	1.070467433979269e-09	7168
56	[ 2.64522497e-05 -1.92547635e-05]	1.070467433979269e-09	7296
57	[ 7.33878581e-06 -4.11957803e-06]	7.082870034519272e-11	7424
58	[ 7.33878581e-06 -4.11957803e-06]	7.082870034519272e-11	7552
59	[ 7.33878581e-06 -4.11957803e-06]	7.082870034519272e-11	7680
60	[ 7.33878581e-06 -4.11957803e-06]	7.082870034519272e-11	7808
61	[ 7.33878581e-06 -4.11957803e-06]	7.082870034519272e-11	7936
62	[ 1.95104762e-07 -4.60323587e-06]	2.122784632781594e-11	8064
63	[ 1.95104762e-07 -4.60323587e-06]	2.122784632781594e-11	8192
64	[2.79504570e-06 1.19396201e-06]	9.237825748557415e-12	8320
65	[2.79504570e-06 1.19396201e-06]	9.237825748557415e-12	8448
66	[2.79504570e-06 1.19396201e-06]	9.237825748557415e-12	8576
67	[2.79504570e-06 1.19396201e-06]	9.237825748557415e-12	8704
68	[ 1.19833349e-06 -4.60249112e-07]	1.6478323940898057e-12	8832
69	[ 1.19833349e-06 -4.60249112e-07]	1.6478323940898057e-12	8960
70	[-7.35418361e-07  4.13239242e-07]	7.116068366606662e-13	9088
71	[-7.35418361e-07  4.13239242e-07]	7.116068366606662e-13	9216
72	[-7.35418361e-07  4.13239242e-07]	7.116068366606662e-13	9344
73	[-7.35418361e-07  4.13239242e-07]	7.116068366606662e-13	9472
74	[-1.14422781e-07 -4.42165562e-08]	1.5047676764687416e-14	9600
75	[-1.14422781e-07 -4.42165562e-08]	1.5047676764687416e-14	9728
76	[-1.14422781e-07 -4.42165562e-08]	1.5047676764687416e-14	9856
77	[-1.14422781e-07 -4.42165562e-08]	1.5047676764687416e-14	9984
78	[-1.14422781e-07 -4.42165562e-08]	1.5047676764687416e-14	10112
79	[-1.14422781e-07 -4.42165562e-08]	1.5047676764687416e-14	10240
80	[-1.14422781e-07 -4.42165562e-08]	1.5047676764687416e-14	10368
81	[-1.14422781e-07 -4.42165562e-08]	1.5047676764687416e-14	10496
82	[-9.24201588e-09 -2.80334469e-08]	8.712890032987122e-16	10624
83	[-9.24201588e-09 -2.80334469e-08]	8.712890032987122e-16	10752
84	[-9.24201588e-09 -2.80334469e-08]	8.712890032987122e-16	10880
85	[-9.24201588e-09 -2.80334469e-08]	8.712890032987122e-16	11008
86	[ 1.61602565e-08 -2.12825763e-08]	7.141019452826867e-16	11136
87	[ 1.61602565e-08 -2.12825763e-08]	7.141019452826867e-16	11264
88	[ 1.61602565e-08 -2.12825763e-08]	7.141019452826867e-16	11392
89	[4.35811863e-09 1.06345875e-08]	1.3208764838603634e-16	11520
90	[4.35811863e-09 1.06345875e-08]	1.3208764838603634e-16	11648
91	[4.35811863e-09 1.06345875e-08]	1.3208764838603634e-16	11776
92	[4.35811863e-09 1.06345875e-08]	1.3208764838603634e-16	11904
93	[4.35811863e-09 1.06345875e-08]	1.3208764838603634e-16	12032
94	[4.35811863e-09 1.06345875e-08]	1.3208764838603634e-16	12160
95	[4.35811863e-09 1.06345875e-08]	1.3208764838603634e-16	12288
96	[4.35811863e-09 1.06345875e-08]	1.3208764838603634e-16	12416
97	[-6.43306700e-09  8.60744434e-09]	1.154724491535056e-16	12544
98	[1.58951547e-09 1.01111522e-08]	1.047619590121615e-16	12672
99	[1.58951547e-09 1.01111522e-08]	1.047619590121615e-16	12800
100	[-1.01814674e-09 -8.92446834e-09]	8.068275799701191e-17	12928
101	[-1.97092305e-09  1.42371477e-09]	5.9115014132295e-18	13056
102	[-1.97092305e-09  1.42371477e-09]	5.9115014132295e-18	13184
103	[-1.97092305e-09  1.42371477e-09]	5.9115014132295e-18	13312
104	[-5.06001183e-10  1.17140250e-09]	1.6282210055026606e-18	13440
105	[-5.06001183e-10  1.17140250e-09]	1.6282210055026606e-18	13568
106	[-5.06001183e-10  1.17140250e-09]	1.6282210055026606e-18	13696
107	[-5.06001183e-10  1.17140250e-09]	1.6282210055026606e-18	13824
108	[ 7.58392540e-10 -3.05904931e-10]	6.687370706143173e-19	13952
109	[5.82456455e-10 3.46178266e-10]	4.590949143855556e-19	14080
110	[5.82456455e-10 3.46178266e-10]	4.590949143855556e-19	14208
111	[5.82456455e-10 3.46178266e-10]	4.590949143855556e-19	14336
112	[5.82456455e-10 3.46178266e-10]	4.590949143855556e-19	14464
113	[-2.54648765e-10 -3.49531171e-10]	1.8701803318567448e-19	14592
114	[-2.54648765e-10 -3.49531171e-10]	1.8701803318567448e-19	14720
115	[-2.54648765e-10 -3.49531171e-10]	1.8701803318567448e-19	14848
116	[2.56283016e-10 9.55377190e-11]	7.480844019758285e-20	14976
117	[-2.66483505e-10  5.57784301e-11]	7.412469155765016e-20	15104
118	[-2.58881602e-10  1.44474484e-11]	6.72284128695659e-20	15232
119	[ 7.35878321e-11 -1.90849319e-10]	4.183863143715294e-20	15360
120	[ 2.30802499e-11 -1.49689602e-10]	2.2939674803339466e-20	15488
121	[8.68264929e-11 3.05074719e-11]	8.469545706266335e-21	15616
122	[-3.14681950e-11  3.75983097e-11]	2.4038801891911833e-21	15744
123	[-3.14681950e-11  3.75983097e-11]	2.4038801891911833e-21	15872
124	[-3.14681950e-11  3.75983097e-11]	2.4038801891911833e-21	16000
125	[-3.14681950e-11  3.75983097e-11]	2.4038801891911833e-21	16128
126	[-3.14681950e-11  3.75983097e-11]	2.4038801891911833e-21	16256
127	[2.96705673e-11 2.14071605e-11]	1.3386090864731229e-21	16384
128	[ 1.73372031e-11 -6.65222963e-12]	3.4483077152801134e-22	16512
129	[ 1.73372031e-11 -6.65222963e-12]	3.4483077152801134e-22	16640
130	[1.45005706e-11 6.54667030e-12]	2.5312544005396306e-22	16768
131	[-1.24102822e-11  6.10583899e-12]	1.9129637504786782e-22	16896
132	[-1.24102822e-11  6.10583899e-12]	1.9129637504786782e-22	17024
133	[ 1.48093942e-12 -4.10133597e-12]	1.901413834642182e-23	17152
134	[ 1.48093942e-12 -4.10133597e-12]	1.901413834642182e-23	17280
135	[ 1.48093942e-12 -4.10133597e-12]	1.901413834642182e-23	17408
136	[ 1.48093942e-12 -4.10133597e-12]	1.901413834642182e-23	17536
137	[ 1.48093942e-12 -4.10133597e-12]	1.901413834642182e-23	17664
138	[ 1.48093942e-12 -4.10133597e-12]	1.901413834642182e-23	17792
139	[-2.43524354e-12  2.39158319e-12]	1.1650081254385671e-23	17920
140	[-2.43524354e-12  2.39158319e-12]	1.1650081254385671e-23	18048
141	[2.26824991e-12 2.28254809e-12]	1.0354983433008616e-23	18176
142	[2.26824991e-12 2.28254809e-12]	1.0354983433008616e-23	18304
143	[9.06043140e-13 5.11411348e-13]	1.0824557376384927e-24	18432
144	[9.06043140e-13 5.11411348e-13]	1.0824557376384927e-24	18560
145	[9.06043140e-13 5.11411348e-13]	1.0824557376384927e-24	18688
146	[9.06043140e-13 5.11411348e-13]	1.0824557376384927e-24	18816
147	[ 5.29894691e-13 -7.55892563e-14]	2.865021188886283e-25	18944
148	[-1.29425402e-13 -2.25804198e-13]	6.773847083323594e-26	19072
149	[-1.29425402e-13 -2.25804198e-13]	6.773847083323594e-26	19200
150	[-1.29425402e-13 -2.25804198e-13]	6.773847083323594e-26	19328
151	[-1.29425402e-13 -2.25804198e-13]	6.773847083323594e-26	19456
152	[-1.29425402e-13 -2.25804198e-13]	6.773847083323594e-26	19584
153	[-1.29425402e-13 -2.25804198e-13]	6.773847083323594e-26	19712
154	[-1.29425402e-13 -3.61158183e-14]	1.8055287108758673e-26	19840
155	[-1.29425402e-13 -3.61158183e-14]	1.8055287108758673e-26	19968
156	[-1.29425402e-13 -3.61158183e-14]	1.8055287108758673e-26	20096
157	[-1.29425402e-13 -3.61158183e-14]	1.8055287108758673e-26	20224
158	[-1.29425402e-13 -3.61158183e-14]	1.8055287108758673e-26	20352
159	[-1.29425402e-13 -3.61158183e-14]	1.8055287108758673e-26	20480
160	[ 1.61901192e-14 -8.03281136e-15]	3.266460176592946e-28	20608
161	[ 1.61901192e-14 -8.03281136e-15]	3.266460176592946e-28	20736
162	[ 1.61901192e-14 -8.03281136e-15]	3.266460176592946e-28	20864
163	[ 1.61901192e-14 -8.03281136e-15]	3.266460176592946e-28	20992
164	[ 1.61901192e-14 -8.03281136e-15]	3.266460176592946e-28	21120
165	[ 1.61901192e-14 -8.03281136e-15]	3.266460176592946e-28	21248
166	[ 1.61901192e-14 -8.03281136e-15]	3.266460176592946e-28	21376
167	[7.10006225e-15 1.17634766e-14]	1.8879026449221697e-28	21504
168	[ 1.66893484e-15 -1.28762697e-14]	1.685836657447627e-28	21632
169	[ 3.51482989e-15 -5.14812471e-15]	3.885721723602413e-29	21760
170	[ 3.51482989e-15 -5.14812471e-15]	3.885721723602413e-29	21888
171	[ 3.51482989e-15 -5.14812471e-15]	3.885721723602413e-29	22016
172	[ 3.51482989e-15 -5.14812471e-15]	3.885721723602413e-29	22144
173	[ 3.51482989e-15 -5.14812471e-15]	3.885721723602413e-29	22272
174	[-5.03681989e-15 -2.09158502e-15]	2.974428249064092e-29	22400
175	[-5.03681989e-15 -2.09158502e-15]	2.974428249064092e-29	22528
176	[-1.57715559e-15  2.04877497e-15]	6.684898629769573e-30	22656
177	[ 1.36293374e-15 -1.37728951e-16]	1.8765576309584262e-30	22784
178	[-1.14342423e-15 -6.30305318e-16]	1.7047037731499674e-30	22912
179	[-1.14342423e-15 -6.30305318e-16]	1.7047037731499674e-30	23040
180	[-1.14342423e-15 -6.30305318e-16]	1.7047037731499674e-30	23168
181	[4.01999536e-16 4.92315117e-16]	4.039778013456509e-31	23296
182	[4.01999536e-16 4.92315117e-16]	4.039778013456509e-31	23424
183	[-8.21264954e-17 -1.37728951e-16]	2.571402533316164e-32	23552
184	[-8.21264954e-17 -1.37728951e-16]	2.571402533316164e-32	23680
185	[-8.21264954e-17 -1.37728951e-16]	2.571402533316164e-32	23808
186	[-8.21264954e-17 -1.37728951e-16]	2.571402533316164e-32	23936
187	[-8.21264954e-17 -1.37728951e-16]	2.571402533316164e-32	24064
188	[-8.21264954e-17 -1.37728951e-16]	2.571402533316164e-32	24192
189	[-8.21264954e-17 -1.37728951e-16]	2.571402533316164e-32	24320
190	[-8.21264954e-17 -1.37728951e-16]	2.571402533316164e-32	24448
191	[-8.21264954e-17 -1.37728951e-16]	2.571402533316164e-32	24576
192	[-8.21264954e-17 -1.37728951e-16]	2.571402533316164e-32	24704
193	[-8.21264954e-17 -1.37728951e-16]	2.571402533316164e-32	24832
194	[-8.21264954e-17 -1.37728951e-16]	2.571402533316164e-32	24960
195	[-1.12454458e-16  1.86305466e-17]	1.2993102401269836e-32	25088
196	[-1.12454458e-16  1.86305466e-17]	1.2993102401269836e-32	25216
197	[-1.12454458e-16  1.86305466e-17]	1.2993102401269836e-32	25344
198	[-1.12454458e-16  1.86305466e-17]	1.2993102401269836e-32	25472
199	[3.95404102e-17 3.90771483e-17]	3.0904675541565276e-33	25600
200	[3.95404102e-17 3.90771483e-17]	3.0904675541565276e-33	25728
201	[3.95404102e-17 3.90771483e-17]	3.0904675541565276e-33	25856
202	[-8.64702463e-18  5.14341901e-19]	7.503558249244417e-35	25984
203	[-8.64702463e-18  5.14341901e-19]	7.503558249244417e-35	26112
204	[-8.64702463e-18  5.14341901e-19]	7.503558249244417e-35	26240
205	[-8.64702463e-18  5.14341901e-19]	7.503558249244417e-35	26368
206	[-8.64702463e-18  5.14341901e-19]	7.503558249244417e-35	26496
207	[-8.64702463e-18  5.14341901e-19]	7.503558249244417e-35	26624
208	[-8.64702463e-18  5.14341901e-19]	7.503558249244417e-35	26752
209	[-8.64702463e-18  5.14341901e-19]	7.503558249244417e-35	26880
210	[-7.77706260e-19  5.23131092e-18]	2.7971440982009226e-35	27008
211	[2.57409233e-18 4.23127919e-18]	2.4529674856837393e-35	27136
212	[ 2.00643484e-18 -3.14242158e-18]	1.390059414243316e-35	27264
213	[ 2.00643484e-18 -3.14242158e-18]	1.390059414243316e-35	27392
214	[ 2.00643484e-18 -3.14242158e-18]	1.390059414243316e-35	27520
215	[-1.83262583e-18 -1.20609974e-18]	4.813194026548153e-36	27648
216	[-1.23758359e-18  1.79594432e-19]	1.5638672997787986e-36	27776
217	[-1.63716566e-19  1.21191142e-18]	1.4955324004368467e-36	27904
218	[-1.07479727e-18  1.79594432e-19]	1.1874433327165845e-36	28032
219	[-1.07479727e-18  1.79594432e-19]	1.1874433327165845e-36	28160
220	[-1.07479727e-18  1.79594432e-19]	1.1874433327165845e-36	28288
221	[-2.09335529e-19 -1.73301941e-19]	7.385492653187677e-38	28416
222	[-2.09335529e-19 -1.73301941e-19]	7.385492653187677e-38	28544
223	[-2.09335529e-19 -1.73301941e-19]	7.385492653187677e-38	28672
224	[-2.09335529e-19 -1.73301941e-19]	7.385492653187677e-38	28800
225	[-2.09335529e-19 -1.73301941e-19]	7.385492653187677e-38	28928
226	[-2.09335529e-19 -1.73301941e-19]	7.385492653187677e-38	29056
227	[-2.09335529e-19 -1.73301941e-19]	7.385492653187677e-38	29184
228	[-2.09335529e-19 -1.73301941e-19]	7.385492653187677e-38	29312
229	[-2.09335529e-19 -1.73301941e-19]	7.385492653187677e-38	29440
230	[-2.09335529e-19 -1.73301941e-19]	7.385492653187677e-38	29568
231	[ 6.91078508e-20 -4.19493301e-20]	6.535641329703846e-39	29696
232	[ 6.91078508e-20 -4.19493301e-20]	6.535641329703846e-39	29824
233	[-4.21965560e-20 -4.26108872e-21]	1.798706217229051e-39	29952
234	[-4.21965560e-20 -4.26108872e-21]	1.798706217229051e-39	30080
235	[-4.21965560e-20 -4.26108872e-21]	1.798706217229051e-39	30208
236	[3.89138512e-22 1.28883735e-20]	1.6626160042026309e-40	30336
237	[3.89138512e-22 1.28883735e-20]	1.6626160042026309e-40	30464
238	[3.89138512e-22 1.28883735e-20]	1.6626160042026309e-40	30592
239	[3.89138512e-22 1.28883735e-20]	1.6626160042026309e-40	30720
240	[3.89138512e-22 1.28883735e-20]	1.6626160042026309e-40	30848
241	[3.89138512e-22 1.28883735e-20]	1.6626160042026309e-40	30976
242	[3.89138512e-22 1.28883735e-20]	1.6626160042026309e-40	31104
243	[3.89138512e-22 1.28883735e-20]	1.6626160042026309e-40	31232
244	[3.89138512e-22 1.28883735e-20]	1.6626160042026309e-40	31360
245	[3.89138512e-22 1.28883735e-20]	1.6626160042026309e-40	31488
246	[3.89138512e-22 1.28883735e-20]	1.6626160042026309e-40	31616
247	[3.89138512e-22 1.28883735e-20]	1.6626160042026309e-40	31744
248	[3.19665767e-21 6.09097788e-21]	4.731863179275423e-41	31872
249	[-5.02871272e-21 -1.46036239e-21]	2.7420609950791247e-41	32000
250	[-5.02871272e-21 -1.46036239e-21]	2.7420609950791247e-41	32128
251	[-5.02871272e-21 -1.46036239e-21]	2.7420609950791247e-41	32256
252	[2.45206329e-22 5.42918815e-22]	3.5488698364150012e-43	32384
253	[2.45206329e-22 5.42918815e-22]	3.5488698364150012e-43	32512
254	[2.45206329e-22 5.42918815e-22]	3.5488698364150012e-43	32640
255	[2.45206329e-22 5.42918815e-22]	3.5488698364150012e-43	32768
256	[2.45206329e-22 5.42918815e-22]	3.5488698364150012e-43	32896
257	[2.45206329e-22 5.42918815e-22]	3.5488698364150012e-43	33024
258	[2.45206329e-22 5.42918815e-22]	3.5488698364150012e-43	33152
259	[2.45206329e-22 5.42918815e-22]	3.5488698364150012e-43	33280
260	[2.45206329e-22 5.42918815e-22]	3.5488698364150012e-43	33408
261	[2.45206329e-22 5.42918815e-22]	3.5488698364150012e-43	33536
262	[-3.18005268e-22 -2.82811644e-22]	1.81109776367576e-43	33664
263	[-3.18005268e-22 -2.82811644e-22]	1.81109776367576e-43	33792
264	[ 2.26141462e-22 -1.67286285e-22]	7.91246618473228e-44	33920
265	[-6.74708196e-23 -1.77336195e-24]	4.555456309020498e-45	34048
266	[-6.74708196e-23 -1.77336195e-24]	4.555456309020498e-45	34176
267	[-6.74708196e-23 -1.77336195e-24]	4.555456309020498e-45	34304
268	[-6.74708196e-23 -1.77336195e-24]	4.555456309020498e-45	34432
269	[-6.74708196e-23 -1.77336195e-24]	4.555456309020498e-45	34560
270	[-6.74708196e-23 -1.77336195e-24]	4.555456309020498e-45	34688
271	[-6.74708196e-23 -1.77336195e-24]	4.555456309020498e-45	34816
272	[-6.74708196e-23 -1.77336195e-24]	4.555456309020498e-45	34944
273	[-6.74708196e-23 -1.77336195e-24]	4.555456309020498e-45	35072
274	[-6.74708196e-23 -1.77336195e-24]	4.555456309020498e-45	35200
275	[2.59513998e-23 3.20977065e-23]	1.7037379140920942e-45	35328
276	[2.59513998e-23 3.20977065e-23]	1.7037379140920942e-45	35456
277	[-1.71087042e-23 -2.49856372e-24]	2.9895057971740654e-46	35584
278	[-1.71087042e-23 -2.49856372e-24]	2.9895057971740654e-46	35712
279	[-1.71087042e-23 -2.49856372e-24]	2.9895057971740654e-46	35840
280	[-1.71087042e-23 -2.49856372e-24]	2.9895057971740654e-46	35968
281	[-1.32064418e-23 -6.80231067e-24]	2.206815353175952e-46	36096
282	[-6.17983424e-24  1.31830527e-23]	2.1198323002687015e-46	36224
283	[-6.17983424e-24  1.31830527e-23]	2.1198323002687015e-46	36352
284	[-6.17983424e-24  1.31830527e-23]	2.1198323002687015e-46	36480
285	[-6.17983424e-24  1.31830527e-23]	2.1198323002687015e-46	36608
286	[-4.45449369e-24 -5.35175165e-24]	4.84837596901589e-47	36736
287	[-5.56947682e-24  2.58370483e-24]	3.7694602736865085e-47	36864
288	[-5.56947682e-24  2.58370483e-24]	3.7694602736865085e-47	36992
289	[ 3.04324603e-24 -1.80286296e-24]	1.2511661270477179e-47	37120
290	[ 3.04324603e-24 -1.80286296e-24]	1.2511661270477179e-47	37248
291	[1.42442592e-24 1.79169934e-24]	5.239175731689583e-48	37376
292	[ 1.04915732e-24 -8.31102947e-25]	1.7914631882115093e-48	37504
293	[ 1.04915732e-24 -8.31102947e-25]	1.7914631882115093e-48	37632
294	[-4.81355817e-26  6.62047544e-25]	4.4062398525604275e-49	37760
295	[-4.81355817e-26  6.62047544e-25]	4.4062398525604275e-49	37888
296	[-3.22857318e-26 -1.90127962e-25]	3.7191010394978106e-50	38016
297	[-3.22857318e-26 -1.90127962e-25]	3.7191010394978106e-50	38144
298	[-3.22857318e-26 -1.90127962e-25]	3.7191010394978106e-50	38272
299	[-3.22857318e-26 -1.90127962e-25]	3.7191010394978106e-50	38400
300	[-3.22857318e-26 -1.90127962e-25]	3.7191010394978106e-50	38528
301	[-3.22857318e-26 -1.90127962e-25]	3.7191010394978106e-50	38656
302	[-3.22857318e-26 -1.90127962e-25]	3.7191010394978106e-50	38784
303	[-3.22857318e-26 -1.90127962e-25]	3.7191010394978106e-50	38912
304	[-3.22857318e-26 -1.90127962e-25]	3.7191010394978106e-50	39040
305	[-3.22857318e-26 -1.90127962e-25]	3.7191010394978106e-50	39168
306	[-3.22857318e-26 -1.90127962e-25]	3.7191010394978106e-50	39296
307	[-3.22857318e-26 -1.90127962e-25]	3.7191010394978106e-50	39424
308	[1.36729201e-25 4.72558323e-26]	2.0927988156452115e-50	39552
309	[4.58069607e-26 1.06338100e-25]	1.3406069151103185e-50	39680
310	[4.58069607e-26 1.06338100e-25]	1.3406069151103185e-50	39808
311	[4.58069607e-26 1.06338100e-25]	1.3406069151103185e-50	39936
312	[4.58069607e-26 1.06338100e-25]	1.3406069151103185e-50	40064
313	[-5.58838831e-26  2.48819551e-27]	3.129199510500627e-51	40192
314	[-2.90219281e-26 -1.28577884e-26]	1.0075950321343293e-51	40320
315	[ 9.39001066e-27 -2.23360077e-26]	5.870695392506966e-52	40448
316	[1.28902108e-26 1.48465803e-26]	3.865784829722723e-52	40576
317	[1.28902108e-26 1.48465803e-26]	3.865784829722723e-52	40704
318	[-1.61134773e-26 -6.95300651e-27]	3.079884497990899e-52	40832
319	[-1.61134773e-26 -6.95300651e-27]	3.079884497990899e-52	40960
320	[2.28431996e-27 5.36220912e-27]	3.397140432191674e-53	41088
321	[2.28431996e-27 5.36220912e-27]	3.397140432191674e-53	41216
322	[-3.11064642e-28 -5.53571889e-27]	3.0740944888662275e-53	41344
323	[-3.11064642e-28 -5.53571889e-27]	3.0740944888662275e-53	41472
324	[-3.11064642e-28 -5.53571889e-27]	3.0740944888662275e-53	41600
325	[-3.11064642e-28 -5.53571889e-27]	3.0740944888662275e-53	41728
326	[-3.11064642e-28 -5.53571889e-27]	3.0740944888662275e-53	41856
327	[ 5.73157060e-28 -6.53043382e-28]	7.549746740004377e-55	41984
328	[ 5.73157060e-28 -6.53043382e-28]	7.549746740004377e-55	42112
329	[ 5.73157060e-28 -6.53043382e-28]	7.549746740004377e-55	42240
330	[ 5.73157060e-28 -6.53043382e-28]	7.549746740004377e-55	42368
331	[ 5.73157060e-28 -6.53043382e-28]	7.549746740004377e-55	42496
332	[ 5.73157060e-28 -6.53043382e-28]	7.549746740004377e-55	42624
333	[ 5.73157060e-28 -6.53043382e-28]	7.549746740004377e-55	42752
334	[ 5.73157060e-28 -6.53043382e-28]	7.549746740004377e-55	42880
335	[ 5.73157060e-28 -6.53043382e-28]	7.549746740004377e-55	43008
336	[ 6.25238198e-29 -8.08383200e-28]	6.573926257387768e-55	43136
337	[ 6.25238198e-29 -8.08383200e-28]	6.573926257387768e-55	43264
338	[ 6.25238198e-29 -8.08383200e-28]	6.573926257387768e-55	43392
339	[ 2.19843060e-28 -5.58062111e-28]	3.597642913967983e-55	43520
340	[ 2.19843060e-28 -5.58062111e-28]	3.597642913967983e-55	43648
341	[-5.20038045e-29 -2.00113954e-28]	4.2749990398936105e-56	43776
342	[-5.20038045e-29 -2.00113954e-28]	4.2749990398936105e-56	43904
343	[7.27574184e-29 1.32147474e-28]	2.27565968594263e-56	44032
344	[7.27574184e-29 1.32147474e-28]	2.27565968594263e-56	44160
345	[ 9.59719152e-29 -9.70026597e-29]	1.8620124491552608e-56	44288
346	[ 9.59719152e-29 -9.70026597e-29]	1.8620124491552608e-56	44416
347	[-9.11031355e-30  6.41510250e-29]	4.198351820793904e-57	44544
348	[-9.11031355e-30  6.41510250e-29]	4.198351820793904e-57	44672
349	[-9.11031355e-30  6.41510250e-29]	4.198351820793904e-57	44800
350	[-9.11031355e-30  6.41510250e-29]	4.198351820793904e-57	44928
351	[1.36088231e-29 9.09900878e-30]	2.6799202686379083e-58	45056
352	[1.36088231e-29 9.09900878e-30]	2.6799202686379083e-58	45184
353	[1.36088231e-29 9.09900878e-30]	2.6799202686379083e-58	45312
354	[1.36088231e-29 9.09900878e-30]	2.6799202686379083e-58	45440
355	[1.36088231e-29 9.09900878e-30]	2.6799202686379083e-58	45568
356	[-3.77025968e-30  5.87938546e-30]	4.8782031452194514e-59	45696
357	[-3.77025968e-30  5.87938546e-30]	4.8782031452194514e-59	45824
358	[-3.77025968e-30  5.87938546e-30]	4.8782031452194514e-59	45952
359	[-3.77025968e-30  5.87938546e-30]	4.8782031452194514e-59	46080
360	[-3.77025968e-30  5.87938546e-30]	4.8782031452194514e-59	46208
361	[-3.77025968e-30  5.87938546e-30]	4.8782031452194514e-59	46336
362	[-3.77025968e-30  5.87938546e-30]	4.8782031452194514e-59	46464
363	[-3.77025968e-30  5.87938546e-30]	4.8782031452194514e-59	46592
364	[-4.98779024e-31  1.40772423e-30]	2.2304680277472012e-60	46720
365	[-4.98779024e-31  1.40772423e-30]	2.2304680277472012e-60	46848
366	[-4.98779024e-31  1.40772423e-30]	2.2304680277472012e-60	46976
367	[-4.98779024e-31  1.40772423e-30]	2.2304680277472012e-60	47104
368	[-4.98779024e-31  1.40772423e-30]	2.2304680277472012e-60	47232
369	[-4.98779024e-31  1.40772423e-30]	2.2304680277472012e-60	47360
370	[-4.98779024e-31  1.40772423e-30]	2.2304680277472012e-60	47488
371	[ 3.51994686e-31 -1.16175728e-30]	1.4735802417095425e-60	47616
372	[ 3.51994686e-31 -1.16175728e-30]	1.4735802417095425e-60	47744
373	[-9.02591341e-31 -3.32275957e-31]	9.250784407251425e-61	47872
374	[-1.71855046e-32  2.96734495e-31]	8.834670200400106e-62	48000
375	[-1.71855046e-32  2.96734495e-31]	8.834670200400106e-62	48128
376	[-1.71855046e-32  2.96734495e-31]	8.834670200400106e-62	48256
377	[-1.71855046e-32  2.96734495e-31]	8.834670200400106e-62	48384
378	[-1.71855046e-32  2.96734495e-31]	8.834670200400106e-62	48512
379	[-1.71855046e-32  2.96734495e-31]	8.834670200400106e-62	48640
380	[-2.59181222e-31 -1.37515236e-31]	8.608534586058021e-62	48768
381	[-2.59181222e-31 -1.37515236e-31]	8.608534586058021e-62	48896
382	[-1.05137755e-31 -1.02158540e-31]	2.1490314824056264e-62	49024
383	[-1.05137755e-31 -1.02158540e-31]	2.1490314824056264e-62	49152
384	[5.24615843e-32 9.86531414e-32]	1.2484660133118874e-62	49280
385	[6.0041953e-32 8.2373414e-32]	1.0390415459057606e-62	49408
386	[6.0041953e-32 8.2373414e-32]	1.0390415459057606e-62	49536
387	[6.0041953e-32 8.2373414e-32]	1.0390415459057606e-62	49664
388	[-1.26661423e-32 -2.84673815e-32]	9.708229710906474e-64	49792
389	[-1.26661423e-32 -2.84673815e-32]	9.708229710906474e-64	49920
390	[-1.26661423e-32 -2.84673815e-32]	9.708229710906474e-64	50048
391	[1.40595996e-32 4.36905414e-33]	2.167609751821722e-64	50176
392	[1.40595996e-32 4.36905414e-33]	2.167609751821722e-64	50304
393	[1.40595996e-32 4.36905414e-33]	2.167609751821722e-64	50432
394	[1.40595996e-32 4.36905414e-33]	2.167609751821722e-64	50560
395	[1.40595996e-32 4.36905414e-33]	2.167609751821722e-64	50688
396	[1.40595996e-32 4.36905414e-33]	2.167609751821722e-64	50816
397	[9.35027480e-33 1.07779559e-32]	2.0359197285124048e-64	50944
398	[ 1.38768796e-33 -7.77541438e-33]	6.238274666157574e-65	51072
399	[ 3.58346548e-33 -2.29935570e-33]	1.8128261535310415e-65	51200
400	[ 3.58346548e-33 -2.29935570e-33]	1.8128261535310415e-65	51328
401	[-3.22939881e-33 -1.50367800e-33]	1.269006418709965e-65	51456
402	[-3.22939881e-33 -1.50367800e-33]	1.269006418709965e-65	51584
403	[-3.22939881e-33 -1.50367800e-33]	1.269006418709965e-65	51712
404	[2.32381054e-34 2.98293486e-34]	1.4297995783910045e-67	51840
405	[2.32381054e-34 2.98293486e-34]	1.4297995783910045e-67	51968
406	[2.32381054e-34 2.98293486e-34]	1.4297995783910045e-67	52096
407	[2.32381054e-34 2.98293486e-34]	1.4297995783910045e-67	52224
408	[2.32381054e-34 2.98293486e-34]	1.4297995783910045e-67	52352
409	[2.32381054e-34 2.98293486e-34]	1.4297995783910045e-67	52480
410	[1.49200633e-35 3.36576464e-34]	1.1350632459737859e-67	52608
411	[1.49200633e-35 3.36576464e-34]	1.1350632459737859e-67	52736
412	[-6.89853256e-35 -1.74779818e-34]	3.5306959802877503e-68	52864
413	[-6.89853256e-35 -1.74779818e-34]	3.5306959802877503e-68	52992
414	[-6.89853256e-35 -1.74779818e-34]	3.5306959802877503e-68	53120
415	[-6.89853256e-35 -1.74779818e-34]	3.5306959802877503e-68	53248
416	[-6.89853256e-35 -1.74779818e-34]	3.5306959802877503e-68	53376
417	[-6.89853256e-35 -1.74779818e-34]	3.5306959802877503e-68	53504
418	[-6.89853256e-35 -1.74779818e-34]	3.5306959802877503e-68	53632
419	[-6.89853256e-35 -1.74779818e-34]	3.5306959802877503e-68	53760
420	[-1.74720265e-36  1.62556138e-34]	2.6427550686363608e-68	53888
421	[-1.74720265e-36  1.62556138e-34]	2.6427550686363608e-68	54016
422	[-3.66481375e-35 -1.43449298e-34]	2.1920787167302847e-68	54144
423	[-3.66481375e-35 -1.43449298e-34]	2.1920787167302847e-68	54272
424	[-3.66481375e-35 -1.43449298e-34]	2.1920787167302847e-68	54400
425	[-3.66481375e-35 -1.43449298e-34]	2.1920787167302847e-68	54528
426	[ 8.88280288e-35 -2.44628349e-35]	8.488848984064009e-69	54656
427	[-4.09685322e-35 -6.49178497e-36]	1.7205639019197736e-69	54784
428	[-1.31117462e-35 -1.53208351e-35]	4.0664587471244615e-70	54912
429	[-1.31117462e-35 -1.53208351e-35]	4.0664587471244615e-70	55040
430	[-1.31117462e-35 -1.53208351e-35]	4.0664587471244615e-70	55168
431	[-1.31117462e-35 -1.53208351e-35]	4.0664587471244615e-70	55296
432	[-1.31117462e-35 -1.53208351e-35]	4.0664587471244615e-70	55424
433	[-1.31117462e-35 -1.53208351e-35]	4.0664587471244615e-70	55552
434	[6.80575549e-36 1.58007100e-35]	2.959807431130791e-70	55680
435	[-5.82572394e-36 -9.04821329e-36]	1.1580922307923305e-70	55808
436	[-5.82572394e-36 -9.04821329e-36]	1.1580922307923305e-70	55936
437	[ 6.73022589e-36 -7.10420014e-36]	9.57656001778574e-71	56064
438	[ 6.73022589e-36 -7.10420014e-36]	9.57656001778574e-71	56192
439	[1.25501307e-36 5.86109373e-36]	3.5927477475948853e-71	56320
440	[1.25501307e-36 5.86109373e-36]	3.5927477475948853e-71	56448
441	[-2.72025449e-36 -5.29043974e-36]	3.5388537121684976e-71	56576
442	[ 1.96358347e-36 -3.19752919e-36]	1.4079852983003672e-71	56704
443	[1.13531138e-36 2.06234626e-36]	5.54220402839813e-72	56832
444	[ 8.55837027e-37 -6.83208575e-37]	1.1992309735474587e-72	56960
445	[ 8.55837027e-37 -6.83208575e-37]	1.1992309735474587e-72	57088
446	[ 8.55837027e-37 -6.83208575e-37]	1.1992309735474587e-72	57216
447	[ 8.55837027e-37 -6.83208575e-37]	1.1992309735474587e-72	57344
448	[ 8.55837027e-37 -6.83208575e-37]	1.1992309735474587e-72	57472
449	[-1.59595743e-37 -4.68574975e-37]	2.4503330857052218e-73	57600
450	[-1.59595743e-37 -4.68574975e-37]	2.4503330857052218e-73	57728
451	[-1.59595743e-37 -4.68574975e-37]	2.4503330857052218e-73	57856
452	[-1.59595743e-37 -4.68574975e-37]	2.4503330857052218e-73	57984
453	[-1.59595743e-37 -4.68574975e-37]	2.4503330857052218e-73	58112
454	[-1.59595743e-37 -4.68574975e-37]	2.4503330857052218e-73	58240
455	[ 1.83065432e-37 -1.87849103e-37]	6.880023781773147e-74	58368
456	[-2.10244007e-38 -1.87849103e-37]	3.572931074928855e-74	58496
457	[-2.10244007e-38 -1.87849103e-37]	3.572931074928855e-74	58624
458	[-2.10244007e-38 -1.87849103e-37]	3.572931074928855e-74	58752
459	[-2.10244007e-38 -1.87849103e-37]	3.572931074928855e-74	58880
460	[-2.10244007e-38 -1.87849103e-37]	3.572931074928855e-74	59008
461	[-2.10244007e-38 -1.87849103e-37]	3.572931074928855e-74	59136
462	[-2.10244007e-38 -1.87849103e-37]	3.572931074928855e-74	59264
463	[ 6.08085499e-38 -8.14374180e-38]	1.0329732796622382e-74	59392
464	[ 6.08085499e-38 -8.14374180e-38]	1.0329732796622382e-74	59520
465	[2.79878510e-38 6.50580981e-38]	5.015875936124975e-75	59648
466	[2.79878510e-38 6.50580981e-38]	5.015875936124975e-75	59776
467	[2.79878510e-38 6.50580981e-38]	5.015875936124975e-75	59904
468	[ 3.07376627e-38 -2.87362392e-38]	1.7705753517581852e-75	60032
469	[ 3.07376627e-38 -2.87362392e-38]	1.7705753517581852e-75	60160
470	[-3.08040239e-38 -3.02217588e-39]	9.580214324318023e-76	60288
471	[-3.08040239e-38 -3.02217588e-39]	9.580214324318023e-76	60416
472	[-9.97174792e-39 -1.39042112e-38]	2.9276284617118706e-76	60544
473	[-9.97174792e-39 -1.39042112e-38]	2.9276284617118706e-76	60672
474	[-9.97174792e-39 -1.39042112e-38]	2.9276284617118706e-76	60800
475	[6.22497076e-39 5.13130235e-39]	6.508052472781453e-77	60928
476	[6.22497076e-39 5.13130235e-39]	6.508052472781453e-77	61056
477	[-2.10370514e-39 -2.04342570e-39]	8.601163913250314e-78	61184
478	[-2.10370514e-39 -2.04342570e-39]	8.601163913250314e-78	61312
479	[-2.10370514e-39 -2.04342570e-39]	8.601163913250314e-78	61440
480	[-2.10370514e-39 -2.04342570e-39]	8.601163913250314e-78	61568
481	[-2.10370514e-39 -2.04342570e-39]	8.601163913250314e-78	61696
482	[-2.10370514e-39 -2.04342570e-39]	8.601163913250314e-78	61824
483	[-2.10370514e-39 -2.04342570e-39]	8.601163913250314e-78	61952
484	[-2.10370514e-39 -2.04342570e-39]	8.601163913250314e-78	62080
485	[-2.10370514e-39 -2.04342570e-39]	8.601163913250314e-78	62208
486	[-2.10370514e-39 -2.04342570e-39]	8.601163913250314e-78	62336
487	[-1.60732850e-39  4.96774112e-40]	2.8302894169707484e-78	62464
488	[-1.60732850e-39  4.96774112e-40]	2.8302894169707484e-78	62592
489	[-2.18374211e-40  5.11930627e-40]	3.097602626829553e-79	62720
490	[-2.18374211e-40  5.11930627e-40]	3.097602626829553e-79	62848
491	[-2.18374211e-40  5.11930627e-40]	3.097602626829553e-79	62976
492	[-2.18374211e-40  5.11930627e-40]	3.097602626829553e-79	63104
493	[-4.75332038e-40 -2.36496788e-40]	2.8187127689685685e-79	63232
494	[-4.75332038e-40 -2.36496788e-40]	2.8187127689685685e-79	63360
495	[4.01266244e-40 1.02374468e-40]	1.7149513032406578e-79	63488
496	[-8.22179414e-42  3.79969664e-40]	1.4444454337963302e-79	63616
497	[-8.22179414e-42  3.79969664e-40]	1.4444454337963302e-79	63744
498	[8.21212916e-41 2.05674819e-40]	4.904603777930472e-80	63872
499	[8.21212916e-41 2.05674819e-40]	4.904603777930472e-80	64000
500	[8.21212916e-41 2.05674819e-40]	4.904603777930472e-80	64128
501	[8.21212916e-41 2.05674819e-40]	4.904603777930472e-80	64256
502	[-5.07413675e-41  6.75820450e-41]	7.142019173845749e-81	64384
503	[1.76907893e-41 1.46018043e-41]	5.261767153688681e-82	64512
504	[1.76907893e-41 1.46018043e-41]	5.261767153688681e-82	64640
505	[1.76907893e-41 1.46018043e-41]	5.261767153688681e-82	64768
506	[ 1.84583350e-41 -9.33703385e-42]	4.278903328361606e-82	64896
507	[ 1.84583350e-41 -9.33703385e-42]	4.278903328361606e-82	65024
508	[-6.69266492e-42  1.62613081e-41]	3.09221904984414e-82	65152
509	[-6.69266492e-42  1.62613081e-41]	3.09221904984414e-82	65280
510	[-6.69266492e-42  1.62613081e-41]	3.09221904984414e-82	65408
511	[-6.69266492e-42  1.62613081e-41]	3.09221904984414e-82	65536
512	[-6.69266492e-42  1.62613081e-41]	3.09221904984414e-82	65664
513	[-6.69266492e-42  1.62613081e-41]	3.09221904984414e-82	65792
514	[ 1.66861049e-41 -2.07582342e-43]	2.78469187004459e-82	65920
515	[-1.02438712e-41  1.28007599e-41]	2.687963517627846e-82	66048
516	[8.18167602e-42 1.60404804e-42]	6.951279258285008e-83	66176
517	[-6.06034941e-42  1.97094382e-42]	4.061245449893054e-83	66304
518	[3.61549963e-42 2.05330337e-42]	1.7287892352432385e-83	66432
519	[3.61549963e-42 2.05330337e-42]	1.7287892352432385e-83	66560
520	[3.61549963e-42 2.05330337e-42]	1.7287892352432385e-83	66688
521	[3.61549963e-42 2.05330337e-42]	1.7287892352432385e-83	66816
522	[-1.74355074e-43  2.00159563e-42]	4.036784776813225e-84	66944
523	[-1.74355074e-43  2.00159563e-42]	4.036784776813225e-84	67072
524	[-1.03870955e-42  2.17728447e-43]	1.126323205586384e-84	67200
525	[-1.03870955e-42  2.17728447e-43]	1.126323205586384e-84	67328
526	[-1.03870955e-42  2.17728447e-43]	1.126323205586384e-84	67456
527	[-1.03870955e-42  2.17728447e-43]	1.126323205586384e-84	67584
528	[-1.03870955e-42  2.17728447e-43]	1.126323205586384e-84	67712
529	[5.87990919e-44 5.67394260e-43]	3.2539357949282816e-85	67840
530	[2.15051933e-44 2.56281213e-43]	6.61425332719721e-86	67968
531	[2.15051933e-44 2.56281213e-43]	6.61425332719721e-86	68096
532	[2.15051933e-44 2.56281213e-43]	6.61425332719721e-86	68224
533	[-7.94978385e-44 -1.07454700e-43]	1.7866418804576385e-86	68352
534	[-7.94978385e-44 -1.07454700e-43]	1.7866418804576385e-86	68480
535	[-7.94978385e-44 -1.07454700e-43]	1.7866418804576385e-86	68608
536	[-7.94978385e-44 -1.07454700e-43]	1.7866418804576385e-86	68736
537	[-7.94978385e-44 -1.07454700e-43]	1.7866418804576385e-86	68864
538	[-7.94978385e-44 -1.07454700e-43]	1.7866418804576385e-86	68992
539	[-7.94978385e-44 -1.07454700e-43]	1.7866418804576385e-86	69120
540	[ 1.22044329e-43 -5.07340866e-44]	1.746876575827555e-86	69248
541	[2.15051933e-44 4.48550796e-44]	2.474451503593065e-87	69376
542	[ 4.07598380e-44 -1.34282389e-44]	1.8416819968692098e-87	69504
543	[ 4.07598380e-44 -1.34282389e-44]	1.8416819968692098e-87	69632
544	[ 4.07598380e-44 -1.34282389e-44]	1.8416819968692098e-87	69760
545	[-2.60749229e-44  8.49832169e-45]	7.521230766084866e-88	69888
546	[9.43231516e-45 3.86792294e-45]	1.0392939706902172e-88	70016
547	[9.43231516e-45 3.86792294e-45]	1.0392939706902172e-88	70144
548	[9.43231516e-45 3.86792294e-45]	1.0392939706902172e-88	70272
549	[9.43231516e-45 3.86792294e-45]	1.0392939706902172e-88	70400
550	[9.43231516e-45 3.86792294e-45]	1.0392939706902172e-88	70528
551	[-6.30806747e-45  7.25644062e-45]	9.244764576037784e-89	70656
552	[ 7.28989152e-45 -5.20901649e-45]	8.02763711181482e-89	70784
553	[ 4.93026992e-46 -1.94478260e-45]	4.025254975618002e-90	70912
554	[ 4.93026992e-46 -1.94478260e-45]	4.025254975618002e-90	71040
555	[ 1.28653812e-45 -3.43167206e-46]	1.7729440566356974e-90	71168
556	[ 1.28653812e-45 -3.43167206e-46]	1.7729440566356974e-90	71296
557	[ 1.28653812e-45 -3.43167206e-46]	1.7729440566356974e-90	71424
558	[ 1.28653812e-45 -3.43167206e-46]	1.7729440566356974e-90	71552
559	[ 1.28653812e-45 -3.43167206e-46]	1.7729440566356974e-90	71680
560	[ 1.28653812e-45 -3.43167206e-46]	1.7729440566356974e-90	71808
561	[ 1.28653812e-45 -3.43167206e-46]	1.7729440566356974e-90	71936
562	[ 1.28653812e-45 -3.43167206e-46]	1.7729440566356974e-90	72064
563	[-2.35656968e-46 -1.27306152e-45]	1.6762198296325221e-90	72192
564	[-2.35656968e-46 -1.27306152e-45]	1.6762198296325221e-90	72320
565	[3.22352451e-47 9.55674688e-46]	9.143532193714745e-91	72448
566	[ 3.22352451e-47 -8.36284260e-47]	8.032824655880957e-93	72576
567	[ 3.22352451e-47 -8.36284260e-47]	8.032824655880957e-93	72704
568	[ 3.22352451e-47 -8.36284260e-47]	8.032824655880957e-93	72832
569	[ 3.22352451e-47 -8.36284260e-47]	8.032824655880957e-93	72960
570	[ 3.22352451e-47 -8.36284260e-47]	8.032824655880957e-93	73088
571	[ 3.22352451e-47 -8.36284260e-47]	8.032824655880957e-93	73216
572	[ 3.22352451e-47 -8.36284260e-47]	8.032824655880957e-93	73344
573	[ 3.22352451e-47 -8.36284260e-47]	8.032824655880957e-93	73472
574	[ 3.22352451e-47 -8.36284260e-47]	8.032824655880957e-93	73600
575	[ 3.22352451e-47 -8.36284260e-47]	8.032824655880957e-93	73728
576	[ 3.22352451e-47 -8.36284260e-47]	8.032824655880957e-93	73856
577	[ 3.22352451e-47 -8.36284260e-47]	8.032824655880957e-93	73984
578	[ 3.22352451e-47 -8.36284260e-47]	8.032824655880957e-93	74112
579	[ 3.22352451e-47 -8.36284260e-47]	8.032824655880957e-93	74240
580	[ 1.88922641e-48 -8.31254814e-47]	6.913414827775242e-93	74368
581	[ 1.88922641e-48 -8.31254814e-47]	6.913414827775242e-93	74496
582	[-5.38186493e-49  7.57683031e-47]	5.741125401158116e-93	74624
583	[-1.01089334e-47  5.07426213e-48]	1.2793866985515157e-94	74752
584	[-1.01089334e-47  5.07426213e-48]	1.2793866985515157e-94	74880
585	[-1.01089334e-47  5.07426213e-48]	1.2793866985515157e-94	75008
586	[-1.01089334e-47  5.07426213e-48]	1.2793866985515157e-94	75136
587	[-1.01089334e-47  5.07426213e-48]	1.2793866985515157e-94	75264
588	[ 2.69856539e-48 -9.53581491e-48]	9.821402117929842e-95	75392
589	[ 2.69856539e-48 -9.53581491e-48]	9.821402117929842e-95	75520
590	[ 2.69856539e-48 -9.53581491e-48]	9.821402117929842e-95	75648
591	[ 2.69856539e-48 -9.53581491e-48]	9.821402117929842e-95	75776
592	[ 6.21522373e-49 -3.78923720e-48]	1.4744608641391355e-95	75904
593	[ 6.21522373e-49 -3.78923720e-48]	1.4744608641391355e-95	76032
594	[ 6.21522373e-49 -3.78923720e-48]	1.4744608641391355e-95	76160
595	[ 6.21522373e-49 -3.78923720e-48]	1.4744608641391355e-95	76288
596	[2.68730153e-48 2.26045937e-48]	1.2331266057079712e-95	76416
597	[-3.19232499e-48 -5.00179653e-49]	1.0441118544914676e-95	76544
598	[-1.35290334e-48 -7.09402236e-49]	2.333598986481912e-96	76672
599	[-1.35290334e-48 -7.09402236e-49]	2.333598986481912e-96	76800
600	[-1.35290334e-48 -7.09402236e-49]	2.333598986481912e-96	76928
601	[-1.35290334e-48 -7.09402236e-49]	2.333598986481912e-96	77056
602	[-1.35290334e-48 -7.09402236e-49]	2.333598986481912e-96	77184
603	[-1.35290334e-48 -7.09402236e-49]	2.333598986481912e-96	77312
604	[-6.50781321e-49  2.32239991e-49]	4.774517415945695e-97	77440
605	[-2.33750586e-49  2.21277861e-49]	1.0360322841482249e-97	77568
606	[-2.33750586e-49  2.21277861e-49]	1.0360322841482249e-97	77696
607	[-1.77239945e-49 -2.31494992e-49]	8.500392961905664e-98	77824
608	[-1.77239945e-49 -2.31494992e-49]	8.500392961905664e-98	77952
609	[-1.77239945e-49 -2.31494992e-49]	8.500392961905664e-98	78080
610	[-1.77239945e-49 -2.31494992e-49]	8.500392961905664e-98	78208
611	[-1.77239945e-49 -2.31494992e-49]	8.500392961905664e-98	78336
612	[-1.77239945e-49 -2.31494992e-49]	8.500392961905664e-98	78464
613	[5.48925766e-50 1.60595033e-49]	2.8803959430062987e-98	78592
614	[5.48925766e-50 1.60595033e-49]	2.8803959430062987e-98	78720
615	[5.48925766e-50 1.60595033e-49]	2.8803959430062987e-98	78848
616	[-3.47320202e-50 -8.84566696e-50]	9.030895618657986e-99	78976
617	[-3.47320202e-50 -8.84566696e-50]	9.030895618657986e-99	79104
618	[-6.27760133e-51 -9.68642623e-51]	1.3323513161780965e-100	79232
619	[-6.27760133e-51 -9.68642623e-51]	1.3323513161780965e-100	79360
620	[-6.27760133e-51 -9.68642623e-51]	1.3323513161780965e-100	79488
621	[-6.27760133e-51 -9.68642623e-51]	1.3323513161780965e-100	79616
622	[-6.27760133e-51 -9.68642623e-51]	1.3323513161780965e-100	79744
623	[-6.27760133e-51 -9.68642623e-51]	1.3323513161780965e-100	79872
624	[-6.27760133e-51 -9.68642623e-51]	1.3323513161780965e-100	80000
625	[-6.27760133e-51 -9.68642623e-51]	1.3323513161780965e-100	80128
626	[-6.27760133e-51 -9.68642623e-51]	1.3323513161780965e-100	80256
627	[-6.27760133e-51 -9.68642623e-51]	1.3323513161780965e-100	80384
628	[-6.27760133e-51 -9.68642623e-51]	1.3323513161780965e-100	80512
629	[ 3.98449648e-51 -4.84574804e-51]	3.9357486259764985e-101	80640
630	[ 3.98449648e-51 -4.84574804e-51]	3.9357486259764985e-101	80768
631	[ 3.98449648e-51 -4.84574804e-51]	3.9357486259764985e-101	80896
632	[ 3.98449648e-51 -4.84574804e-51]	3.9357486259764985e-101	81024
633	[ 3.98449648e-51 -4.84574804e-51]	3.9357486259764985e-101	81152
634	[-8.03352982e-52  2.36580296e-51]	6.242399636743421e-102	81280
635	[-8.03352982e-52  2.36580296e-51]	6.242399636743421e-102	81408
636	[1.38759482e-51 9.09491826e-52]	2.7525947549291778e-102	81536
637	[1.38759482e-51 9.09491826e-52]	2.7525947549291778e-102	81664
638	[1.38759482e-51 9.09491826e-52]	2.7525947549291778e-102	81792
639	[1.38759482e-51 9.09491826e-52]	2.7525947549291778e-102	81920
640	[1.38759482e-51 9.09491826e-52]	2.7525947549291778e-102	82048
641	[1.38759482e-51 9.09491826e-52]	2.7525947549291778e-102	82176
642	[1.38759482e-51 9.09491826e-52]	2.7525947549291778e-102	82304
643	[ 4.02655639e-52 -3.08881950e-52]	2.575396224582483e-103	82432
644	[ 4.02655639e-52 -3.08881950e-52]	2.575396224582483e-103	82560
645	[ 4.02655639e-52 -3.08881950e-52]	2.575396224582483e-103	82688
646	[ 4.02655639e-52 -3.08881950e-52]	2.575396224582483e-103	82816
647	[ 4.02655639e-52 -3.08881950e-52]	2.575396224582483e-103	82944
648	[ 4.02655639e-52 -3.08881950e-52]	2.575396224582483e-103	83072
649	[4.00989629e-52 2.00440422e-53]	1.6119444581752611e-103	83200
650	[4.00989629e-52 2.00440422e-53]	1.6119444581752611e-103	83328
651	[4.00989629e-52 2.00440422e-53]	1.6119444581752611e-103	83456
652	[4.00989629e-52 2.00440422e-53]	1.6119444581752611e-103	83584
653	[-3.03992367e-52 -1.08317043e-52]	1.0414394081985824e-103	83712
654	[ 4.98241269e-53 -8.11053310e-53]	9.060518332500602e-105	83840
655	[ 4.98241269e-53 -8.11053310e-53]	9.060518332500602e-105	83968
656	[ 4.98241269e-53 -8.11053310e-53]	9.060518332500602e-105	84096
657	[-9.26311396e-53  1.59129845e-53]	8.833751108376629e-105	84224
658	[-2.79256094e-53 -1.69066928e-53]	1.0656759184172788e-105	84352
659	[-2.79256094e-53 -1.69066928e-53]	1.0656759184172788e-105	84480
660	[-1.37968185e-54  1.23446952e-54]	3.427436990677743e-108	84608
661	[-1.37968185e-54  1.23446952e-54]	3.427436990677743e-108	84736
662	[-1.37968185e-54  1.23446952e-54]	3.427436990677743e-108	84864
663	[-1.37968185e-54  1.23446952e-54]	3.427436990677743e-108	84992
664	[-1.37968185e-54  1.23446952e-54]	3.427436990677743e-108	85120
665	[-1.37968185e-54  1.23446952e-54]	3.427436990677743e-108	85248
666	[-1.37968185e-54  1.23446952e-54]	3.427436990677743e-108	85376
667	[-1.37968185e-54  1.23446952e-54]	3.427436990677743e-108	85504
668	[-1.37968185e-54  1.23446952e-54]	3.427436990677743e-108	85632
669	[-1.37968185e-54  1.23446952e-54]	3.427436990677743e-108	85760
670	[-1.37968185e-54  1.23446952e-54]	3.427436990677743e-108	85888
671	[-1.37968185e-54  1.23446952e-54]	3.427436990677743e-108	86016
672	[-1.37968185e-54  1.23446952e-54]	3.427436990677743e-108	86144
673	[-1.37968185e-54  1.23446952e-54]	3.427436990677743e-108	86272
674	[-1.37968185e-54  1.23446952e-54]	3.427436990677743e-108	86400
675	[-1.37968185e-54  1.23446952e-54]	3.427436990677743e-108	86528
676	[-1.37968185e-54  1.23446952e-54]	3.427436990677743e-108	86656
677	[-1.37968185e-54  1.23446952e-54]	3.427436990677743e-108	86784
678	[ 9.15518170e-55 -1.28879194e-54]	2.4991581777168113e-108	86912
679	[ 9.15518170e-55 -1.28879194e-54]	2.4991581777168113e-108	87040
680	[ 9.15518170e-55 -1.28879194e-54]	2.4991581777168113e-108	87168
681	[-5.00648979e-57 -2.80694045e-55]	7.881421155940068e-110	87296
682	[-5.00648979e-57 -2.80694045e-55]	7.881421155940068e-110	87424
683	[-5.00648979e-57 -2.80694045e-55]	7.881421155940068e-110	87552
684	[-5.00648979e-57 -2.80694045e-55]	7.881421155940068e-110	87680
685	[-5.00648979e-57 -2.80694045e-55]	7.881421155940068e-110	87808
686	[-5.00648979e-57 -2.80694045e-55]	7.881421155940068e-110	87936
687	[-5.00648979e-57 -2.80694045e-55]	7.881421155940068e-110	88064
688	[-2.14616447e-55 -9.68117151e-56]	5.543272745588924e-110	88192
689	[-2.14616447e-55 -9.68117151e-56]	5.543272745588924e-110	88320
690	[ 1.64880461e-55 -9.00390691e-56]	3.5292600301927405e-110	88448
691	[ 1.64880461e-55 -9.00390691e-56]	3.5292600301927405e-110	88576
692	[ 1.64880461e-55 -9.00390691e-56]	3.5292600301927405e-110	88704
693	[-2.23888079e-56  1.45445033e-55]	2.1655516350194516e-110	88832
694	[-2.23888079e-56  1.45445033e-55]	2.1655516350194516e-110	88960
695	[-3.00586394e-56  4.66284420e-56]	3.0777334018779395e-111	89088
696	[-3.00586394e-56  4.66284420e-56]	3.0777334018779395e-111	89216
697	[-3.00586394e-56  4.66284420e-56]	3.0777334018779395e-111	89344
698	[3.34937169e-56 3.26396832e-56]	2.187177994173923e-111	89472
699	[3.34937169e-56 3.26396832e-56]	2.187177994173923e-111	89600
700	[3.34937169e-56 3.26396832e-56]	2.187177994173923e-111	89728
701	[ 3.97532904e-57 -2.89379147e-57]	2.4177270032871207e-113	89856
702	[ 3.97532904e-57 -2.89379147e-57]	2.4177270032871207e-113	89984
703	[ 3.97532904e-57 -2.89379147e-57]	2.4177270032871207e-113	90112
704	[ 3.97532904e-57 -2.89379147e-57]	2.4177270032871207e-113	90240
705	[ 3.97532904e-57 -2.89379147e-57]	2.4177270032871207e-113	90368
706	[ 3.97532904e-57 -2.89379147e-57]	2.4177270032871207e-113	90496
707	[ 3.97532904e-57 -2.89379147e-57]	2.4177270032871207e-113	90624
708	[ 3.97532904e-57 -2.89379147e-57]	2.4177270032871207e-113	90752
709	[ 3.97532904e-57 -2.89379147e-57]	2.4177270032871207e-113	90880
710	[ 3.97532904e-57 -2.89379147e-57]	2.4177270032871207e-113	91008
711	[ 3.97532904e-57 -2.89379147e-57]	2.4177270032871207e-113	91136
712	[ 3.97532904e-57 -2.89379147e-57]	2.4177270032871207e-113	91264
713	[ 3.97532904e-57 -2.89379147e-57]	2.4177270032871207e-113	91392
714	[ 2.43081333e-57 -9.53907285e-59]	5.9179528202418854e-114	91520
715	[ 2.43081333e-57 -9.53907285e-59]	5.9179528202418854e-114	91648
716	[-2.11789757e-58  8.83573063e-58]	8.255562595048525e-115	91776
717	[-2.11789757e-58  8.83573063e-58]	8.255562595048525e-115	91904
718	[-2.11789757e-58  8.83573063e-58]	8.255562595048525e-115	92032
719	[-2.11789757e-58  8.83573063e-58]	8.255562595048525e-115	92160
720	[-2.11789757e-58  8.83573063e-58]	8.255562595048525e-115	92288
721	[-1.46740215e-58 -6.21784645e-58]	4.081488356825085e-115	92416
722	[-1.46740215e-58 -6.21784645e-58]	4.081488356825085e-115	92544
723	[-1.46740215e-58 -6.21784645e-58]	4.081488356825085e-115	92672
724	[-1.46740215e-58 -6.21784645e-58]	4.081488356825085e-115	92800
725	[ 1.35960928e-58 -2.35672625e-59]	1.9040789922956314e-116	92928
726	[ 1.35960928e-58 -2.35672625e-59]	1.9040789922956314e-116	93056
727	[ 1.35960928e-58 -2.35672625e-59]	1.9040789922956314e-116	93184
728	[4.48314234e-59 1.01175985e-58]	1.2246436378019438e-116	93312
729	[4.48314234e-59 1.01175985e-58]	1.2246436378019438e-116	93440
730	[ 2.1138047e-59 -8.2917079e-59]	7.322059017750522e-117	93568
731	[ 2.1138047e-59 -8.2917079e-59]	7.322059017750522e-117	93696
732	[ 2.1138047e-59 -8.2917079e-59]	7.322059017750522e-117	93824
733	[ 2.1138047e-59 -8.2917079e-59]	7.322059017750522e-117	93952
734	[ 2.1138047e-59 -8.2917079e-59]	7.322059017750522e-117	94080
735	[ 2.1138047e-59 -8.2917079e-59]	7.322059017750522e-117	94208
736	[5.53868308e-59 5.95257600e-60]	3.1031341858976414e-117	94336
737	[5.53868308e-59 5.95257600e-60]	3.1031341858976414e-117	94464
738	[5.53868308e-59 5.95257600e-60]	3.1031341858976414e-117	94592
739	[5.53868308e-59 5.95257600e-60]	3.1031341858976414e-117	94720
740	[-2.35321666e-59 -2.27061461e-59]	1.0693319354806423e-117	94848
741	[-9.82826504e-60 -1.10732196e-59]	2.1921098693472053e-118	94976
742	[-9.82826504e-60 -1.10732196e-59]	2.1921098693472053e-118	95104
743	[-5.56204642e-60 -1.33865597e-59]	2.1013633973247892e-118	95232
744	[ 5.62345109e-60 -1.28148567e-59]	1.9584375499788145e-118	95360
745	[ 5.62345109e-60 -1.28148567e-59]	1.9584375499788145e-118	95488
746	[6.73108452e-60 5.95257600e-60]	8.0740659783246e-119	95616
747	[6.73108452e-60 5.95257600e-60]	8.0740659783246e-119	95744
748	[ 4.86030137e-60 -5.24062477e-60]	5.108667744030971e-119	95872
749	[-1.26989986e-60  1.14556250e-61]	1.625768798551484e-120	96000
750	[-1.26989986e-60  1.14556250e-61]	1.625768798551484e-120	96128
751	[-1.26989986e-60  1.14556250e-61]	1.625768798551484e-120	96256
752	[-1.26989986e-60  1.14556250e-61]	1.625768798551484e-120	96384
753	[-1.26989986e-60  1.14556250e-61]	1.625768798551484e-120	96512
754	[-1.26989986e-60  1.14556250e-61]	1.625768798551484e-120	96640
755	[-1.26989986e-60  1.14556250e-61]	1.625768798551484e-120	96768
756	[-1.26989986e-60  1.14556250e-61]	1.625768798551484e-120	96896
757	[-1.26989986e-60  1.14556250e-61]	1.625768798551484e-120	97024
758	[-1.26989986e-60  1.14556250e-61]	1.625768798551484e-120	97152
759	[-2.03713324e-61  9.46112456e-61]	9.366278971118087e-121	97280
760	[-2.03713324e-61  9.46112456e-61]	9.366278971118087e-121	97408
761	[ 6.29014716e-61 -4.14683222e-62]	3.97379135303515e-121	97536
762	[ 3.36645760e-61 -1.37279612e-61]	1.3217605958527264e-121	97664
763	[ 3.36645760e-61 -1.37279612e-61]	1.3217605958527264e-121	97792
764	[-6.89294116e-62 -3.31297786e-61]	1.1450948651278038e-121	97920
765	[7.93245054e-62 5.97462105e-62]	9.861986821409374e-123	98048
766	[7.93245054e-62 5.97462105e-62]	9.861986821409374e-123	98176
767	[7.93245054e-62 5.97462105e-62]	9.861986821409374e-123	98304
768	[-5.78753184e-63 -2.86035046e-62]	8.51656001755203e-124	98432
769	[-5.78753184e-63 -2.86035046e-62]	8.51656001755203e-124	98560
770	[-5.78753184e-63 -2.86035046e-62]	8.51656001755203e-124	98688
771	[-5.78753184e-63 -2.86035046e-62]	8.51656001755203e-124	98816
772	[-5.78753184e-63 -2.86035046e-62]	8.51656001755203e-124	98944
773	[-5.78753184e-63 -2.86035046e-62]	8.51656001755203e-124	99072
774	[-5.78753184e-63 -2.86035046e-62]	8.51656001755203e-124	99200
775	[-5.78753184e-63 -2.86035046e-62]	8.51656001755203e-124	99328
776	[-5.78753184e-63 -2.86035046e-62]	8.51656001755203e-124	99456
777	[-5.78753184e-63 -2.86035046e-62]	8.51656001755203e-124	99584
778	[-5.78753184e-63 -2.86035046e-62]	8.51656001755203e-124	99712
779	[ 1.28970345e-62 -1.68568623e-62]	4.504873066229983e-124	99840
780	[-2.54244456e-63  1.81021538e-63]	9.740904078200346e-126	99968
781	[-2.54244456e-63  1.81021538e-63]	9.740904078200346e-126	100096
#Result: mean = 0.0012267857115054038	std = 0.023877883513937468