#GEN	x_best	f(x_best)	#eval
0	[-0.37434067 -0.28355086]	0.2205320304123937	128
1	[-0.37434067 -0.28355086]	0.2205320304123937	256
2	[0.31046547 0.07214226]	0.10159331581142222	384
3	[0.00514533 0.06336539]	0.004041646571780847	512
4	[ 0.01782867 -0.0509926 ]	0.002918106926232724	640
5	[ 0.01782867 -0.0509926 ]	0.002918106926232724	768
6	[ 0.01782867 -0.0509926 ]	0.002918106926232724	896
7	[ 0.01782867 -0.0509926 ]	0.002918106926232724	1024
8	[ 0.01782867 -0.0509926 ]	0.002918106926232724	1152
9	[ 0.01782867 -0.0509926 ]	0.002918106926232724	1280
10	[ 0.01782867 -0.0509926 ]	0.002918106926232724	1408
11	[ 0.01782867 -0.0509926 ]	0.002918106926232724	1536
12	[ 0.01782867 -0.0509926 ]	0.002918106926232724	1664
13	[0.04348546 0.01840979]	0.0022299059900406696	1792
14	[ 0.02983961 -0.01009637]	0.000992338796404723	1920
15	[ 0.02983961 -0.01009637]	0.000992338796404723	2048
16	[ 0.02983961 -0.01009637]	0.000992338796404723	2176
17	[ 0.02983961 -0.01009637]	0.000992338796404723	2304
18	[ 0.02983961 -0.01009637]	0.000992338796404723	2432
19	[-0.01720781  0.01570698]	0.0005428179965496649	2560
20	[0.0102995  0.00427918]	0.00012439111793479174	2688
21	[-0.00546282  0.00166535]	3.261581986577394e-05	2816
22	[-0.00546282  0.00166535]	3.261581986577394e-05	2944
23	[ 0.00104617 -0.00346962]	1.3132735004841428e-05	3072
24	[ 0.00032698 -0.00043962]	3.001803545113814e-07	3200
25	[ 0.00032698 -0.00043962]	3.001803545113814e-07	3328
26	[ 0.00032698 -0.00043962]	3.001803545113814e-07	3456
27	[ 0.00032698 -0.00043962]	3.001803545113814e-07	3584
28	[ 0.00032698 -0.00043962]	3.001803545113814e-07	3712
29	[ 0.00032698 -0.00043962]	3.001803545113814e-07	3840
30	[ 0.00032698 -0.00043962]	3.001803545113814e-07	3968
31	[ 0.00032698 -0.00043962]	3.001803545113814e-07	4096
32	[ 0.00032698 -0.00043962]	3.001803545113814e-07	4224
33	[ 0.00032698 -0.00043962]	3.001803545113814e-07	4352
34	[ 0.00032698 -0.00043962]	3.001803545113814e-07	4480
35	[ 0.00032698 -0.00043962]	3.001803545113814e-07	4608
36	[ 0.00046891 -0.00020672]	2.6260676759297867e-07	4736
37	[0.00042963 0.00015055]	2.0724600283866816e-07	4864
38	[0.00042963 0.00015055]	2.0724600283866816e-07	4992
39	[-6.87943177e-05  3.11617456e-04]	1.0183809681544657e-07	5120
40	[ 1.95025991e-04 -3.57412869e-05]	3.9312576621778544e-08	5248
41	[ 1.95025991e-04 -3.57412869e-05]	3.9312576621778544e-08	5376
42	[-9.58856820e-05 -1.25003624e-04]	2.4819969984354302e-08	5504
43	[-9.58856820e-05 -1.25003624e-04]	2.4819969984354302e-08	5632
44	[-9.58856820e-05 -1.25003624e-04]	2.4819969984354302e-08	5760
45	[-3.46037025e-05  5.09791629e-05]	3.796291278436925e-09	5888
46	[-3.46037025e-05  5.09791629e-05]	3.796291278436925e-09	6016
47	[-3.46037025e-05  5.09791629e-05]	3.796291278436925e-09	6144
48	[ 1.86345994e-05 -2.63284803e-05]	1.0404371691268434e-09	6272
49	[ 1.86345994e-05 -2.63284803e-05]	1.0404371691268434e-09	6400
50	[ 3.73396223e-06 -1.91747989e-06]	1.7619203068805134e-11	6528
51	[ 3.73396223e-06 -1.91747989e-06]	1.7619203068805134e-11	6656
52	[ 3.73396223e-06 -1.91747989e-06]	1.7619203068805134e-11	6784
53	[ 3.73396223e-06 -1.91747989e-06]	1.7619203068805134e-11	6912
54	[ 3.73396223e-06 -1.91747989e-06]	1.7619203068805134e-11	7040
55	[ 3.73396223e-06 -1.91747989e-06]	1.7619203068805134e-11	7168
56	[ 3.73396223e-06 -1.91747989e-06]	1.7619203068805134e-11	7296
57	[ 3.73396223e-06 -1.91747989e-06]	1.7619203068805134e-11	7424
58	[ 3.73396223e-06 -1.91747989e-06]	1.7619203068805134e-11	7552
59	[ 3.73396223e-06 -1.91747989e-06]	1.7619203068805134e-11	7680
60	[ 3.73396223e-06 -1.91747989e-06]	1.7619203068805134e-11	7808
61	[ 3.73396223e-06 -1.91747989e-06]	1.7619203068805134e-11	7936
62	[ 3.73396223e-06 -1.91747989e-06]	1.7619203068805134e-11	8064
63	[-2.81186341e-06 -2.83330945e-07]	7.986852240293856e-12	8192
64	[-2.81186341e-06 -2.83330945e-07]	7.986852240293856e-12	8320
65	[-2.81186341e-06 -2.83330945e-07]	7.986852240293856e-12	8448
66	[-2.81186341e-06 -2.83330945e-07]	7.986852240293856e-12	8576
67	[-2.81186341e-06 -2.83330945e-07]	7.986852240293856e-12	8704
68	[ 3.26594216e-07 -2.21697430e-06]	5.021638841235492e-12	8832
69	[-2.10449961e-07 -8.79126663e-07]	8.171528751799856e-13	8960
70	[-5.57178106e-09 -6.84942551e-07]	4.691773429540668e-13	9088
71	[-5.57178106e-09 -6.84942551e-07]	4.691773429540668e-13	9216
72	[-5.57178106e-09 -6.84942551e-07]	4.691773429540668e-13	9344
73	[-1.06723974e-07 -5.45079499e-07]	3.0850166728814946e-13	9472
74	[-1.06723974e-07 -3.68411034e-08]	1.2747273582340577e-14	9600
75	[-1.06723974e-07 -3.68411034e-08]	1.2747273582340577e-14	9728
76	[-1.06723974e-07 -3.68411034e-08]	1.2747273582340577e-14	9856
77	[-1.06723974e-07 -3.68411034e-08]	1.2747273582340577e-14	9984
78	[-1.06723974e-07 -3.68411034e-08]	1.2747273582340577e-14	10112
79	[-1.06723974e-07 -3.68411034e-08]	1.2747273582340577e-14	10240
80	[-1.06723974e-07 -3.68411034e-08]	1.2747273582340577e-14	10368
81	[-1.06723974e-07 -3.68411034e-08]	1.2747273582340577e-14	10496
82	[7.95728026e-08 4.77395674e-08]	8.61089721613584e-15	10624
83	[7.95728026e-08 4.77395674e-08]	8.61089721613584e-15	10752
84	[7.95728026e-08 4.77395674e-08]	8.61089721613584e-15	10880
85	[ 2.54929759e-08 -8.06452460e-08]	7.153547530413952e-15	11008
86	[ 7.72668770e-08 -9.92836279e-09]	6.068742675176407e-15	11136
87	[ 7.72668770e-08 -9.92836279e-09]	6.068742675176407e-15	11264
88	[ 7.72668770e-08 -9.92836279e-09]	6.068742675176407e-15	11392
89	[-5.44996288e-08 -2.48087446e-08]	3.585683347382251e-15	11520
90	[-5.44996288e-08 -2.48087446e-08]	3.585683347382251e-15	11648
91	[-2.35247470e-08 -1.20385242e-08]	6.983397867063738e-16	11776
92	[-2.35247470e-08 -1.20385242e-08]	6.983397867063738e-16	11904
93	[-5.28232453e-09  8.06696128e-09]	9.297881672361164e-17	12032
94	[-5.28232453e-09  8.06696128e-09]	9.297881672361164e-17	12160
95	[-5.28232453e-09  8.06696128e-09]	9.297881672361164e-17	12288
96	[-5.28232453e-09  8.06696128e-09]	9.297881672361164e-17	12416
97	[-5.28232453e-09  8.06696128e-09]	9.297881672361164e-17	12544
98	[-5.28232453e-09  8.06696128e-09]	9.297881672361164e-17	12672
99	[4.30219024e-09 5.17824439e-09]	4.532305577796018e-17	12800
100	[ 1.56849808e-09 -1.30254722e-09]	4.1568154941638185e-18	12928
101	[ 1.56849808e-09 -1.30254722e-09]	4.1568154941638185e-18	13056
102	[-1.26087674e-09 -1.22292193e-09]	3.085348213953097e-18	13184
103	[-1.20944296e-09  3.22404212e-10]	1.5666967571988751e-18	13312
104	[-1.20944296e-09  3.22404212e-10]	1.5666967571988751e-18	13440
105	[-1.20944296e-09  3.22404212e-10]	1.5666967571988751e-18	13568
106	[-1.20944296e-09  3.22404212e-10]	1.5666967571988751e-18	13696
107	[ 1.17183180e-09 -2.74051734e-10]	1.448294121371173e-18	13824
108	[ 1.17183180e-09 -2.74051734e-10]	1.448294121371173e-18	13952
109	[ 1.17183180e-09 -2.74051734e-10]	1.448294121371173e-18	14080
110	[1.10729759e-09 3.77992931e-10]	1.3689866066395409e-18	14208
111	[1.10729759e-09 3.77992931e-10]	1.3689866066395409e-18	14336
112	[-7.61643889e-10 -1.05693373e-10]	5.9127250231663365e-19	14464
113	[-6.78505590e-10 -3.39374992e-10]	5.755452207732768e-19	14592
114	[4.05703468e-10 3.73743175e-10]	3.042792653884808e-19	14720
115	[4.05703468e-10 3.73743175e-10]	3.042792653884808e-19	14848
116	[-2.18510959e-10  2.37568430e-10]	1.0418579799846202e-19	14976
117	[ 8.35005086e-11 -9.53325113e-11]	1.606062264041395e-20	15104
118	[ 8.35005086e-11 -9.53325113e-11]	1.606062264041395e-20	15232
119	[-5.99810200e-11 -4.25946959e-11]	5.41203087984506e-21	15360
120	[-5.99810200e-11 -4.25946959e-11]	5.41203087984506e-21	15488
121	[-5.99810200e-11 -4.25946959e-11]	5.41203087984506e-21	15616
122	[ 2.67198677e-11 -6.10390282e-12]	7.5120895926295e-22	15744
123	[ 2.67198677e-11 -6.10390282e-12]	7.5120895926295e-22	15872
124	[ 2.67198677e-11 -6.10390282e-12]	7.5120895926295e-22	16000
125	[ 2.67198677e-11 -6.10390282e-12]	7.5120895926295e-22	16128
126	[ 2.67198677e-11 -6.10390282e-12]	7.5120895926295e-22	16256
127	[ 2.67198677e-11 -6.10390282e-12]	7.5120895926295e-22	16384
128	[ 2.67198677e-11 -6.10390282e-12]	7.5120895926295e-22	16512
129	[2.18365853e-11 6.35987453e-12]	5.1728446037326235e-22	16640
130	[2.18365853e-11 6.35987453e-12]	5.1728446037326235e-22	16768
131	[2.18365853e-11 6.35987453e-12]	5.1728446037326235e-22	16896
132	[-1.85774505e-12 -2.04142971e-12]	7.618651935118214e-24	17024
133	[-1.85774505e-12 -2.04142971e-12]	7.618651935118214e-24	17152
134	[-1.85774505e-12 -2.04142971e-12]	7.618651935118214e-24	17280
135	[-1.85774505e-12 -2.04142971e-12]	7.618651935118214e-24	17408
136	[-1.85774505e-12 -2.04142971e-12]	7.618651935118214e-24	17536
137	[-1.85774505e-12 -2.04142971e-12]	7.618651935118214e-24	17664
138	[-1.85774505e-12 -2.04142971e-12]	7.618651935118214e-24	17792
139	[-1.85774505e-12 -2.04142971e-12]	7.618651935118214e-24	17920
140	[-1.85774505e-12 -2.04142971e-12]	7.618651935118214e-24	18048
141	[3.98608772e-13 8.84116056e-13]	9.40550153424633e-25	18176
142	[ 5.39291977e-13 -4.08593109e-14]	2.9250532008114335e-25	18304
143	[ 5.39291977e-13 -4.08593109e-14]	2.9250532008114335e-25	18432
144	[ 5.39291977e-13 -4.08593109e-14]	2.9250532008114335e-25	18560
145	[ 5.39291977e-13 -4.08593109e-14]	2.9250532008114335e-25	18688
146	[ 5.39291977e-13 -4.08593109e-14]	2.9250532008114335e-25	18816
147	[-6.72965331e-14 -7.27904344e-14]	9.827270710578222e-27	18944
148	[-6.72965331e-14 -7.27904344e-14]	9.827270710578222e-27	19072
149	[-6.72965331e-14 -7.27904344e-14]	9.827270710578222e-27	19200
150	[-6.72965331e-14 -7.27904344e-14]	9.827270710578222e-27	19328
151	[-6.72965331e-14 -7.27904344e-14]	9.827270710578222e-27	19456
152	[-6.72965331e-14 -7.27904344e-14]	9.827270710578222e-27	19584
153	[-6.72965331e-14 -7.27904344e-14]	9.827270710578222e-27	19712
154	[-6.72965331e-14 -7.27904344e-14]	9.827270710578222e-27	19840
155	[-6.72965331e-14 -7.27904344e-14]	9.827270710578222e-27	19968
156	[-6.72965331e-14 -7.27904344e-14]	9.827270710578222e-27	20096
157	[-6.72965331e-14 -7.27904344e-14]	9.827270710578222e-27	20224
158	[-6.72965331e-14 -7.27904344e-14]	9.827270710578222e-27	20352
159	[-6.72965331e-14 -7.27904344e-14]	9.827270710578222e-27	20480
160	[ 5.07981115e-14 -4.43872686e-14]	4.550677747761634e-27	20608
161	[ 2.23773568e-14 -6.15186783e-14]	4.285293879046165e-27	20736
162	[ 2.23773568e-14 -6.15186783e-14]	4.285293879046165e-27	20864
163	[ 2.23773568e-14 -6.15186783e-14]	4.285293879046165e-27	20992
164	[1.32014011e-14 2.27044221e-14]	6.897677752405896e-28	21120
165	[ 1.18763809e-14 -1.95904699e-14]	5.248349348206723e-28	21248
166	[-9.81931855e-15 -1.66728722e-14]	3.7440368289336466e-28	21376
167	[-9.81931855e-15 -1.66728722e-14]	3.7440368289336466e-28	21504
168	[ 1.24607199e-14 -1.32908141e-14]	3.319152790886754e-28	21632
169	[ 1.24607199e-14 -1.32908141e-14]	3.319152790886754e-28	21760
170	[ 1.24607199e-14 -1.32908141e-14]	3.319152790886754e-28	21888
171	[ 1.24607199e-14 -1.32908141e-14]	3.319152790886754e-28	22016
172	[ 6.96253163e-15 -1.32908141e-14]	2.251225863086577e-28	22144
173	[ 6.96253163e-15 -1.32908141e-14]	2.251225863086577e-28	22272
174	[ 8.07252751e-15 -7.73489070e-15]	1.249942345282043e-28	22400
175	[ 5.08073387e-15 -1.98765273e-15]	2.976462003642514e-29	22528
176	[ 5.08073387e-15 -1.98765273e-15]	2.976462003642514e-29	22656
177	[ 5.08073387e-15 -1.98765273e-15]	2.976462003642514e-29	22784
178	[ 5.08073387e-15 -1.98765273e-15]	2.976462003642514e-29	22912
179	[1.30727991e-16 3.81033232e-15]	1.4535722228759152e-29	23040
180	[-1.88482383e-15  1.91793170e-16]	3.5893455029742476e-30	23168
181	[1.35823976e-15 1.29398476e-15]	3.5192118030497706e-30	23296
182	[1.35823976e-15 1.29398476e-15]	3.5192118030497706e-30	23424
183	[-2.70675720e-16 -5.20865735e-16]	3.445664596466539e-31	23552
184	[-2.70675720e-16 -5.20865735e-16]	3.445664596466539e-31	23680
185	[ 3.65473374e-16 -5.39311142e-17]	1.364793523802878e-31	23808
186	[ 3.65473374e-16 -5.39311142e-17]	1.364793523802878e-31	23936
187	[ 3.65473374e-16 -5.39311142e-17]	1.364793523802878e-31	24064
188	[-1.92813036e-16 -2.88566572e-16]	1.2044753348532604e-31	24192
189	[-1.92813036e-16 -2.88566572e-16]	1.2044753348532604e-31	24320
190	[-1.92813036e-16 -2.88566572e-16]	1.2044753348532604e-31	24448
191	[-1.92813036e-16 -2.88566572e-16]	1.2044753348532604e-31	24576
192	[-1.92813036e-16 -2.88566572e-16]	1.2044753348532604e-31	24704
193	[-2.30428472e-16  2.30097514e-16]	1.060421464045659e-31	24832
194	[ 2.00479048e-18 -2.02012139e-16]	4.081292347428953e-32	24960
195	[ 2.00479048e-18 -2.02012139e-16]	4.081292347428953e-32	25088
196	[ 2.00479048e-18 -2.02012139e-16]	4.081292347428953e-32	25216
197	[-6.90347030e-17  1.85927781e-16]	3.933493013312165e-32	25344
198	[-6.90347030e-17  1.85927781e-16]	3.933493013312165e-32	25472
199	[ 9.62441857e-17 -2.09864657e-17]	9.703375032940998e-33	25600
200	[1.62913292e-17 9.92645986e-18]	3.6394201179670713e-34	25728
201	[1.62913292e-17 9.92645986e-18]	3.6394201179670713e-34	25856
202	[1.62913292e-17 9.92645986e-18]	3.6394201179670713e-34	25984
203	[-6.99256419e-18  3.26483335e-18]	5.955509069088314e-35	26112
204	[-6.99256419e-18  3.26483335e-18]	5.955509069088314e-35	26240
205	[-6.99256419e-18  3.26483335e-18]	5.955509069088314e-35	26368
206	[-6.99256419e-18  3.26483335e-18]	5.955509069088314e-35	26496
207	[-6.99256419e-18  3.26483335e-18]	5.955509069088314e-35	26624
208	[-6.99256419e-18  3.26483335e-18]	5.955509069088314e-35	26752
209	[-6.99256419e-18  3.26483335e-18]	5.955509069088314e-35	26880
210	[-6.99256419e-18  3.26483335e-18]	5.955509069088314e-35	27008
211	[-6.99256419e-18  3.26483335e-18]	5.955509069088314e-35	27136
212	[-6.99256419e-18  3.26483335e-18]	5.955509069088314e-35	27264
213	[-6.99256419e-18  3.26483335e-18]	5.955509069088314e-35	27392
214	[-3.06820345e-18  1.73752674e-18]	1.2432871539665405e-35	27520
215	[-3.06820345e-18  1.73752674e-18]	1.2432871539665405e-35	27648
216	[-3.06820345e-18  1.73752674e-18]	1.2432871539665405e-35	27776
217	[-3.06820345e-18  1.73752674e-18]	1.2432871539665405e-35	27904
218	[-1.63753694e-18 -8.84683802e-20]	2.689353879826323e-36	28032
219	[-1.63753694e-18 -8.84683802e-20]	2.689353879826323e-36	28160
220	[ 8.75481813e-19 -8.84683802e-20]	7.742950594410122e-37	28288
221	[ 8.75481813e-19 -8.84683802e-20]	7.742950594410122e-37	28416
222	[ 8.75481813e-19 -8.84683802e-20]	7.742950594410122e-37	28544
223	[ 8.75481813e-19 -8.84683802e-20]	7.742950594410122e-37	28672
224	[ 8.75481813e-19 -8.84683802e-20]	7.742950594410122e-37	28800
225	[ 8.75481813e-19 -8.84683802e-20]	7.742950594410122e-37	28928
226	[ 7.90147963e-19 -1.35675792e-19]	6.427417246331587e-37	29056
227	[3.68843269e-19 6.02863126e-19]	4.994893050828905e-37	29184
228	[-5.08950934e-19 -4.52530215e-19]	4.638146481350799e-37	29312
229	[-4.56326941e-19 -2.77484340e-19]	2.8523183542820197e-37	29440
230	[ 1.90526771e-19 -4.18694965e-19]	2.116059240293822e-37	29568
231	[-8.93671976e-20  2.07284898e-20]	8.416166288018473e-39	29696
232	[-8.93671976e-20  2.07284898e-20]	8.416166288018473e-39	29824
233	[-8.93671976e-20  2.07284898e-20]	8.416166288018473e-39	29952
234	[-8.93671976e-20  2.07284898e-20]	8.416166288018473e-39	30080
235	[ 2.55288550e-20 -3.78582611e-20]	2.0849703662547856e-39	30208
236	[ 2.55288550e-20 -3.78582611e-20]	2.0849703662547856e-39	30336
237	[ 2.55288550e-20 -3.78582611e-20]	2.0849703662547856e-39	30464
238	[ 2.55288550e-20 -3.78582611e-20]	2.0849703662547856e-39	30592
239	[ 2.55288550e-20 -3.78582611e-20]	2.0849703662547856e-39	30720
240	[ 2.55288550e-20 -3.78582611e-20]	2.0849703662547856e-39	30848
241	[ 2.55288550e-20 -3.78582611e-20]	2.0849703662547856e-39	30976
242	[ 2.55288550e-20 -3.78582611e-20]	2.0849703662547856e-39	31104
243	[ 2.55288550e-20 -3.78582611e-20]	2.0849703662547856e-39	31232
244	[ 2.55288550e-20 -3.78582611e-20]	2.0849703662547856e-39	31360
245	[1.42041153e-20 1.04741214e-20]	3.114641108860203e-40	31488
246	[1.42041153e-20 1.04741214e-20]	3.114641108860203e-40	31616
247	[-9.88003989e-21 -6.95315378e-21]	1.459615357237037e-40	31744
248	[-9.88003989e-21 -6.95315378e-21]	1.459615357237037e-40	31872
249	[-9.88003989e-21 -6.95315378e-21]	1.459615357237037e-40	32000
250	[-9.43412007e-21  6.80826327e-21]	1.3535507021320042e-40	32128
251	[-5.02700731e-22 -7.07473714e-23]	2.5771321577106154e-43	32256
252	[-5.02700731e-22 -7.07473714e-23]	2.5771321577106154e-43	32384
253	[-5.02700731e-22 -7.07473714e-23]	2.5771321577106154e-43	32512
254	[-5.02700731e-22 -7.07473714e-23]	2.5771321577106154e-43	32640
255	[-5.02700731e-22 -7.07473714e-23]	2.5771321577106154e-43	32768
256	[-5.02700731e-22 -7.07473714e-23]	2.5771321577106154e-43	32896
257	[-5.02700731e-22 -7.07473714e-23]	2.5771321577106154e-43	33024
258	[-5.02700731e-22 -7.07473714e-23]	2.5771321577106154e-43	33152
259	[-5.02700731e-22 -7.07473714e-23]	2.5771321577106154e-43	33280
260	[-5.02700731e-22 -7.07473714e-23]	2.5771321577106154e-43	33408
261	[-5.02700731e-22 -7.07473714e-23]	2.5771321577106154e-43	33536
262	[-5.02700731e-22 -7.07473714e-23]	2.5771321577106154e-43	33664
263	[-5.02700731e-22 -7.07473714e-23]	2.5771321577106154e-43	33792
264	[-5.02700731e-22 -7.07473714e-23]	2.5771321577106154e-43	33920
265	[-5.02700731e-22 -7.07473714e-23]	2.5771321577106154e-43	34048
266	[ 3.70461883e-22 -3.29837343e-22]	2.460346797353443e-43	34176
267	[-1.40720140e-22  1.57705539e-22]	4.467319486792895e-44	34304
268	[-1.40720140e-22  1.57705539e-22]	4.467319486792895e-44	34432
269	[-1.40720140e-22  1.57705539e-22]	4.467319486792895e-44	34560
270	[-1.40720140e-22  1.57705539e-22]	4.467319486792895e-44	34688
271	[-1.40720140e-22  1.57705539e-22]	4.467319486792895e-44	34816
272	[-1.71788178e-22 -8.82903183e-23]	3.730635832644936e-44	34944
273	[-2.54848085e-23  1.59617418e-22]	2.6127195438919256e-44	35072
274	[-3.96352157e-23  7.28857863e-23]	6.883288160753513e-45	35200
275	[7.87103966e-23 2.41200272e-23]	6.77710224628877e-45	35328
276	[2.23463558e-23 5.19981417e-23]	3.203166361910497e-45	35456
277	[2.23463558e-23 5.19981417e-23]	3.203166361910497e-45	35584
278	[-3.15352221e-23  3.78604565e-24]	1.0088043736438648e-45	35712
279	[ 2.44548210e-23 -1.34764941e-23]	7.796541636347645e-46	35840
280	[ 2.44548210e-23 -1.34764941e-23]	7.796541636347645e-46	35968
281	[ 2.44548210e-23 -1.34764941e-23]	7.796541636347645e-46	36096
282	[ 2.44548210e-23 -1.34764941e-23]	7.796541636347645e-46	36224
283	[2.49170189e-23 4.08692773e-24]	6.3756080811216535e-46	36352
284	[3.84627063e-24 4.18531095e-24]	3.2310625530282435e-47	36480
285	[3.84627063e-24 4.18531095e-24]	3.2310625530282435e-47	36608
286	[-1.93252126e-24  4.18531095e-24]	2.125146615579478e-47	36736
287	[-1.93252126e-24  4.18531095e-24]	2.125146615579478e-47	36864
288	[-1.93252126e-24  4.18531095e-24]	2.125146615579478e-47	36992
289	[-1.93252126e-24  4.18531095e-24]	2.125146615579478e-47	37120
290	[ 3.40608679e-24 -8.47908095e-25]	1.2320375376218034e-47	37248
291	[ 3.40608679e-24 -8.47908095e-25]	1.2320375376218034e-47	37376
292	[ 3.40608679e-24 -8.47908095e-25]	1.2320375376218034e-47	37504
293	[-3.33720898e-24 -5.67800504e-25]	1.1459361201826027e-47	37632
294	[-3.33720898e-24 -5.67800504e-25]	1.1459361201826027e-47	37760
295	[-3.33720898e-24 -5.67800504e-25]	1.1459361201826027e-47	37888
296	[-3.33720898e-24 -5.67800504e-25]	1.1459361201826027e-47	38016
297	[1.09397726e-25 2.08403864e-24]	4.3551849125928664e-48	38144
298	[1.09397726e-25 1.58992995e-24]	2.5398451091701412e-48	38272
299	[ 4.73182994e-25 -1.99166924e-25]	2.635696093434692e-49	38400
300	[ 4.73182994e-25 -1.99166924e-25]	2.635696093434692e-49	38528
301	[ 4.73182994e-25 -1.99166924e-25]	2.635696093434692e-49	38656
302	[-3.97605424e-25 -2.22765788e-25]	2.0771466994638155e-49	38784
303	[-3.97605424e-25 -2.22765788e-25]	2.0771466994638155e-49	38912
304	[3.69600922e-25 2.50721181e-25]	1.9946595251218113e-49	39040
305	[3.69600922e-25 2.50721181e-25]	1.9946595251218113e-49	39168
306	[-2.20525400e-25 -1.73789721e-26]	4.893348072527423e-50	39296
307	[-2.20525400e-25 -1.73789721e-26]	4.893348072527423e-50	39424
308	[-1.54003208e-25 -1.20725585e-25]	3.829165495869295e-50	39552
309	[-7.27556552e-26  7.25955642e-26]	1.0563501304930262e-50	39680
310	[-7.27556552e-26  7.25955642e-26]	1.0563501304930262e-50	39808
311	[-7.27556552e-26  7.25955642e-26]	1.0563501304930262e-50	39936
312	[ 5.61532127e-26 -8.23770512e-26]	9.939161869547386e-51	40064
313	[ 5.61532127e-26 -8.23770512e-26]	9.939161869547386e-51	40192
314	[2.52863590e-26 1.99451244e-26]	1.0372079419141312e-51	40320
315	[2.52863590e-26 1.99451244e-26]	1.0372079419141312e-51	40448
316	[2.52863590e-26 1.99451244e-26]	1.0372079419141312e-51	40576
317	[2.52863590e-26 1.99451244e-26]	1.0372079419141312e-51	40704
318	[2.52863590e-26 1.99451244e-26]	1.0372079419141312e-51	40832
319	[2.52863590e-26 1.99451244e-26]	1.0372079419141312e-51	40960
320	[ 1.38880178e-26 -1.59883870e-26]	4.48505556582734e-52	41088
321	[-4.92788120e-27  9.21458763e-27]	1.0919263835754513e-52	41216
322	[-4.92788120e-27  9.21458763e-27]	1.0919263835754513e-52	41344
323	[-4.92788120e-27  9.21458763e-27]	1.0919263835754513e-52	41472
324	[ 2.21400752e-27 -8.86307052e-27]	8.345584832858021e-53	41600
325	[ 2.21400752e-27 -8.86307052e-27]	8.345584832858021e-53	41728
326	[ 2.21400752e-27 -8.86307052e-27]	8.345584832858021e-53	41856
327	[ 2.21400752e-27 -8.86307052e-27]	8.345584832858021e-53	41984
328	[5.45308420e-27 4.79882824e-27]	5.276487975178825e-53	42112
329	[-2.36048298e-27  2.24874552e-27]	1.0628736286674637e-53	42240
330	[-2.36048298e-27  2.24874552e-27]	1.0628736286674637e-53	42368
331	[-2.36048298e-27  2.24874552e-27]	1.0628736286674637e-53	42496
332	[-9.34383918e-28  1.55332709e-27]	3.285898352059443e-54	42624
333	[-9.34383918e-28  1.55332709e-27]	3.285898352059443e-54	42752
334	[-9.34383918e-28  1.55332709e-27]	3.285898352059443e-54	42880
335	[-9.34383918e-28  1.55332709e-27]	3.285898352059443e-54	43008
336	[-9.34383918e-28  1.55332709e-27]	3.285898352059443e-54	43136
337	[-9.34383918e-28  1.55332709e-27]	3.285898352059443e-54	43264
338	[-1.48134182e-27 -6.17200868e-28]	2.57531049475945e-54	43392
339	[-1.48134182e-27 -6.17200868e-28]	2.57531049475945e-54	43520
340	[9.05137095e-28 2.75395702e-28]	8.951159524467776e-55	43648
341	[9.05137095e-28 2.75395702e-28]	8.951159524467776e-55	43776
342	[ 8.41517763e-28 -3.27184609e-28]	8.152019141540062e-55	43904
343	[-1.16602215e-28  3.02782111e-28]	1.0527308356740274e-55	44032
344	[2.64577684e-29 1.27199534e-29]	8.618107217118282e-58	44160
345	[2.64577684e-29 1.27199534e-29]	8.618107217118282e-58	44288
346	[2.64577684e-29 1.27199534e-29]	8.618107217118282e-58	44416
347	[2.64577684e-29 1.27199534e-29]	8.618107217118282e-58	44544
348	[2.64577684e-29 1.27199534e-29]	8.618107217118282e-58	44672
349	[2.64577684e-29 1.27199534e-29]	8.618107217118282e-58	44800
350	[2.64577684e-29 1.27199534e-29]	8.618107217118282e-58	44928
351	[2.64577684e-29 1.27199534e-29]	8.618107217118282e-58	45056
352	[2.64577684e-29 1.27199534e-29]	8.618107217118282e-58	45184
353	[2.64577684e-29 1.27199534e-29]	8.618107217118282e-58	45312
354	[1.28290001e-29 1.49712530e-29]	3.887216601924044e-58	45440
355	[1.28290001e-29 1.49712530e-29]	3.887216601924044e-58	45568
356	[1.28290001e-29 1.49712530e-29]	3.887216601924044e-58	45696
357	[1.28290001e-29 1.49712530e-29]	3.887216601924044e-58	45824
358	[1.28290001e-29 1.49712530e-29]	3.887216601924044e-58	45952
359	[-1.50324504e-29 -2.65868866e-30]	2.3304318950572323e-58	46080
360	[-1.50324504e-29 -2.65868866e-30]	2.3304318950572323e-58	46208
361	[-1.50324504e-29 -2.65868866e-30]	2.3304318950572323e-58	46336
362	[-1.50324504e-29 -2.65868866e-30]	2.3304318950572323e-58	46464
363	[1.09686656e-29 4.04003402e-30]	1.36633499855408e-58	46592
364	[1.09686656e-29 4.04003402e-30]	1.36633499855408e-58	46720
365	[1.09686656e-29 4.04003402e-30]	1.36633499855408e-58	46848
366	[-4.46236438e-30  4.67482506e-30]	4.176668520735783e-59	46976
367	[-2.85008336e-30  2.03365496e-30]	1.2258727631572226e-59	47104
368	[2.59619160e-31 2.71232591e-31]	1.409692264290078e-61	47232
369	[2.59619160e-31 2.71232591e-31]	1.409692264290078e-61	47360
370	[2.59619160e-31 2.71232591e-31]	1.409692264290078e-61	47488
371	[2.59619160e-31 2.71232591e-31]	1.409692264290078e-61	47616
372	[2.59619160e-31 2.71232591e-31]	1.409692264290078e-61	47744
373	[2.59619160e-31 2.71232591e-31]	1.409692264290078e-61	47872
374	[2.59619160e-31 2.71232591e-31]	1.409692264290078e-61	48000
375	[ 2.00673080e-31 -1.59578386e-32]	4.052433767576615e-62	48128
376	[ 2.00673080e-31 -1.59578386e-32]	4.052433767576615e-62	48256
377	[ 2.00673080e-31 -1.59578386e-32]	4.052433767576615e-62	48384
378	[ 2.00673080e-31 -1.59578386e-32]	4.052433767576615e-62	48512
379	[ 2.00673080e-31 -1.59578386e-32]	4.052433767576615e-62	48640
380	[ 2.00673080e-31 -1.59578386e-32]	4.052433767576615e-62	48768
381	[ 2.00673080e-31 -1.59578386e-32]	4.052433767576615e-62	48896
382	[ 2.00673080e-31 -1.59578386e-32]	4.052433767576615e-62	49024
383	[ 2.00673080e-31 -1.59578386e-32]	4.052433767576615e-62	49152
384	[ 2.00673080e-31 -1.59578386e-32]	4.052433767576615e-62	49280
385	[ 2.00673080e-31 -1.59578386e-32]	4.052433767576615e-62	49408
386	[ 2.00673080e-31 -1.59578386e-32]	4.052433767576615e-62	49536
387	[-1.21161713e-31  6.21086047e-32]	1.8537639592571556e-62	49664
388	[-1.21161713e-31  6.21086047e-32]	1.8537639592571556e-62	49792
389	[-1.21161713e-31  6.21086047e-32]	1.8537639592571556e-62	49920
390	[-7.36303788e-32  4.96238265e-32]	7.883956844292747e-63	50048
391	[-7.36303788e-32  4.96238265e-32]	7.883956844292747e-63	50176
392	[-6.71038475e-32 -4.44823681e-32]	6.481607411271518e-63	50304
393	[ 3.82958080e-32 -6.12596343e-32]	5.219311699738542e-63	50432
394	[5.42979630e-32 4.55623435e-32]	5.024195926324748e-63	50560
395	[5.86471551e-33 5.29039863e-32]	2.833226658846395e-63	50688
396	[ 5.94259218e-33 -4.00948953e-33]	5.139040808905922e-65	50816
397	[ 5.94259218e-33 -4.00948953e-33]	5.139040808905922e-65	50944
398	[ 5.94259218e-33 -4.00948953e-33]	5.139040808905922e-65	51072
399	[ 5.94259218e-33 -4.00948953e-33]	5.139040808905922e-65	51200
400	[ 5.94259218e-33 -4.00948953e-33]	5.139040808905922e-65	51328
401	[ 5.94259218e-33 -4.00948953e-33]	5.139040808905922e-65	51456
402	[ 5.94259218e-33 -4.00948953e-33]	5.139040808905922e-65	51584
403	[ 5.94259218e-33 -4.00948953e-33]	5.139040808905922e-65	51712
404	[ 5.94259218e-33 -4.00948953e-33]	5.139040808905922e-65	51840
405	[ 5.94259218e-33 -4.00948953e-33]	5.139040808905922e-65	51968
406	[ 5.94259218e-33 -4.00948953e-33]	5.139040808905922e-65	52096
407	[-6.10183361e-33  1.06260419e-33]	3.836150100441479e-65	52224
408	[-3.43917384e-33 -4.10983740e-33]	2.871868022592515e-65	52352
409	[3.86187332e-33 6.05447538e-34]	1.5280632237189923e-65	52480
410	[3.86187332e-33 6.05447538e-34]	1.5280632237189923e-65	52608
411	[1.77078097e-33 2.16653110e-33]	7.829522244249463e-66	52736
412	[ 1.62647764e-33 -1.68221974e-33]	5.475292762599622e-66	52864
413	[ 1.62647764e-33 -1.68221974e-33]	5.475292762599622e-66	52992
414	[-8.37172345e-34 -1.69319695e-33]	3.567773461719969e-66	53120
415	[-8.37172345e-34 -1.69319695e-33]	3.567773461719969e-66	53248
416	[1.36207173e-33 8.88821344e-34]	2.645242773062113e-66	53376
417	[-7.84675849e-34 -1.02293289e-33]	1.66210788744917e-66	53504
418	[-5.02301461e-34 -1.57510809e-34]	2.7711641282875962e-67	53632
419	[ 2.74270974e-34 -1.90311173e-35]	7.558675035112922e-68	53760
420	[ 2.74270974e-34 -1.90311173e-35]	7.558675035112922e-68	53888
421	[ 2.74270974e-34 -1.90311173e-35]	7.558675035112922e-68	54016
422	[ 2.74270974e-34 -1.90311173e-35]	7.558675035112922e-68	54144
423	[ 2.74270974e-34 -1.90311173e-35]	7.558675035112922e-68	54272
424	[-1.14118126e-35 -1.57510809e-34]	2.493988438941641e-68	54400
425	[-1.20001645e-34 -1.63599205e-35]	1.466804175592716e-68	54528
426	[ 3.64130001e-36 -9.23625083e-35]	8.544092009446992e-69	54656
427	[ 3.64130001e-36 -9.23625083e-35]	8.544092009446992e-69	54784
428	[-5.06062233e-35  1.38635875e-35]	2.7531888964523663e-69	54912
429	[-5.06062233e-35  1.38635875e-35]	2.7531888964523663e-69	55040
430	[-5.06062233e-35  1.38635875e-35]	2.7531888964523663e-69	55168
431	[-3.99545069e-35  3.05200572e-35]	2.527836518443076e-69	55296
432	[-3.99545069e-35  3.05200572e-35]	2.527836518443076e-69	55424
433	[-3.99545069e-35  3.05200572e-35]	2.527836518443076e-69	55552
434	[-3.99545069e-35  3.05200572e-35]	2.527836518443076e-69	55680
435	[ 1.47683233e-35 -2.19728859e-36]	2.22931450177852e-70	55808
436	[ 1.47683233e-35 -2.19728859e-36]	2.22931450177852e-70	55936
437	[ 1.47683233e-35 -2.19728859e-36]	2.22931450177852e-70	56064
438	[-8.92007935e-36 -9.85225883e-36]	1.766348195992124e-70	56192
439	[-8.92007935e-36 -9.85225883e-36]	1.766348195992124e-70	56320
440	[ 1.53942698e-36 -7.06779910e-36]	5.232361946790768e-71	56448
441	[ 1.53942698e-36 -7.06779910e-36]	5.232361946790768e-71	56576
442	[ 1.53942698e-36 -7.06779910e-36]	5.232361946790768e-71	56704
443	[-1.77218038e-36  1.43311428e-36]	5.194439845724075e-72	56832
444	[-1.77218038e-36  1.43311428e-36]	5.194439845724075e-72	56960
445	[-1.77218038e-36  1.43311428e-36]	5.194439845724075e-72	57088
446	[-1.77218038e-36  1.43311428e-36]	5.194439845724075e-72	57216
447	[-1.77218038e-36  1.43311428e-36]	5.194439845724075e-72	57344
448	[-1.24786300e-36 -1.67085391e-36]	4.348914864411505e-72	57472
449	[-1.24786300e-36 -1.67085391e-36]	4.348914864411505e-72	57600
450	[-1.24786300e-36 -1.67085391e-36]	4.348914864411505e-72	57728
451	[-9.47613738e-37  2.73186240e-37]	9.72602517602506e-73	57856
452	[-9.47613738e-37  2.73186240e-37]	9.72602517602506e-73	57984
453	[-9.47613738e-37  2.73186240e-37]	9.72602517602506e-73	58112
454	[-9.47613738e-37  2.73186240e-37]	9.72602517602506e-73	58240
455	[-9.47613738e-37  2.73186240e-37]	9.72602517602506e-73	58368
456	[-3.46993568e-37  1.23077468e-38]	1.2055601663613612e-73	58496
457	[-3.46993568e-37  1.23077468e-38]	1.2055601663613612e-73	58624
458	[-3.46993568e-37  1.23077468e-38]	1.2055601663613612e-73	58752
459	[-3.46993568e-37  1.23077468e-38]	1.2055601663613612e-73	58880
460	[-3.46993568e-37  1.23077468e-38]	1.2055601663613612e-73	59008
461	[-3.47194316e-38  3.42270450e-37]	1.1835449972144857e-73	59136
462	[-8.57112205e-38 -1.20190428e-37]	2.1792152261718133e-74	59264
463	[-8.57112205e-38 -1.20190428e-37]	2.1792152261718133e-74	59392
464	[-8.17611945e-38  7.66042198e-39]	6.743574991248355e-75	59520
465	[-8.17611945e-38  7.66042198e-39]	6.743574991248355e-75	59648
466	[-4.57291432e-38 -3.57800619e-39]	2.1039566622842977e-75	59776
467	[-4.57291432e-38 -3.57800619e-39]	2.1039566622842977e-75	59904
468	[-4.57291432e-38 -3.57800619e-39]	2.1039566622842977e-75	60032
469	[-4.57291432e-38 -3.57800619e-39]	2.1039566622842977e-75	60160
470	[2.27169872e-38 2.53734373e-38]	1.159872828471068e-75	60288
471	[2.27169872e-38 2.53734373e-38]	1.159872828471068e-75	60416
472	[2.27169872e-38 2.53734373e-38]	1.159872828471068e-75	60544
473	[2.27169872e-38 2.53734373e-38]	1.159872828471068e-75	60672
474	[1.09969853e-38 2.72200846e-39]	1.2834301503809897e-76	60800
475	[1.09969853e-38 2.72200846e-39]	1.2834301503809897e-76	60928
476	[1.09969853e-38 2.72200846e-39]	1.2834301503809897e-76	61056
477	[1.09969853e-38 2.72200846e-39]	1.2834301503809897e-76	61184
478	[1.09969853e-38 2.72200846e-39]	1.2834301503809897e-76	61312
479	[1.09969853e-38 2.72200846e-39]	1.2834301503809897e-76	61440
480	[1.09969853e-38 2.72200846e-39]	1.2834301503809897e-76	61568
481	[1.09969853e-38 2.72200846e-39]	1.2834301503809897e-76	61696
482	[5.18782974e-39 2.22083719e-39]	3.184569523013877e-77	61824
483	[5.18782974e-39 2.22083719e-39]	3.184569523013877e-77	61952
484	[5.18782974e-39 2.22083719e-39]	3.184569523013877e-77	62080
485	[5.18782974e-39 2.22083719e-39]	3.184569523013877e-77	62208
486	[-2.52978555e-39  1.05567433e-39]	7.51426324562147e-78	62336
487	[-2.52978555e-39  1.05567433e-39]	7.51426324562147e-78	62464
488	[-2.52978555e-39  1.05567433e-39]	7.51426324562147e-78	62592
489	[-2.19597574e-39 -1.68143680e-40]	4.850581761460573e-78	62720
490	[-2.19597574e-39 -1.68143680e-40]	4.850581761460573e-78	62848
491	[ 4.67670366e-40 -8.47884626e-40]	9.376239110746669e-79	62976
492	[-5.88870544e-40 -5.39199091e-40]	6.375041775727983e-79	63104
493	[-5.88870544e-40 -5.39199091e-40]	6.375041775727983e-79	63232
494	[2.46700090e-40 4.88214251e-40]	2.9921408922697665e-79	63360
495	[2.46700090e-40 4.88214251e-40]	2.9921408922697665e-79	63488
496	[2.46700090e-40 4.88214251e-40]	2.9921408922697665e-79	63616
497	[2.46700090e-40 4.88214251e-40]	2.9921408922697665e-79	63744
498	[ 1.97249284e-40 -4.16680687e-40]	2.1253007514205287e-79	63872
499	[-3.39258956e-41 -9.35851600e-41]	9.909148561821197e-81	64000
500	[-3.39258956e-41 -9.35851600e-41]	9.909148561821197e-81	64128
501	[-3.39258956e-41 -9.35851600e-41]	9.909148561821197e-81	64256
502	[-3.39258956e-41 -9.35851600e-41]	9.909148561821197e-81	64384
503	[-3.39258956e-41 -9.35851600e-41]	9.909148561821197e-81	64512
504	[-3.39258956e-41 -9.35851600e-41]	9.909148561821197e-81	64640
505	[-3.39258956e-41 -9.35851600e-41]	9.909148561821197e-81	64768
506	[-3.39258956e-41 -9.35851600e-41]	9.909148561821197e-81	64896
507	[-3.39258956e-41 -9.35851600e-41]	9.909148561821197e-81	65024
508	[-3.39258956e-41 -9.35851600e-41]	9.909148561821197e-81	65152
509	[-1.6991555e-41 -3.5886495e-42]	3.015913467110133e-82	65280
510	[-1.6991555e-41 -3.5886495e-42]	3.015913467110133e-82	65408
511	[-1.6991555e-41 -3.5886495e-42]	3.015913467110133e-82	65536
512	[-1.6991555e-41 -3.5886495e-42]	3.015913467110133e-82	65664
513	[-1.01620119e-41  3.15082624e-43]	1.0336576195711358e-82	65792
514	[-1.01620119e-41  3.15082624e-43]	1.0336576195711358e-82	65920
515	[-2.56835919e-42  4.56787970e-42]	2.746199388438442e-83	66048
516	[-2.56835919e-42  4.56787970e-42]	2.746199388438442e-83	66176
517	[-2.56835919e-42  4.56787970e-42]	2.746199388438442e-83	66304
518	[-2.56835919e-42  4.56787970e-42]	2.746199388438442e-83	66432
519	[-2.56835919e-42  4.56787970e-42]	2.746199388438442e-83	66560
520	[-2.56835919e-42  4.56787970e-42]	2.746199388438442e-83	66688
521	[-2.56835919e-42  4.56787970e-42]	2.746199388438442e-83	66816
522	[ 1.59534319e-42 -2.68220232e-42]	9.739329186671842e-84	66944
523	[ 1.59534319e-42 -2.68220232e-42]	9.739329186671842e-84	67072
524	[-2.06464338e-42  3.15082624e-43]	4.362029353826959e-84	67200
525	[ 4.05833334e-44 -1.32663665e-42]	1.7616118094855107e-84	67328
526	[ 4.05833334e-44 -1.32663665e-42]	1.7616118094855107e-84	67456
527	[ 4.05833334e-44 -1.32663665e-42]	1.7616118094855107e-84	67584
528	[ 4.05833334e-44 -1.32663665e-42]	1.7616118094855107e-84	67712
529	[3.30745390e-43 1.13853744e-42]	1.405660018411575e-84	67840
530	[3.30745390e-43 1.13853744e-42]	1.405660018411575e-84	67968
531	[3.30745390e-43 1.13853744e-42]	1.405660018411575e-84	68096
532	[ 9.69255190e-43 -2.03586092e-43]	9.809029199113186e-85	68224
533	[ 9.69255190e-43 -2.03586092e-43]	9.809029199113186e-85	68352
534	[ 7.33908237e-43 -1.60113255e-43]	5.642575545095922e-85	68480
535	[2.13912270e-43 4.39552387e-44]	4.76905224276756e-86	68608
536	[2.13912270e-43 4.39552387e-44]	4.76905224276756e-86	68736
537	[2.13912270e-43 4.39552387e-44]	4.76905224276756e-86	68864
538	[2.13912270e-43 4.39552387e-44]	4.76905224276756e-86	68992
539	[2.13912270e-43 4.39552387e-44]	4.76905224276756e-86	69120
540	[-7.35170777e-44  4.39552387e-44]	7.336823727899472e-87	69248
541	[-7.35170777e-44  4.39552387e-44]	7.336823727899472e-87	69376
542	[-7.35170777e-44  4.39552387e-44]	7.336823727899472e-87	69504
543	[-7.35170777e-44  4.39552387e-44]	7.336823727899472e-87	69632
544	[-7.35170777e-44  4.39552387e-44]	7.336823727899472e-87	69760
545	[-7.35170777e-44  4.39552387e-44]	7.336823727899472e-87	69888
546	[-7.35170777e-44  4.39552387e-44]	7.336823727899472e-87	70016
547	[-2.21040790e-45  4.39552387e-44]	1.9369489122051728e-87	70144
548	[-2.21040790e-45  4.39552387e-44]	1.9369489122051728e-87	70272
549	[-2.98474466e-45  4.66220706e-45]	3.0644875332622754e-89	70400
550	[-2.98474466e-45  4.66220706e-45]	3.0644875332622754e-89	70528
551	[-2.98474466e-45  4.66220706e-45]	3.0644875332622754e-89	70656
552	[-2.98474466e-45  4.66220706e-45]	3.0644875332622754e-89	70784
553	[-2.98474466e-45  4.66220706e-45]	3.0644875332622754e-89	70912
554	[-2.98474466e-45  4.66220706e-45]	3.0644875332622754e-89	71040
555	[-2.98474466e-45  4.66220706e-45]	3.0644875332622754e-89	71168
556	[-2.98474466e-45  4.66220706e-45]	3.0644875332622754e-89	71296
557	[ 2.94507048e-45 -1.44276999e-46]	8.694255955555507e-90	71424
558	[ 2.94507048e-45 -1.44276999e-46]	8.694255955555507e-90	71552
559	[1.29088639e-47 8.06121200e-46]	6.499980282358171e-91	71680
560	[1.29088639e-47 8.06121200e-46]	6.499980282358171e-91	71808
561	[1.29088639e-47 8.06121200e-46]	6.499980282358171e-91	71936
562	[1.29088639e-47 8.06121200e-46]	6.499980282358171e-91	72064
563	[1.29088639e-47 8.06121200e-46]	6.499980282358171e-91	72192
564	[1.29088639e-47 8.06121200e-46]	6.499980282358171e-91	72320
565	[1.29088639e-47 8.06121200e-46]	6.499980282358171e-91	72448
566	[-6.01420670e-46 -2.73312661e-46]	4.364066327215146e-91	72576
567	[-1.72821665e-46 -3.60900387e-46]	1.601164172915803e-91	72704
568	[-1.72821665e-46 -3.60900387e-46]	1.601164172915803e-91	72832
569	[-1.72821665e-46 -3.60900387e-46]	1.601164172915803e-91	72960
570	[-1.72821665e-46 -3.60900387e-46]	1.601164172915803e-91	73088
571	[3.53534786e-47 2.76389662e-46]	7.764111352456064e-92	73216
572	[3.53534786e-47 2.76389662e-46]	7.764111352456064e-92	73344
573	[3.53534786e-47 2.76389662e-46]	7.764111352456064e-92	73472
574	[3.53534786e-47 2.76389662e-46]	7.764111352456064e-92	73600
575	[3.53534786e-47 2.76389662e-46]	7.764111352456064e-92	73728
576	[-4.38514002e-47 -1.21979228e-46]	1.6801877403684507e-92	73856
577	[-4.38514002e-47 -1.21979228e-46]	1.6801877403684507e-92	73984
578	[-4.38514002e-47 -1.21979228e-46]	1.6801877403684507e-92	74112
579	[-4.38514002e-47 -1.21979228e-46]	1.6801877403684507e-92	74240
580	[-4.38514002e-47 -1.21979228e-46]	1.6801877403684507e-92	74368
581	[2.76950769e-47 1.23282653e-47]	9.190034096777383e-94	74496
582	[2.76950769e-47 1.23282653e-47]	9.190034096777383e-94	74624
583	[2.76950769e-47 1.23282653e-47]	9.190034096777383e-94	74752
584	[2.76950769e-47 1.23282653e-47]	9.190034096777383e-94	74880
585	[2.76950769e-47 1.23282653e-47]	9.190034096777383e-94	75008
586	[ 3.61872124e-48 -1.79571998e-47]	3.355561685831211e-94	75136
587	[ 3.61872124e-48 -1.79571998e-47]	3.355561685831211e-94	75264
588	[-4.06163845e-48  1.02087756e-47]	1.2071600602085786e-94	75392
589	[-4.06163845e-48  1.02087756e-47]	1.2071600602085786e-94	75520
590	[-4.06163845e-48  1.02087756e-47]	1.2071600602085786e-94	75648
591	[-4.06163845e-48  1.02087756e-47]	1.2071600602085786e-94	75776
592	[-1.11524188e-50 -3.51175307e-48]	1.2332534009478502e-95	75904
593	[-1.11524188e-50 -3.51175307e-48]	1.2332534009478502e-95	76032
594	[ 8.87858547e-49 -1.69501883e-48]	3.661381626840417e-96	76160
595	[ 8.87858547e-49 -1.69501883e-48]	3.661381626840417e-96	76288
596	[ 8.87858547e-49 -1.69501883e-48]	3.661381626840417e-96	76416
597	[ 8.87858547e-49 -1.69501883e-48]	3.661381626840417e-96	76544
598	[ 8.87858547e-49 -1.69501883e-48]	3.661381626840417e-96	76672
599	[ 8.87858547e-49 -1.69501883e-48]	3.661381626840417e-96	76800
600	[ 8.87858547e-49 -1.69501883e-48]	3.661381626840417e-96	76928
601	[ 8.87858547e-49 -1.69501883e-48]	3.661381626840417e-96	77056
602	[ 8.87858547e-49 -1.69501883e-48]	3.661381626840417e-96	77184
603	[ 8.87858547e-49 -1.69501883e-48]	3.661381626840417e-96	77312
604	[ 8.87858547e-49 -1.69501883e-48]	3.661381626840417e-96	77440
605	[ 8.87858547e-49 -1.69501883e-48]	3.661381626840417e-96	77568
606	[-4.38686172e-49 -1.13972846e-48]	1.4914265264033233e-96	77696
607	[-9.11540792e-50  2.82664757e-49]	8.820843084556697e-98	77824
608	[-9.11540792e-50  2.82664757e-49]	8.820843084556697e-98	77952
609	[-9.11540792e-50  2.82664757e-49]	8.820843084556697e-98	78080
610	[-9.11540792e-50  2.82664757e-49]	8.820843084556697e-98	78208
611	[-9.11540792e-50  2.82664757e-49]	8.820843084556697e-98	78336
612	[-9.11540792e-50  2.82664757e-49]	8.820843084556697e-98	78464
613	[-9.11540792e-50  2.82664757e-49]	8.820843084556697e-98	78592
614	[1.68598630e-49 1.56687983e-49]	5.2976621810425664e-98	78720
615	[8.04184026e-50 1.69365815e-49]	3.5151898841876125e-98	78848
616	[8.04184026e-50 1.69365815e-49]	3.5151898841876125e-98	78976
617	[8.04184026e-50 1.69365815e-49]	3.5151898841876125e-98	79104
618	[ 8.96297032e-51 -8.59238456e-50]	7.463242073077872e-99	79232
619	[ 1.73404885e-50 -5.93593457e-50]	3.824224464027944e-99	79360
620	[ 1.73404885e-50 -5.93593457e-50]	3.824224464027944e-99	79488
621	[ 1.73404885e-50 -5.93593457e-50]	3.824224464027944e-99	79616
622	[ 4.64103745e-50 -3.42116458e-50]	3.3243595751480638e-99	79744
623	[-2.15585787e-51 -5.02994897e-51]	2.9948109784397914e-101	79872
624	[-2.15585787e-51 -5.02994897e-51]	2.9948109784397914e-101	80000
625	[-2.15585787e-51 -5.02994897e-51]	2.9948109784397914e-101	80128
626	[-3.64949687e-51  2.38690353e-51]	1.901613587237262e-101	80256
627	[-3.64949687e-51  2.38690353e-51]	1.901613587237262e-101	80384
628	[-3.64949687e-51  2.38690353e-51]	1.901613587237262e-101	80512
629	[-3.64949687e-51  2.38690353e-51]	1.901613587237262e-101	80640
630	[-3.64949687e-51  2.38690353e-51]	1.901613587237262e-101	80768
631	[-3.64949687e-51  2.38690353e-51]	1.901613587237262e-101	80896
632	[-3.64949687e-51  2.38690353e-51]	1.901613587237262e-101	81024
633	[-3.64949687e-51  2.38690353e-51]	1.901613587237262e-101	81152
634	[-3.64949687e-51  2.38690353e-51]	1.901613587237262e-101	81280
635	[-3.64949687e-51  2.38690353e-51]	1.901613587237262e-101	81408
636	[ 1.72867592e-51 -2.79049637e-51]	1.0775190420235255e-101	81536
637	[ 1.72867592e-51 -2.79049637e-51]	1.0775190420235255e-101	81664
638	[ 1.72867592e-51 -2.79049637e-51]	1.0775190420235255e-101	81792
639	[ 1.72867592e-51 -2.79049637e-51]	1.0775190420235255e-101	81920
640	[-3.82334481e-52  9.87926363e-52]	1.122178154090351e-102	82048
641	[-3.82334481e-52  9.87926363e-52]	1.122178154090351e-102	82176
642	[8.72551110e-52 4.61980969e-52]	9.747718555511883e-103	82304
643	[-4.63508876e-52 -1.25194913e-52]	2.305142442610258e-103	82432
644	[-4.63508876e-52 -1.25194913e-52]	2.305142442610258e-103	82560
645	[-1.81571006e-53 -1.82270230e-52]	3.355211696055564e-104	82688
646	[-1.81571006e-53 -1.82270230e-52]	3.355211696055564e-104	82816
647	[-1.81571006e-53 -1.82270230e-52]	3.355211696055564e-104	82944
648	[-7.29912727e-53 -1.41941257e-52]	2.5475046429326242e-104	83072
649	[-7.29912727e-53 -1.41941257e-52]	2.5475046429326242e-104	83200
650	[ 3.25406096e-53 -7.04223094e-53]	6.018192936088491e-105	83328
651	[5.07656657e-53 2.88392554e-53]	3.4088554619597012e-105	83456
652	[5.07656657e-53 2.88392554e-53]	3.4088554619597012e-105	83584
653	[5.07656657e-53 2.88392554e-53]	3.4088554619597012e-105	83712
654	[5.07656657e-53 2.88392554e-53]	3.4088554619597012e-105	83840
655	[5.07656657e-53 2.88392554e-53]	3.4088554619597012e-105	83968
656	[-4.49828493e-53  2.24109989e-53]	2.525709602170564e-105	84096
657	[-4.49828493e-53  2.24109989e-53]	2.525709602170564e-105	84224
658	[-4.49828493e-53  2.24109989e-53]	2.525709602170564e-105	84352
659	[-4.49828493e-53  2.24109989e-53]	2.525709602170564e-105	84480
660	[-4.49828493e-53  2.24109989e-53]	2.525709602170564e-105	84608
661	[-1.17906697e-53  3.95233159e-53]	1.7011123888208642e-105	84736
662	[-1.17906697e-53  3.95233159e-53]	1.7011123888208642e-105	84864
663	[4.96184910e-54 1.38269488e-53]	2.1580446011958062e-106	84992
664	[4.96184910e-54 1.38269488e-53]	2.1580446011958062e-106	85120
665	[4.96184910e-54 1.38269488e-53]	2.1580446011958062e-106	85248
666	[4.96184910e-54 1.38269488e-53]	2.1580446011958062e-106	85376
667	[9.82949228e-54 8.63131939e-54]	1.7111859287870456e-106	85504
668	[ 1.57463523e-54 -6.02257449e-54]	3.875087960487697e-107	85632
669	[ 1.57463523e-54 -6.02257449e-54]	3.875087960487697e-107	85760
670	[-1.38913610e-54 -5.06389061e-54]	2.757268726143424e-107	85888
671	[-1.38913610e-54 -5.06389061e-54]	2.757268726143424e-107	86016
672	[-1.38913610e-54 -5.06389061e-54]	2.757268726143424e-107	86144
673	[ 3.26019240e-54 -3.29362592e-54]	2.1476826193440127e-107	86272
674	[-5.37272328e-55  4.09245544e-54]	1.7036853070747418e-107	86400
675	[-5.37272328e-55  4.09245544e-54]	1.7036853070747418e-107	86528
676	[-5.37272328e-55  4.09245544e-54]	1.7036853070747418e-107	86656
677	[-5.37272328e-55  4.09245544e-54]	1.7036853070747418e-107	86784
678	[ 1.37084561e-54 -1.36718676e-54]	3.748417319725489e-108	86912
679	[8.61057301e-55 1.28619326e-54]	2.3957127775404806e-108	87040
680	[1.14082097e-54 5.68543193e-55]	1.6247138561595147e-108	87168
681	[1.14082097e-54 5.68543193e-55]	1.6247138561595147e-108	87296
682	[-2.23357142e-55 -4.49603599e-55]	2.5203180865561914e-109	87424
683	[-2.23357142e-55 -4.49603599e-55]	2.5203180865561914e-109	87552
684	[5.22500850e-56 3.41552897e-55]	1.1938845313868056e-109	87680
685	[5.22500850e-56 3.41552897e-55]	1.1938845313868056e-109	87808
686	[ 1.92755157e-55 -1.89225823e-55]	7.29609627745815e-110	87936
687	[ 1.92755157e-55 -1.89225823e-55]	7.29609627745815e-110	88064
688	[ 1.92755157e-55 -1.89225823e-55]	7.29609627745815e-110	88192
689	[ 1.92755157e-55 -1.89225823e-55]	7.29609627745815e-110	88320
690	[ 1.92755157e-55 -1.89225823e-55]	7.29609627745815e-110	88448
691	[7.96942167e-56 4.52927235e-56]	8.402598975822074e-111	88576
692	[4.70919658e-56 1.26183185e-56]	2.376875205807037e-111	88704
693	[4.70919658e-56 1.26183185e-56]	2.376875205807037e-111	88832
694	[4.70919658e-56 1.26183185e-56]	2.376875205807037e-111	88960
695	[4.70919658e-56 1.26183185e-56]	2.376875205807037e-111	89088
696	[1.91108383e-56 8.41040034e-57]	4.359589742267735e-112	89216
697	[1.91108383e-56 8.41040034e-57]	4.359589742267735e-112	89344
698	[1.91108383e-56 8.41040034e-57]	4.359589742267735e-112	89472
699	[-1.92789395e-57 -6.09095138e-57]	4.081646379449107e-113	89600
700	[-1.92789395e-57 -6.09095138e-57]	4.081646379449107e-113	89728
701	[-1.92789395e-57 -6.09095138e-57]	4.081646379449107e-113	89856
702	[-1.92789395e-57 -6.09095138e-57]	4.081646379449107e-113	89984
703	[-1.92789395e-57 -6.09095138e-57]	4.081646379449107e-113	90112
704	[-1.92789395e-57 -6.09095138e-57]	4.081646379449107e-113	90240
705	[-1.92789395e-57 -6.09095138e-57]	4.081646379449107e-113	90368
706	[-1.92789395e-57 -6.09095138e-57]	4.081646379449107e-113	90496
707	[-1.92789395e-57 -6.09095138e-57]	4.081646379449107e-113	90624
708	[-1.92789395e-57 -6.09095138e-57]	4.081646379449107e-113	90752
709	[-1.92789395e-57 -6.09095138e-57]	4.081646379449107e-113	90880
710	[-1.92789395e-57 -6.09095138e-57]	4.081646379449107e-113	91008
711	[-1.07674944e-57 -2.00520422e-57]	5.180233327632718e-114	91136
712	[1.74036060e-57 3.40809748e-59]	3.0300165347400136e-114	91264
713	[1.74036060e-57 3.40809748e-59]	3.0300165347400136e-114	91392
714	[8.80063049e-58 8.96399688e-58]	1.5780433701825396e-114	91520
715	[ 6.27543125e-58 -8.14365674e-58]	1.0570018250153108e-114	91648
716	[-3.55674985e-58  4.02823655e-58]	2.8877159226486684e-115	91776
717	[-3.55674985e-58  4.02823655e-58]	2.8877159226486684e-115	91904
718	[-3.55674985e-58  4.02823655e-58]	2.8877159226486684e-115	92032
719	[-3.55674985e-58  4.02823655e-58]	2.8877159226486684e-115	92160
720	[-3.55674985e-58  4.02823655e-58]	2.8877159226486684e-115	92288
721	[ 1.94420867e-58 -3.21946237e-58]	1.4144885302839507e-115	92416
722	[ 1.94420867e-58 -3.21946237e-58]	1.4144885302839507e-115	92544
723	[ 1.94420867e-58 -1.20314793e-58]	5.227512294169223e-116	92672
724	[ 1.94420867e-58 -1.20314793e-58]	5.227512294169223e-116	92800
725	[ 1.94420867e-58 -1.20314793e-58]	5.227512294169223e-116	92928
726	[5.76065946e-59 2.21008046e-58]	5.216307614011604e-116	93056
727	[5.76065946e-59 2.21008046e-58]	5.216307614011604e-116	93184
728	[5.76065946e-59 2.21008046e-58]	5.216307614011604e-116	93312
729	[ 1.21988280e-58 -1.53128182e-58]	3.832938054944227e-116	93440
730	[-9.71885650e-59  5.19758808e-60]	9.472632093257936e-117	93568
731	[-9.71885650e-59  5.19758808e-60]	9.472632093257936e-117	93696
732	[-4.20206891e-60 -2.34897692e-59]	5.6942663896835325e-118	93824
733	[-4.20206891e-60 -2.34897692e-59]	5.6942663896835325e-118	93952
734	[-4.20206891e-60 -2.34897692e-59]	5.6942663896835325e-118	94080
735	[-4.20206891e-60 -2.34897692e-59]	5.6942663896835325e-118	94208
736	[-4.20206891e-60 -2.34897692e-59]	5.6942663896835325e-118	94336
737	[-4.20206891e-60 -2.34897692e-59]	5.6942663896835325e-118	94464
738	[-4.20206891e-60 -2.34897692e-59]	5.6942663896835325e-118	94592
739	[-1.67115134e-59 -9.39935582e-60]	3.6762257100917692e-118	94720
740	[-1.67115134e-59 -9.39935582e-60]	3.6762257100917692e-118	94848
741	[ 4.12701129e-60 -1.30712338e-59]	1.8788937494568974e-118	94976
742	[-6.54908933e-60  1.31214232e-60]	4.46122885285684e-119	95104
743	[-6.54908933e-60  1.31214232e-60]	4.46122885285684e-119	95232
744	[-6.54908933e-60  1.31214232e-60]	4.46122885285684e-119	95360
745	[-6.54908933e-60  1.31214232e-60]	4.46122885285684e-119	95488
746	[-6.54908933e-60  1.31214232e-60]	4.46122885285684e-119	95616
747	[-6.54908933e-60  1.31214232e-60]	4.46122885285684e-119	95744
748	[-6.54908933e-60  1.31214232e-60]	4.46122885285684e-119	95872
749	[-1.29516778e-60 -4.97094684e-60]	2.6387772074976386e-119	96000
750	[-1.29516778e-60 -4.97094684e-60]	2.6387772074976386e-119	96128
751	[ 2.84001210e-60 -3.36943625e-60]	1.9418769413499446e-119	96256
752	[ 2.84001210e-60 -3.36943625e-60]	1.9418769413499446e-119	96384
753	[ 2.84001210e-60 -3.36943625e-60]	1.9418769413499446e-119	96512
754	[-1.26786561e-60 -2.57367339e-60]	8.231277917237466e-120	96640
755	[ 2.78525318e-61 -2.77574460e-61]	1.5462393322874439e-121	96768
756	[ 2.78525318e-61 -2.77574460e-61]	1.5462393322874439e-121	96896
757	[ 2.78525318e-61 -2.77574460e-61]	1.5462393322874439e-121	97024
758	[ 3.46466330e-61 -9.36142972e-62]	1.2880255446590468e-121	97152
759	[ 3.46466330e-61 -9.36142972e-62]	1.2880255446590468e-121	97280
760	[ 3.46466330e-61 -9.36142972e-62]	1.2880255446590468e-121	97408
761	[-1.17347387e-62  2.75724559e-61]	7.616173660959517e-122	97536
762	[-1.17347387e-62  2.75724559e-61]	7.616173660959517e-122	97664
763	[-1.17347387e-62  2.75724559e-61]	7.616173660959517e-122	97792
764	[-1.17347387e-62  2.75724559e-61]	7.616173660959517e-122	97920
765	[ 1.21461241e-61 -1.52133230e-62]	1.4984278230633007e-122	98048
766	[ 1.21461241e-61 -1.52133230e-62]	1.4984278230633007e-122	98176
767	[ 1.21461241e-61 -1.52133230e-62]	1.4984278230633007e-122	98304
768	[ 1.21461241e-61 -1.52133230e-62]	1.4984278230633007e-122	98432
769	[-1.92003674e-62  1.10623583e-61]	1.2606231219366123e-122	98560
770	[6.12037319e-62 5.91473359e-62]	7.24430413893133e-123	98688
771	[6.12037319e-62 5.91473359e-62]	7.24430413893133e-123	98816
772	[-2.35285416e-62  4.80174686e-62]	2.8592695656192228e-123	98944
773	[-2.35285416e-62  4.80174686e-62]	2.8592695656192228e-123	99072
774	[-1.47182535e-62  4.25596290e-62]	2.027949006666876e-123	99200
775	[2.11303832e-63 4.04699774e-62]	1.6422840010535168e-123	99328
776	[1.68523688e-62 1.71403191e-62]	5.777928737308053e-124	99456
777	[-5.14474798e-63 -1.72992770e-62]	3.2573341676851747e-124	99584
778	[-5.14474798e-63 -1.72992770e-62]	3.2573341676851747e-124	99712
779	[-5.14474798e-63 -1.72992770e-62]	3.2573341676851747e-124	99840
780	[-1.17347387e-62 -1.68600858e-63]	1.40546716563739e-124	99968
781	[-1.17347387e-62 -1.68600858e-63]	1.40546716563739e-124	100096
#Result: mean = 0.000742843615010239	std = 0.011711669029053769