#GEN	x_best	f(x_best)	#eval
0	[ 0.43138801 -0.02505176]	0.18672320841862283	128
1	[ 0.43138801 -0.02505176]	0.18672320841862283	256
2	[0.17747192 0.22931275]	0.08408061702280431	384
3	[0.17747192 0.22931275]	0.08408061702280431	512
4	[0.17747192 0.22931275]	0.08408061702280431	640
5	[-0.12206475 -0.07425979]	0.020414319819185553	768
6	[-0.12206475 -0.07425979]	0.020414319819185553	896
7	[-0.04831562 -0.03664336]	0.003677134747227067	1024
8	[-0.04831562 -0.03664336]	0.003677134747227067	1152
9	[-0.04831562 -0.03664336]	0.003677134747227067	1280
10	[-0.04831562 -0.03664336]	0.003677134747227067	1408
11	[ 0.0514955  -0.02282227]	0.0031726428120597964	1536
12	[-0.03079936 -0.00655184]	0.0009915269494899653	1664
13	[-0.00622455  0.00949102]	0.00012882441326823743	1792
14	[-0.00622455  0.00949102]	0.00012882441326823743	1920
15	[-0.00622455  0.00949102]	0.00012882441326823743	2048
16	[-0.00622455  0.00949102]	0.00012882441326823743	2176
17	[-0.00622455  0.00949102]	0.00012882441326823743	2304
18	[-0.00622455  0.00949102]	0.00012882441326823743	2432
19	[0.00375554 0.00711825]	6.477358475567942e-05	2560
20	[0.00375554 0.00711825]	6.477358475567942e-05	2688
21	[0.00375554 0.00711825]	6.477358475567942e-05	2816
22	[0.00375554 0.00711825]	6.477358475567942e-05	2944
23	[0.00375554 0.00711825]	6.477358475567942e-05	3072
24	[-0.00521079  0.00483403]	5.0520174850154935e-05	3200
25	[-0.00521079  0.00483403]	5.0520174850154935e-05	3328
26	[-0.00528131 -0.00330626]	3.882352681025504e-05	3456
27	[-0.00528131 -0.00330626]	3.882352681025504e-05	3584
28	[0.00309882 0.00305179]	1.8916102404780632e-05	3712
29	[0.00309882 0.00305179]	1.8916102404780632e-05	3840
30	[-0.00013654  0.00380237]	1.4476654440908886e-05	3968
31	[-0.00173825 -0.0017435 ]	6.061320743321814e-06	4096
32	[-4.35931859e-05  6.80406010e-04]	4.6485270414305566e-07	4224
33	[ 0.00021224 -0.00050688]	3.0197283961166046e-07	4352
34	[ 0.00021224 -0.00050688]	3.0197283961166046e-07	4480
35	[ 0.00021224 -0.00050688]	3.0197283961166046e-07	4608
36	[ 0.00021224 -0.00050688]	3.0197283961166046e-07	4736
37	[ 2.01738115e-04 -4.51383934e-05]	4.2735741670669954e-08	4864
38	[ 2.01738115e-04 -4.51383934e-05]	4.2735741670669954e-08	4992
39	[ 2.01738115e-04 -4.51383934e-05]	4.2735741670669954e-08	5120
40	[ 2.01738115e-04 -4.51383934e-05]	4.2735741670669954e-08	5248
41	[ 2.01738115e-04 -4.51383934e-05]	4.2735741670669954e-08	5376
42	[ 3.71471207e-05 -1.04523740e-05]	1.4891606969824787e-09	5504
43	[ 3.71471207e-05 -1.04523740e-05]	1.4891606969824787e-09	5632
44	[ 3.71471207e-05 -1.04523740e-05]	1.4891606969824787e-09	5760
45	[ 3.71471207e-05 -1.04523740e-05]	1.4891606969824787e-09	5888
46	[ 3.71471207e-05 -1.04523740e-05]	1.4891606969824787e-09	6016
47	[ 3.71471207e-05 -1.04523740e-05]	1.4891606969824787e-09	6144
48	[-3.24343807e-05 -6.13926320e-06]	1.089679602022739e-09	6272
49	[-3.24343807e-05 -6.13926320e-06]	1.089679602022739e-09	6400
50	[-3.24343807e-05 -6.13926320e-06]	1.089679602022739e-09	6528
51	[-3.24343807e-05 -6.13926320e-06]	1.089679602022739e-09	6656
52	[-3.37024074e-06  1.06616646e-05]	1.25029614220583e-10	6784
53	[-3.37024074e-06  1.06616646e-05]	1.25029614220583e-10	6912
54	[-3.37024074e-06  1.06616646e-05]	1.25029614220583e-10	7040
55	[-3.37024074e-06  1.06616646e-05]	1.25029614220583e-10	7168
56	[-1.55894688e-06 -3.29344511e-06]	1.3277096067398813e-11	7296
57	[-1.55894688e-06 -3.29344511e-06]	1.3277096067398813e-11	7424
58	[-1.55894688e-06 -3.29344511e-06]	1.3277096067398813e-11	7552
59	[-1.55894688e-06 -3.29344511e-06]	1.3277096067398813e-11	7680
60	[-1.55894688e-06 -3.29344511e-06]	1.3277096067398813e-11	7808
61	[-1.55894688e-06 -3.29344511e-06]	1.3277096067398813e-11	7936
62	[-1.69697261e-06 -2.52817709e-06]	9.271395457275225e-12	8064
63	[4.31593427e-07 1.53220170e-06]	2.5339149326932685e-12	8192
64	[4.31593427e-07 1.53220170e-06]	2.5339149326932685e-12	8320
65	[-1.27972938e-07 -2.34168499e-07]	7.121195896680737e-14	8448
66	[-1.27972938e-07 -2.34168499e-07]	7.121195896680737e-14	8576
67	[-1.27972938e-07 -2.34168499e-07]	7.121195896680737e-14	8704
68	[-1.27972938e-07 -2.34168499e-07]	7.121195896680737e-14	8832
69	[-1.27972938e-07 -2.34168499e-07]	7.121195896680737e-14	8960
70	[-1.27972938e-07 -2.34168499e-07]	7.121195896680737e-14	9088
71	[-1.27972938e-07 -2.34168499e-07]	7.121195896680737e-14	9216
72	[-1.27972938e-07 -2.34168499e-07]	7.121195896680737e-14	9344
73	[-1.71362743e-07 -3.85318192e-08]	3.0849890919633997e-14	9472
74	[-1.71362743e-07 -3.85318192e-08]	3.0849890919633997e-14	9600
75	[-1.71362743e-07 -3.85318192e-08]	3.0849890919633997e-14	9728
76	[-1.71362743e-07 -3.85318192e-08]	3.0849890919633997e-14	9856
77	[-1.71362743e-07 -3.85318192e-08]	3.0849890919633997e-14	9984
78	[-1.71362743e-07 -3.85318192e-08]	3.0849890919633997e-14	10112
79	[-1.71362743e-07 -3.85318192e-08]	3.0849890919633997e-14	10240
80	[9.43864275e-08 9.95712917e-08]	1.8823239825919807e-14	10368
81	[-5.18583653e-09  3.99814312e-08]	1.6254077414125392e-15	10496
82	[-5.18583653e-09  3.99814312e-08]	1.6254077414125392e-15	10624
83	[-5.18583653e-09  3.99814312e-08]	1.6254077414125392e-15	10752
84	[-1.89327156e-08  2.76240197e-08]	1.121534185275772e-15	10880
85	[-1.89327156e-08  2.76240197e-08]	1.121534185275772e-15	11008
86	[-1.89327156e-08  2.76240197e-08]	1.121534185275772e-15	11136
87	[-1.89327156e-08  2.76240197e-08]	1.121534185275772e-15	11264
88	[-1.89327156e-08  2.76240197e-08]	1.121534185275772e-15	11392
89	[-1.89327156e-08  2.76240197e-08]	1.121534185275772e-15	11520
90	[-1.89327156e-08  2.76240197e-08]	1.121534185275772e-15	11648
91	[ 1.20839196e-08 -5.89639548e-09]	1.807885926759685e-16	11776
92	[ 1.20839196e-08 -5.89639548e-09]	1.807885926759685e-16	11904
93	[-4.05161922e-09  3.05326744e-09]	2.573806038922867e-17	12032
94	[-4.05161922e-09  3.05326744e-09]	2.573806038922867e-17	12160
95	[-4.05161922e-09  3.05326744e-09]	2.573806038922867e-17	12288
96	[-4.05161922e-09  3.05326744e-09]	2.573806038922867e-17	12416
97	[-4.05161922e-09  3.05326744e-09]	2.573806038922867e-17	12544
98	[3.67712257e-09 4.62485252e-11]	1.3523369310755515e-17	12672
99	[3.67712257e-09 4.62485252e-11]	1.3523369310755515e-17	12800
100	[3.67712257e-09 4.62485252e-11]	1.3523369310755515e-17	12928
101	[3.67712257e-09 4.62485252e-11]	1.3523369310755515e-17	13056
102	[ 2.54171644e-09 -5.36785406e-10]	6.7484610503016414e-18	13184
103	[ 2.54171644e-09 -5.36785406e-10]	6.7484610503016414e-18	13312
104	[1.75308037e-10 9.66509665e-11]	4.0074317159492995e-20	13440
105	[1.75308037e-10 9.66509665e-11]	4.0074317159492995e-20	13568
106	[1.75308037e-10 9.66509665e-11]	4.0074317159492995e-20	13696
107	[1.75308037e-10 9.66509665e-11]	4.0074317159492995e-20	13824
108	[1.75308037e-10 9.66509665e-11]	4.0074317159492995e-20	13952
109	[-4.41527118e-11 -2.00432749e-11]	2.351194828188552e-21	14080
110	[-4.41527118e-11 -2.00432749e-11]	2.351194828188552e-21	14208
111	[-4.41527118e-11 -2.00432749e-11]	2.351194828188552e-21	14336
112	[-4.41527118e-11 -2.00432749e-11]	2.351194828188552e-21	14464
113	[-4.41527118e-11 -2.00432749e-11]	2.351194828188552e-21	14592
114	[-4.41527118e-11 -2.00432749e-11]	2.351194828188552e-21	14720
115	[-4.41527118e-11 -2.00432749e-11]	2.351194828188552e-21	14848
116	[-4.41527118e-11 -2.00432749e-11]	2.351194828188552e-21	14976
117	[-4.41527118e-11 -2.00432749e-11]	2.351194828188552e-21	15104
118	[-4.41527118e-11 -2.00432749e-11]	2.351194828188552e-21	15232
119	[-4.41527118e-11 -2.00432749e-11]	2.351194828188552e-21	15360
120	[-3.09664186e-11 -2.73172175e-11]	1.7051494514569968e-21	15488
121	[-3.09664186e-11 -2.73172175e-11]	1.7051494514569968e-21	15616
122	[-3.09664186e-11 -2.73172175e-11]	1.7051494514569968e-21	15744
123	[-3.09664186e-11 -2.73172175e-11]	1.7051494514569968e-21	15872
124	[5.4863901e-12 2.7447118e-11]	7.834447635335768e-22	16000
125	[5.4863901e-12 2.7447118e-11]	7.834447635335768e-22	16128
126	[5.4863901e-12 2.7447118e-11]	7.834447635335768e-22	16256
127	[5.4863901e-12 2.7447118e-11]	7.834447635335768e-22	16384
128	[ 4.78926404e-12 -1.00186434e-11]	1.2331026660040353e-22	16512
129	[ 4.78926404e-12 -1.00186434e-11]	1.2331026660040353e-22	16640
130	[ 4.78926404e-12 -1.00186434e-11]	1.2331026660040353e-22	16768
131	[ 4.78926404e-12 -1.00186434e-11]	1.2331026660040353e-22	16896
132	[-9.40872789e-12  4.37479358e-12]	1.0766297943285244e-22	17024
133	[-9.40872789e-12  4.37479358e-12]	1.0766297943285244e-22	17152
134	[-6.66939962e-12 -3.56056247e-12]	5.715849638893599e-23	17280
135	[ 3.86756518e-12 -2.76130063e-12]	2.258284158105741e-23	17408
136	[-3.28139486e-12 -9.88222611e-13]	1.1744136163034594e-23	17536
137	[2.52972612e-12 1.98483641e-13]	6.438909976761103e-24	17664
138	[2.52972612e-12 1.98483641e-13]	6.438909976761103e-24	17792
139	[2.52972612e-12 1.98483641e-13]	6.438909976761103e-24	17920
140	[2.52972612e-12 1.98483641e-13]	6.438909976761103e-24	18048
141	[2.52972612e-12 1.98483641e-13]	6.438909976761103e-24	18176
142	[-8.11739222e-13  3.19127065e-13]	7.607626486268189e-25	18304
143	[-8.11739222e-13  3.19127065e-13]	7.607626486268189e-25	18432
144	[ 5.27190664e-13 -4.74400498e-13]	5.029858289467305e-25	18560
145	[ 5.27190664e-13 -4.74400498e-13]	5.029858289467305e-25	18688
146	[-4.44824862e-13  3.59882441e-13]	3.2738452924348177e-25	18816
147	[-4.44824862e-13  3.59882441e-13]	3.2738452924348177e-25	18944
148	[-4.44824862e-13  3.59882441e-13]	3.2738452924348177e-25	19072
149	[-4.44824862e-13  3.59882441e-13]	3.2738452924348177e-25	19200
150	[-2.66769118e-13  4.78584990e-13]	3.0020935504627814e-25	19328
151	[-2.66769118e-13  4.78584990e-13]	3.0020935504627814e-25	19456
152	[-1.42123253e-13  1.07399889e-13]	3.1733755381066956e-26	19584
153	[-1.42123253e-13  1.07399889e-13]	3.1733755381066956e-26	19712
154	[-2.66494067e-14 -1.16264834e-13]	1.4227702407439817e-26	19840
155	[ 4.50052803e-15 -1.41188191e-14]	2.1959580396057424e-28	19968
156	[ 4.50052803e-15 -1.41188191e-14]	2.1959580396057424e-28	20096
157	[ 4.50052803e-15 -1.41188191e-14]	2.1959580396057424e-28	20224
158	[ 4.50052803e-15 -1.41188191e-14]	2.1959580396057424e-28	20352
159	[ 4.50052803e-15 -1.41188191e-14]	2.1959580396057424e-28	20480
160	[ 4.50052803e-15 -1.41188191e-14]	2.1959580396057424e-28	20608
161	[ 4.50052803e-15 -1.41188191e-14]	2.1959580396057424e-28	20736
162	[ 4.50052803e-15 -1.41188191e-14]	2.1959580396057424e-28	20864
163	[ 4.50052803e-15 -1.41188191e-14]	2.1959580396057424e-28	20992
164	[ 4.50052803e-15 -1.41188191e-14]	2.1959580396057424e-28	21120
165	[ 4.50052803e-15 -1.41188191e-14]	2.1959580396057424e-28	21248
166	[ 4.50052803e-15 -1.41188191e-14]	2.1959580396057424e-28	21376
167	[ 4.50052803e-15 -1.41188191e-14]	2.1959580396057424e-28	21504
168	[ 4.50052803e-15 -1.41188191e-14]	2.1959580396057424e-28	21632
169	[ 4.50052803e-15 -1.41188191e-14]	2.1959580396057424e-28	21760
170	[ 4.50052803e-15 -1.41188191e-14]	2.1959580396057424e-28	21888
171	[-3.41013414e-15  1.10481114e-14]	1.336897803647777e-28	22016
172	[-2.70085705e-16  8.60422088e-15]	7.410556319545763e-29	22144
173	[4.05731865e-15 3.01483723e-15]	2.555107813176476e-29	22272
174	[-2.97821935e-15 -1.33209405e-15]	1.0644265070638533e-29	22400
175	[ 2.80811016e-15 -8.52388350e-16]	8.612048573238097e-30	22528
176	[ 2.80811016e-15 -8.52388350e-16]	8.612048573238097e-30	22656
177	[ 2.80811016e-15 -8.52388350e-16]	8.612048573238097e-30	22784
178	[-8.83252779e-16 -1.42896989e-15]	2.822090421820003e-30	22912
179	[-8.83252779e-16 -1.42896989e-15]	2.822090421820003e-30	23040
180	[-8.83252779e-16 -1.42896989e-15]	2.822090421820003e-30	23168
181	[8.19872889e-17 1.37305194e-16]	2.5574631964216355e-32	23296
182	[8.19872889e-17 1.37305194e-16]	2.5574631964216355e-32	23424
183	[8.19872889e-17 1.37305194e-16]	2.5574631964216355e-32	23552
184	[8.19872889e-17 1.37305194e-16]	2.5574631964216355e-32	23680
185	[-8.16996176e-17  1.37305194e-16]	2.5527543954669914e-32	23808
186	[-8.16996176e-17  1.37305194e-16]	2.5527543954669914e-32	23936
187	[-8.16996176e-17  1.37305194e-16]	2.5527543954669914e-32	24064
188	[-8.16996176e-17  1.37305194e-16]	2.5527543954669914e-32	24192
189	[-8.16996176e-17  1.37305194e-16]	2.5527543954669914e-32	24320
190	[-8.16996176e-17  1.37305194e-16]	2.5527543954669914e-32	24448
191	[-8.16996176e-17  1.37305194e-16]	2.5527543954669914e-32	24576
192	[-3.05716188e-17 -1.75186580e-17]	1.2415272521350053e-33	24704
193	[-3.05716188e-17 -1.75186580e-17]	1.2415272521350053e-33	24832
194	[-3.05716188e-17 -1.75186580e-17]	1.2415272521350053e-33	24960
195	[-3.05716188e-17 -1.75186580e-17]	1.2415272521350053e-33	25088
196	[-3.05716188e-17 -1.75186580e-17]	1.2415272521350053e-33	25216
197	[-3.05716188e-17 -1.75186580e-17]	1.2415272521350053e-33	25344
198	[-3.05716188e-17 -1.75186580e-17]	1.2415272521350053e-33	25472
199	[-3.05716188e-17 -1.75186580e-17]	1.2415272521350053e-33	25600
200	[-3.05716188e-17 -1.75186580e-17]	1.2415272521350053e-33	25728
201	[ 5.73850088e-18 -2.09750423e-17]	4.7288279349566935e-34	25856
202	[-8.65822276e-18  1.34354078e-17]	2.554750028635158e-34	25984
203	[-8.65822276e-18  1.34354078e-17]	2.554750028635158e-34	26112
204	[-8.65822276e-18  1.34354078e-17]	2.554750028635158e-34	26240
205	[-4.77102957e-18 -5.09519627e-19]	2.3022333442687108e-35	26368
206	[-4.77102957e-18 -5.09519627e-19]	2.3022333442687108e-35	26496
207	[-4.77102957e-18 -5.09519627e-19]	2.3022333442687108e-35	26624
208	[-4.77102957e-18 -5.09519627e-19]	2.3022333442687108e-35	26752
209	[-4.77102957e-18 -5.09519627e-19]	2.3022333442687108e-35	26880
210	[-4.77102957e-18 -5.09519627e-19]	2.3022333442687108e-35	27008
211	[ 4.18138280e-18 -1.61756116e-18]	2.0100466240989974e-35	27136
212	[ 4.18138280e-18 -1.61756116e-18]	2.0100466240989974e-35	27264
213	[ 2.16207531e-18 -1.81028989e-19]	4.7073411426469265e-36	27392
214	[-1.57821572e-18  1.34206710e-18]	4.291908948592215e-36	27520
215	[-1.57821572e-18  1.34206710e-18]	4.291908948592215e-36	27648
216	[-1.17736931e-18  2.38078879e-19]	1.4428800342371308e-36	27776
217	[-1.17736931e-18  2.38078879e-19]	1.4428800342371308e-36	27904
218	[-1.17736931e-18  2.38078879e-19]	1.4428800342371308e-36	28032
219	[-5.36300330e-19 -3.61108383e-19]	4.1801730805178734e-37	28160
220	[-5.36300330e-19 -3.61108383e-19]	4.1801730805178734e-37	28288
221	[-5.36300330e-19 -3.61108383e-19]	4.1801730805178734e-37	28416
222	[-5.36300330e-19 -3.61108383e-19]	4.1801730805178734e-37	28544
223	[-5.36300330e-19 -3.61108383e-19]	4.1801730805178734e-37	28672
224	[-5.36300330e-19 -3.61108383e-19]	4.1801730805178734e-37	28800
225	[7.32622059e-20 4.31850160e-19]	1.9186191187381503e-37	28928
226	[7.32622059e-20 4.31850160e-19]	1.9186191187381503e-37	29056
227	[-2.31400322e-19 -7.73885813e-20]	5.953510134436528e-38	29184
228	[-2.31400322e-19 -7.73885813e-20]	5.953510134436528e-38	29312
229	[-2.31400322e-19 -7.73885813e-20]	5.953510134436528e-38	29440
230	[-2.40269194e-19 -1.43935434e-20]	5.793645988030191e-38	29568
231	[ 8.89897365e-22 -8.12210317e-20]	6.597647912567209e-39	29696
232	[ 2.71807208e-21 -2.17722372e-20]	4.814182282628849e-40	29824
233	[ 2.71807208e-21 -2.17722372e-20]	4.814182282628849e-40	29952
234	[ 2.71807208e-21 -2.17722372e-20]	4.814182282628849e-40	30080
235	[ 2.71807208e-21 -2.17722372e-20]	4.814182282628849e-40	30208
236	[ 2.71807208e-21 -2.17722372e-20]	4.814182282628849e-40	30336
237	[ 2.71807208e-21 -2.17722372e-20]	4.814182282628849e-40	30464
238	[ 2.71807208e-21 -2.17722372e-20]	4.814182282628849e-40	30592
239	[ 2.71807208e-21 -2.17722372e-20]	4.814182282628849e-40	30720
240	[1.22935098e-20 2.11292903e-21]	1.5559485151389802e-40	30848
241	[1.22935098e-20 2.11292903e-21]	1.5559485151389802e-40	30976
242	[1.22935098e-20 2.11292903e-21]	1.5559485151389802e-40	31104
243	[1.22935098e-20 2.11292903e-21]	1.5559485151389802e-40	31232
244	[1.22935098e-20 2.11292903e-21]	1.5559485151389802e-40	31360
245	[ 1.04577943e-21 -4.17718719e-21]	1.8542547435432677e-41	31488
246	[ 1.04577943e-21 -4.17718719e-21]	1.8542547435432677e-41	31616
247	[ 1.04577943e-21 -4.17718719e-21]	1.8542547435432677e-41	31744
248	[ 1.04577943e-21 -4.17718719e-21]	1.8542547435432677e-41	31872
249	[ 3.48837789e-21 -1.04038962e-22]	1.2179604442566564e-41	32000
250	[ 3.48837789e-21 -1.04038962e-22]	1.2179604442566564e-41	32128
251	[-2.15604025e-21  1.27380117e-21]	6.271078957746834e-42	32256
252	[-2.15604025e-21  1.27380117e-21]	6.271078957746834e-42	32384
253	[-2.15604025e-21  1.27380117e-21]	6.271078957746834e-42	32512
254	[-2.15604025e-21  1.27380117e-21]	6.271078957746834e-42	32640
255	[-2.15604025e-21  1.27380117e-21]	6.271078957746834e-42	32768
256	[-1.18617292e-21  3.39661254e-22]	1.5223759570584504e-42	32896
257	[-1.18617292e-21  3.39661254e-22]	1.5223759570584504e-42	33024
258	[-1.83351069e-22  4.91962632e-22]	2.756448458185619e-43	33152
259	[-1.83351069e-22  4.91962632e-22]	2.756448458185619e-43	33280
260	[-1.83351069e-22  4.91962632e-22]	2.756448458185619e-43	33408
261	[ 1.97705016e-22 -5.84420326e-23]	4.2502744688945557e-44	33536
262	[ 1.97705016e-22 -5.84420326e-23]	4.2502744688945557e-44	33664
263	[ 1.97705016e-22 -5.84420326e-23]	4.2502744688945557e-44	33792
264	[ 1.97705016e-22 -5.84420326e-23]	4.2502744688945557e-44	33920
265	[ 1.97705016e-22 -5.84420326e-23]	4.2502744688945557e-44	34048
266	[ 1.97705016e-22 -5.84420326e-23]	4.2502744688945557e-44	34176
267	[-7.98966396e-23  6.50630465e-23]	1.061667303879647e-44	34304
268	[-7.98966396e-23  6.50630465e-23]	1.061667303879647e-44	34432
269	[-7.98966396e-23  6.50630465e-23]	1.061667303879647e-44	34560
270	[ 4.15182894e-23 -2.66350713e-23]	2.4331953805857104e-45	34688
271	[ 4.15182894e-23 -2.66350713e-23]	2.4331953805857104e-45	34816
272	[ 4.15182894e-23 -2.66350713e-23]	2.4331953805857104e-45	34944
273	[ 4.15182894e-23 -2.66350713e-23]	2.4331953805857104e-45	35072
274	[ 4.15182894e-23 -2.66350713e-23]	2.4331953805857104e-45	35200
275	[ 4.15182894e-23 -2.66350713e-23]	2.4331953805857104e-45	35328
276	[4.41007036e-24 3.73936090e-23]	1.4177307144511976e-45	35456
277	[4.41007036e-24 3.73936090e-23]	1.4177307144511976e-45	35584
278	[-2.83271514e-23 -2.33744580e-23]	1.3487927930576828e-45	35712
279	[-1.87731867e-24  6.46137140e-24]	4.5273645776001895e-47	35840
280	[-1.87731867e-24  6.46137140e-24]	4.5273645776001895e-47	35968
281	[4.82733487e-24 4.38776656e-24]	4.255565728148727e-47	36096
282	[ 2.52246308e-24 -2.15930194e-24]	1.1025404851996776e-47	36224
283	[ 2.52246308e-24 -2.15930194e-24]	1.1025404851996776e-47	36352
284	[ 2.52246308e-24 -2.15930194e-24]	1.1025404851996776e-47	36480
285	[ 2.52246308e-24 -2.15930194e-24]	1.1025404851996776e-47	36608
286	[ 2.52246308e-24 -2.15930194e-24]	1.1025404851996776e-47	36736
287	[ 2.52246308e-24 -2.15930194e-24]	1.1025404851996776e-47	36864
288	[ 2.52246308e-24 -2.15930194e-24]	1.1025404851996776e-47	36992
289	[-1.61539964e-24  4.48914523e-25]	2.8110402469470766e-48	37120
290	[-1.61539964e-24  4.48914523e-25]	2.8110402469470766e-48	37248
291	[-1.61539964e-24  4.48914523e-25]	2.8110402469470766e-48	37376
292	[-1.61539964e-24  4.48914523e-25]	2.8110402469470766e-48	37504
293	[-1.61539964e-24  4.48914523e-25]	2.8110402469470766e-48	37632
294	[-1.61539964e-24  4.48914523e-25]	2.8110402469470766e-48	37760
295	[ 7.44753167e-25 -1.41448115e-24]	2.5554141898198004e-48	37888
296	[ 7.44753167e-25 -1.41448115e-24]	2.5554141898198004e-48	38016
297	[ 7.44753167e-25 -1.41448115e-24]	2.5554141898198004e-48	38144
298	[ 2.22804496e-25 -4.32470573e-25]	2.3667263967346708e-49	38272
299	[ 2.22804496e-25 -4.32470573e-25]	2.3667263967346708e-49	38400
300	[-3.10978931e-25 -2.92945882e-25]	1.8252518570322208e-49	38528
301	[-2.81768685e-25  3.11769056e-25]	1.7659353595856345e-49	38656
302	[-2.81768685e-25  3.11769056e-25]	1.7659353595856345e-49	38784
303	[-2.81768685e-25  3.11769056e-25]	1.7659353595856345e-49	38912
304	[-1.66479803e-25 -1.28684921e-25]	4.427533384437026e-50	39040
305	[-1.19930297e-25  5.51466908e-27]	1.4413687794138613e-50	39168
306	[-1.19930297e-25  5.51466908e-27]	1.4413687794138613e-50	39296
307	[1.50543321e-26 1.35454705e-26]	4.101126845103288e-52	39424
308	[1.50543321e-26 1.35454705e-26]	4.101126845103288e-52	39552
309	[1.50543321e-26 1.35454705e-26]	4.101126845103288e-52	39680
310	[1.50543321e-26 1.35454705e-26]	4.101126845103288e-52	39808
311	[1.50543321e-26 1.35454705e-26]	4.101126845103288e-52	39936
312	[-1.07843386e-26 -2.18000463e-27]	1.2105437990783262e-52	40064
313	[-1.07843386e-26 -2.18000463e-27]	1.2105437990783262e-52	40192
314	[-1.07843386e-26 -2.18000463e-27]	1.2105437990783262e-52	40320
315	[-1.07843386e-26 -2.18000463e-27]	1.2105437990783262e-52	40448
316	[-1.07843386e-26 -2.18000463e-27]	1.2105437990783262e-52	40576
317	[-1.07843386e-26 -2.18000463e-27]	1.2105437990783262e-52	40704
318	[-5.10850661e-28  9.53681868e-27]	9.121187897084735e-53	40832
319	[-5.10850661e-28  9.53681868e-27]	9.121187897084735e-53	40960
320	[-5.10850661e-28  9.53681868e-27]	9.121187897084735e-53	41088
321	[2.41742802e-27 2.51332536e-27]	1.216076259175683e-53	41216
322	[2.41742802e-27 2.51332536e-27]	1.216076259175683e-53	41344
323	[2.41742802e-27 2.51332536e-27]	1.216076259175683e-53	41472
324	[2.41742802e-27 2.51332536e-27]	1.216076259175683e-53	41600
325	[-1.10844760e-27 -1.70059016e-27]	4.120662971518169e-54	41728
326	[-1.10844760e-27 -1.70059016e-27]	4.120662971518169e-54	41856
327	[-1.10844760e-27 -1.70059016e-27]	4.120662971518169e-54	41984
328	[-1.10844760e-27 -1.70059016e-27]	4.120662971518169e-54	42112
329	[-1.10844760e-27 -1.70059016e-27]	4.120662971518169e-54	42240
330	[-1.10844760e-27 -1.70059016e-27]	4.120662971518169e-54	42368
331	[-1.10844760e-27 -1.70059016e-27]	4.120662971518169e-54	42496
332	[2.65168854e-29 4.51110485e-28]	2.0420381451548906e-55	42624
333	[2.65168854e-29 4.51110485e-28]	2.0420381451548906e-55	42752
334	[2.65168854e-29 4.51110485e-28]	2.0420381451548906e-55	42880
335	[2.65168854e-29 4.51110485e-28]	2.0420381451548906e-55	43008
336	[2.65168854e-29 4.51110485e-28]	2.0420381451548906e-55	43136
337	[-1.14612915e-28  3.85193445e-28]	1.6151011001862759e-55	43264
338	[-1.14612915e-28  3.85193445e-28]	1.6151011001862759e-55	43392
339	[-1.17179452e-28 -1.51514199e-28]	3.668757657567643e-56	43520
340	[ 1.23052099e-28 -3.18602173e-29]	1.6156892411848866e-56	43648
341	[ 1.23052099e-28 -3.18602173e-29]	1.6156892411848866e-56	43776
342	[ 1.23052099e-28 -3.18602173e-29]	1.6156892411848866e-56	43904
343	[ 7.29665850e-30 -9.94142558e-29]	9.936435475157754e-57	44032
344	[ 7.29665850e-30 -9.94142558e-29]	9.936435475157754e-57	44160
345	[8.23207768e-29 8.46517807e-30]	6.848369533488756e-57	44288
346	[-2.48957209e-29 -3.51953513e-29]	1.8585096680122908e-57	44416
347	[-2.48957209e-29 -3.51953513e-29]	1.8585096680122908e-57	44544
348	[-2.48957209e-29 -3.51953513e-29]	1.8585096680122908e-57	44672
349	[-2.48957209e-29 -3.51953513e-29]	1.8585096680122908e-57	44800
350	[ 1.85660051e-29 -6.06515001e-30]	3.8148259163442905e-58	44928
351	[ 1.85660051e-29 -6.06515001e-30]	3.8148259163442905e-58	45056
352	[ 1.85660051e-29 -6.06515001e-30]	3.8148259163442905e-58	45184
353	[ 1.85660051e-29 -6.06515001e-30]	3.8148259163442905e-58	45312
354	[ 1.85660051e-29 -6.06515001e-30]	3.8148259163442905e-58	45440
355	[3.19954579e-30 1.34953155e-29]	1.9236063308039313e-58	45568
356	[ 4.68596135e-30 -6.06515001e-30]	5.874427837885876e-59	45696
357	[ 4.68596135e-30 -6.06515001e-30]	5.874427837885876e-59	45824
358	[ 4.68596135e-30 -6.06515001e-30]	5.874427837885876e-59	45952
359	[ 4.68596135e-30 -6.06515001e-30]	5.874427837885876e-59	46080
360	[3.51983665e-32 4.50370878e-30]	2.0284631674928995e-59	46208
361	[3.51983665e-32 4.50370878e-30]	2.0284631674928995e-59	46336
362	[3.51983665e-32 4.50370878e-30]	2.0284631674928995e-59	46464
363	[3.51983665e-32 4.50370878e-30]	2.0284631674928995e-59	46592
364	[-3.10711866e-30 -1.39070130e-30]	1.1588236502898235e-59	46720
365	[-3.10711866e-30 -1.39070130e-30]	1.1588236502898235e-59	46848
366	[-2.55403550e-30 -1.50731535e-30]	8.79509690925498e-60	46976
367	[-2.59334724e-30  5.84917730e-31]	7.067578643342286e-60	47104
368	[-4.42463799e-31  1.10189200e-30]	1.4099401959552278e-60	47232
369	[-1.40882374e-32 -5.57116608e-31]	3.1057739333143602e-61	47360
370	[-1.40882374e-32 -5.57116608e-31]	3.1057739333143602e-61	47488
371	[-1.40882374e-32 -5.57116608e-31]	3.1057739333143602e-61	47616
372	[-1.40882374e-32 -5.57116608e-31]	3.1057739333143602e-61	47744
373	[-1.40882374e-32 -5.57116608e-31]	3.1057739333143602e-61	47872
374	[-1.40882374e-32 -5.57116608e-31]	3.1057739333143602e-61	48000
375	[-7.97279621e-34  7.58187531e-32]	5.749118978560197e-63	48128
376	[-7.97279621e-34  7.58187531e-32]	5.749118978560197e-63	48256
377	[-7.97279621e-34  7.58187531e-32]	5.749118978560197e-63	48384
378	[-7.97279621e-34  7.58187531e-32]	5.749118978560197e-63	48512
379	[-7.97279621e-34  7.58187531e-32]	5.749118978560197e-63	48640
380	[-3.92305567e-32  2.35586183e-32]	2.0940450740984408e-63	48768
381	[-3.92305567e-32  2.35586183e-32]	2.0940450740984408e-63	48896
382	[-3.92305567e-32  2.35586183e-32]	2.0940450740984408e-63	49024
383	[-3.92305567e-32  2.35586183e-32]	2.0940450740984408e-63	49152
384	[-3.92305567e-32  2.35586183e-32]	2.0940450740984408e-63	49280
385	[-1.40882374e-32  2.32555190e-32]	7.392975954105713e-64	49408
386	[-1.40882374e-32  2.32555190e-32]	7.392975954105713e-64	49536
387	[-1.40882374e-32  2.32555190e-32]	7.392975954105713e-64	49664
388	[ 1.62712873e-33 -7.96486028e-33]	6.608654726141976e-65	49792
389	[ 1.62712873e-33 -7.96486028e-33]	6.608654726141976e-65	49920
390	[ 1.62712873e-33 -7.96486028e-33]	6.608654726141976e-65	50048
391	[ 1.62712873e-33 -7.96486028e-33]	6.608654726141976e-65	50176
392	[ 1.62712873e-33 -7.96486028e-33]	6.608654726141976e-65	50304
393	[ 1.62712873e-33 -7.96486028e-33]	6.608654726141976e-65	50432
394	[ 1.62712873e-33 -7.96486028e-33]	6.608654726141976e-65	50560
395	[ 2.34709778e-33 -6.79505058e-33]	5.168158040026969e-65	50688
396	[ 2.34709778e-33 -6.79505058e-33]	5.168158040026969e-65	50816
397	[ 2.34709778e-33 -6.79505058e-33]	5.168158040026969e-65	50944
398	[ 2.34709778e-33 -6.79505058e-33]	5.168158040026969e-65	51072
399	[ 2.34709778e-33 -6.79505058e-33]	5.168158040026969e-65	51200
400	[ 2.34709778e-33 -6.79505058e-33]	5.168158040026969e-65	51328
401	[-2.66914867e-33  1.74767864e-33]	1.0178735239039133e-65	51456
402	[-2.66914867e-33  1.74767864e-33]	1.0178735239039133e-65	51584
403	[-2.24514403e-33  4.11689301e-34]	5.210159777605851e-66	51712
404	[-2.24514403e-33  4.11689301e-34]	5.210159777605851e-66	51840
405	[-2.24514403e-33  4.11689301e-34]	5.210159777605851e-66	51968
406	[-1.33205714e-33 -8.11372063e-34]	2.4327008349112056e-66	52096
407	[-1.33205714e-33 -8.11372063e-34]	2.4327008349112056e-66	52224
408	[ 1.44744936e-34 -5.37508062e-34]	3.0986601289403924e-67	52352
409	[ 1.44744936e-34 -5.37508062e-34]	3.0986601289403924e-67	52480
410	[-2.51920415e-34  3.92011628e-34]	2.1713701206627713e-67	52608
411	[ 3.46870852e-34 -2.91505687e-34]	2.052949534770054e-67	52736
412	[ 3.46870852e-34 -2.91505687e-34]	2.052949534770054e-67	52864
413	[ 3.46870852e-34 -2.91505687e-34]	2.052949534770054e-67	52992
414	[8.99594013e-35 1.84511204e-34]	4.213707840465894e-68	53120
415	[8.99594013e-35 1.84511204e-34]	4.213707840465894e-68	53248
416	[8.99594013e-35 1.84511204e-34]	4.213707840465894e-68	53376
417	[-9.07236039e-35 -1.48452376e-35]	8.451153378044792e-69	53504
418	[-9.07236039e-35 -1.48452376e-35]	8.451153378044792e-69	53632
419	[-9.07236039e-35 -1.48452376e-35]	8.451153378044792e-69	53760
420	[-9.07236039e-35 -1.48452376e-35]	8.451153378044792e-69	53888
421	[-9.07236039e-35 -1.48452376e-35]	8.451153378044792e-69	54016
422	[-9.07236039e-35 -1.48452376e-35]	8.451153378044792e-69	54144
423	[-9.07236039e-35 -1.48452376e-35]	8.451153378044792e-69	54272
424	[-9.07236039e-35 -1.48452376e-35]	8.451153378044792e-69	54400
425	[-9.07236039e-35 -1.48452376e-35]	8.451153378044792e-69	54528
426	[-7.21921648e-35  5.46211767e-35]	8.195181597292515e-69	54656
427	[-2.53367310e-36 -1.05443035e-35]	1.1760183616580312e-70	54784
428	[-2.53367310e-36 -1.05443035e-35]	1.1760183616580312e-70	54912
429	[-2.53367310e-36 -1.05443035e-35]	1.1760183616580312e-70	55040
430	[-2.53367310e-36 -1.05443035e-35]	1.1760183616580312e-70	55168
431	[-2.53367310e-36 -1.05443035e-35]	1.1760183616580312e-70	55296
432	[-2.53367310e-36 -1.05443035e-35]	1.1760183616580312e-70	55424
433	[-2.53367310e-36 -1.05443035e-35]	1.1760183616580312e-70	55552
434	[-5.66381631e-36 -3.98168533e-36]	4.793263325316611e-71	55680
435	[-5.66381631e-36 -3.98168533e-36]	4.793263325316611e-71	55808
436	[-5.66381631e-36 -3.98168533e-36]	4.793263325316611e-71	55936
437	[ 2.91739478e-36 -2.48444568e-37]	8.5729170290789e-72	56064
438	[ 2.91739478e-36 -2.48444568e-37]	8.5729170290789e-72	56192
439	[-1.96854083e-36 -1.05336951e-36]	4.984740313270887e-72	56320
440	[-1.96854083e-36 -1.05336951e-36]	4.984740313270887e-72	56448
441	[-1.96854083e-36 -1.05336951e-36]	4.984740313270887e-72	56576
442	[-1.96854083e-36 -1.05336951e-36]	4.984740313270887e-72	56704
443	[-1.96854083e-36 -1.05336951e-36]	4.984740313270887e-72	56832
444	[-1.96854083e-36 -1.05336951e-36]	4.984740313270887e-72	56960
445	[-1.96854083e-36 -1.05336951e-36]	4.984740313270887e-72	57088
446	[9.25235371e-37 2.21976164e-37]	9.05333908348945e-73	57216
447	[9.25235371e-37 2.21976164e-37]	9.05333908348945e-73	57344
448	[9.25235371e-37 2.21976164e-37]	9.05333908348945e-73	57472
449	[9.25235371e-37 2.21976164e-37]	9.05333908348945e-73	57600
450	[9.25235371e-37 2.21976164e-37]	9.05333908348945e-73	57728
451	[9.25235371e-37 2.21976164e-37]	9.05333908348945e-73	57856
452	[-2.75290875e-37 -5.05642588e-38]	7.834181012075843e-74	57984
453	[-2.75290875e-37 -5.05642588e-38]	7.834181012075843e-74	58112
454	[-8.96685311e-38 -1.83528594e-37]	4.172319040817378e-74	58240
455	[-8.96685311e-38 -1.83528594e-37]	4.172319040817378e-74	58368
456	[-8.96685311e-38 -1.83528594e-37]	4.172319040817378e-74	58496
457	[-8.96685311e-38 -1.83528594e-37]	4.172319040817378e-74	58624
458	[ 4.98587521e-38 -1.62641021e-37]	2.8937996856029187e-74	58752
459	[ 4.98587521e-38 -1.62641021e-37]	2.8937996856029187e-74	58880
460	[ 4.98587521e-38 -1.62641021e-37]	2.8937996856029187e-74	59008
461	[-2.31379907e-38  3.22751213e-38]	1.5770500712217331e-75	59136
462	[-2.31379907e-38  3.22751213e-38]	1.5770500712217331e-75	59264
463	[-2.31379907e-38  3.22751213e-38]	1.5770500712217331e-75	59392
464	[ 1.85155452e-38 -5.20725543e-39]	3.699409247301789e-76	59520
465	[ 1.85155452e-38 -5.20725543e-39]	3.699409247301789e-76	59648
466	[ 1.85155452e-38 -5.20725543e-39]	3.699409247301789e-76	59776
467	[ 1.85155452e-38 -5.20725543e-39]	3.699409247301789e-76	59904
468	[ 1.85155452e-38 -5.20725543e-39]	3.699409247301789e-76	60032
469	[-1.90650766e-41 -1.44244885e-38]	2.08066231873094e-76	60160
470	[ 2.48230760e-39 -1.37806106e-38]	1.9606708064948136e-76	60288
471	[-7.11297077e-40  2.10652072e-39]	4.943373080892299e-78	60416
472	[-7.11297077e-40  2.10652072e-39]	4.943373080892299e-78	60544
473	[-7.11297077e-40  2.10652072e-39]	4.943373080892299e-78	60672
474	[-7.11297077e-40  2.10652072e-39]	4.943373080892299e-78	60800
475	[-7.11297077e-40  2.10652072e-39]	4.943373080892299e-78	60928
476	[-7.11297077e-40  2.10652072e-39]	4.943373080892299e-78	61056
477	[-7.11297077e-40  2.10652072e-39]	4.943373080892299e-78	61184
478	[-7.11297077e-40  2.10652072e-39]	4.943373080892299e-78	61312
479	[-7.11297077e-40  2.10652072e-39]	4.943373080892299e-78	61440
480	[-7.11297077e-40  2.10652072e-39]	4.943373080892299e-78	61568
481	[-7.11297077e-40  2.10652072e-39]	4.943373080892299e-78	61696
482	[-1.57696134e-39  5.92706443e-40]	2.838107999407372e-78	61824
483	[-1.57696134e-39  5.92706443e-40]	2.838107999407372e-78	61952
484	[-1.57696134e-39  5.92706443e-40]	2.838107999407372e-78	62080
485	[-1.57696134e-39  5.92706443e-40]	2.838107999407372e-78	62208
486	[-1.22508543e-39 -6.46121814e-40]	1.9183077049678197e-78	62336
487	[ 6.04531362e-40 -7.14061336e-40]	8.753417593018129e-79	62464
488	[-1.57265180e-40  4.87467622e-40]	2.6235701983508317e-79	62592
489	[-1.57265180e-40  4.87467622e-40]	2.6235701983508317e-79	62720
490	[-1.57265180e-40  4.87467622e-40]	2.6235701983508317e-79	62848
491	[-1.57265180e-40  4.87467622e-40]	2.6235701983508317e-79	62976
492	[-1.57265180e-40  4.87467622e-40]	2.6235701983508317e-79	63104
493	[-1.57265180e-40  4.87467622e-40]	2.6235701983508317e-79	63232
494	[-2.22874642e-40 -1.80388309e-40]	8.221304795019121e-80	63360
495	[-2.22874642e-40 -1.80388309e-40]	8.221304795019121e-80	63488
496	[-2.42566588e-42  8.55216839e-41]	7.319842263790308e-81	63616
497	[-2.42566588e-42  8.55216839e-41]	7.319842263790308e-81	63744
498	[-4.47479064e-42 -5.56063496e-41]	3.1120898623027073e-81	63872
499	[-4.47479064e-42 -5.56063496e-41]	3.1120898623027073e-81	64000
500	[-4.47479064e-42 -5.56063496e-41]	3.1120898623027073e-81	64128
501	[-4.47479064e-42 -5.56063496e-41]	3.1120898623027073e-81	64256
502	[-3.39839273e-41 -2.96809215e-41]	2.0358644156454489e-81	64384
503	[-3.39839273e-41 -2.96809215e-41]	2.0358644156454489e-81	64512
504	[-3.39839273e-41 -2.96809215e-41]	2.0358644156454489e-81	64640
505	[ 2.15749325e-41 -2.99782407e-41]	1.3641726291227244e-81	64768
506	[2.92105459e-42 2.86779113e-41]	8.309551553468273e-82	64896
507	[1.33997910e-42 1.68522918e-41]	2.857952829147673e-82	65024
508	[5.25884466e-42 4.12716246e-42]	4.46889170916854e-83	65152
509	[5.25884466e-42 4.12716246e-42]	4.46889170916854e-83	65280
510	[5.25884466e-42 4.12716246e-42]	4.46889170916854e-83	65408
511	[5.25884466e-42 4.12716246e-42]	4.46889170916854e-83	65536
512	[5.25884466e-42 4.12716246e-42]	4.46889170916854e-83	65664
513	[5.25884466e-42 4.12716246e-42]	4.46889170916854e-83	65792
514	[5.25884466e-42 4.12716246e-42]	4.46889170916854e-83	65920
515	[5.25884466e-42 4.12716246e-42]	4.46889170916854e-83	66048
516	[-2.17415626e-42 -1.55514786e-42]	7.145440303225901e-84	66176
517	[-1.42196341e-42 -8.84701095e-43]	2.8046759739740657e-84	66304
518	[-1.42196341e-42 -8.84701095e-43]	2.8046759739740657e-84	66432
519	[-1.42196341e-42 -8.84701095e-43]	2.8046759739740657e-84	66560
520	[-1.42196341e-42 -8.84701095e-43]	2.8046759739740657e-84	66688
521	[-2.03261509e-43 -1.44123502e-42]	2.118473632410263e-84	66816
522	[-8.30240110e-43  6.13494448e-43]	1.0656740776802552e-84	66944
523	[-8.30240110e-43  6.13494448e-43]	1.0656740776802552e-84	67072
524	[ 3.38554090e-43 -5.90586532e-43]	4.6341132438309426e-85	67200
525	[ 3.38554090e-43 -5.90586532e-43]	4.6341132438309426e-85	67328
526	[ 4.47135429e-43 -3.03030017e-43]	2.9175728302480394e-85	67456
527	[5.64547458e-46 4.28327504e-44]	1.8349632239016792e-87	67584
528	[5.64547458e-46 4.28327504e-44]	1.8349632239016792e-87	67712
529	[5.64547458e-46 4.28327504e-44]	1.8349632239016792e-87	67840
530	[5.64547458e-46 4.28327504e-44]	1.8349632239016792e-87	67968
531	[5.64547458e-46 4.28327504e-44]	1.8349632239016792e-87	68096
532	[5.64547458e-46 4.28327504e-44]	1.8349632239016792e-87	68224
533	[5.64547458e-46 4.28327504e-44]	1.8349632239016792e-87	68352
534	[5.64547458e-46 4.28327504e-44]	1.8349632239016792e-87	68480
535	[5.64547458e-46 4.28327504e-44]	1.8349632239016792e-87	68608
536	[5.64547458e-46 4.28327504e-44]	1.8349632239016792e-87	68736
537	[5.64547458e-46 4.28327504e-44]	1.8349632239016792e-87	68864
538	[5.64547458e-46 4.28327504e-44]	1.8349632239016792e-87	68992
539	[5.64547458e-46 4.28327504e-44]	1.8349632239016792e-87	69120
540	[5.64547458e-46 4.28327504e-44]	1.8349632239016792e-87	69248
541	[-3.91539680e-44 -1.10406878e-44]	1.6549300016403088e-87	69376
542	[ 1.34736985e-44 -5.07367989e-45]	2.0728278016429793e-88	69504
543	[ 1.34736985e-44 -5.07367989e-45]	2.0728278016429793e-88	69632
544	[ 1.34736985e-44 -5.07367989e-45]	2.0728278016429793e-88	69760
545	[ 1.34736985e-44 -5.07367989e-45]	2.0728278016429793e-88	69888
546	[ 1.01718580e-45 -3.76711549e-46]	1.1765785384192286e-90	70016
547	[ 1.01718580e-45 -3.76711549e-46]	1.1765785384192286e-90	70144
548	[ 1.01718580e-45 -3.76711549e-46]	1.1765785384192286e-90	70272
549	[ 1.01718580e-45 -3.76711549e-46]	1.1765785384192286e-90	70400
550	[ 1.01718580e-45 -3.76711549e-46]	1.1765785384192286e-90	70528
551	[ 1.01718580e-45 -3.76711549e-46]	1.1765785384192286e-90	70656
552	[ 1.01718580e-45 -3.76711549e-46]	1.1765785384192286e-90	70784
553	[ 1.01718580e-45 -3.76711549e-46]	1.1765785384192286e-90	70912
554	[ 1.01718580e-45 -3.76711549e-46]	1.1765785384192286e-90	71040
555	[ 1.01718580e-45 -3.76711549e-46]	1.1765785384192286e-90	71168
556	[ 1.01718580e-45 -3.76711549e-46]	1.1765785384192286e-90	71296
557	[ 1.01718580e-45 -3.76711549e-46]	1.1765785384192286e-90	71424
558	[ 1.01718580e-45 -3.76711549e-46]	1.1765785384192286e-90	71552
559	[ 1.01718580e-45 -3.76711549e-46]	1.1765785384192286e-90	71680
560	[ 1.01718580e-45 -3.76711549e-46]	1.1765785384192286e-90	71808
561	[-5.07817798e-47 -8.23796457e-46]	6.812193913082383e-91	71936
562	[-3.45579525e-47 -4.97008526e-46]	2.48211727010763e-91	72064
563	[ 4.94011554e-46 -3.65747256e-48]	2.440607929191558e-91	72192
564	[-2.07737612e-46  4.56703870e-47]	4.524069972418568e-92	72320
565	[-2.07737612e-46  4.56703870e-47]	4.524069972418568e-92	72448
566	[-2.07737612e-46  4.56703870e-47]	4.524069972418568e-92	72576
567	[-2.07737612e-46  4.56703870e-47]	4.524069972418568e-92	72704
568	[-2.07737612e-46  4.56703870e-47]	4.524069972418568e-92	72832
569	[-1.44278864e-46 -9.91958635e-47]	3.0656209792125495e-92	72960
570	[-1.44278864e-46 -9.91958635e-47]	3.0656209792125495e-92	73088
571	[-1.44278864e-46 -9.91958635e-47]	3.0656209792125495e-92	73216
572	[ 4.74658547e-48 -3.88840125e-47]	1.534496500561028e-93	73344
573	[ 4.74658547e-48 -3.88840125e-47]	1.534496500561028e-93	73472
574	[ 4.74658547e-48 -3.88840125e-47]	1.534496500561028e-93	73600
575	[ 4.74658547e-48 -3.88840125e-47]	1.534496500561028e-93	73728
576	[ 4.74658547e-48 -3.88840125e-47]	1.534496500561028e-93	73856
577	[1.02963865e-47 1.49925495e-48]	1.0826334124872111e-94	73984
578	[1.02963865e-47 1.49925495e-48]	1.0826334124872111e-94	74112
579	[4.40336329e-49 1.53797061e-48]	2.559249683657764e-96	74240
580	[4.40336329e-49 1.53797061e-48]	2.559249683657764e-96	74368
581	[4.40336329e-49 1.53797061e-48]	2.559249683657764e-96	74496
582	[4.40336329e-49 1.53797061e-48]	2.559249683657764e-96	74624
583	[4.40336329e-49 1.53797061e-48]	2.559249683657764e-96	74752
584	[4.40336329e-49 1.53797061e-48]	2.559249683657764e-96	74880
585	[4.40336329e-49 1.53797061e-48]	2.559249683657764e-96	75008
586	[4.40336329e-49 1.53797061e-48]	2.559249683657764e-96	75136
587	[4.40336329e-49 1.53797061e-48]	2.559249683657764e-96	75264
588	[4.40336329e-49 1.53797061e-48]	2.559249683657764e-96	75392
589	[4.40336329e-49 1.53797061e-48]	2.559249683657764e-96	75520
590	[ 6.29458436e-51 -5.70497245e-49]	3.255067280455853e-97	75648
591	[ 6.29458436e-51 -5.70497245e-49]	3.255067280455853e-97	75776
592	[3.14890127e-49 1.12969926e-49]	1.1191799641928815e-97	75904
593	[3.14890127e-49 1.12969926e-49]	1.1191799641928815e-97	76032
594	[3.14890127e-49 1.12969926e-49]	1.1191799641928815e-97	76160
595	[3.14890127e-49 1.12969926e-49]	1.1191799641928815e-97	76288
596	[3.14890127e-49 1.12969926e-49]	1.1191799641928815e-97	76416
597	[3.14890127e-49 1.12969926e-49]	1.1191799641928815e-97	76544
598	[3.14890127e-49 1.12969926e-49]	1.1191799641928815e-97	76672
599	[3.14890127e-49 1.12969926e-49]	1.1191799641928815e-97	76800
600	[ 6.53559134e-50 -1.17663595e-49]	1.811611700084803e-98	76928
601	[ 6.53559134e-50 -1.17663595e-49]	1.811611700084803e-98	77056
602	[ 6.53559134e-50 -1.17663595e-49]	1.811611700084803e-98	77184
603	[ 6.53559134e-50 -1.17663595e-49]	1.811611700084803e-98	77312
604	[ 6.53559134e-50 -1.17663595e-49]	1.811611700084803e-98	77440
605	[ 6.53559134e-50 -1.17663595e-49]	1.811611700084803e-98	77568
606	[ 6.53559134e-50 -1.17663595e-49]	1.811611700084803e-98	77696
607	[-6.40570273e-50 -2.66335714e-50]	4.812649869271442e-99	77824
608	[-1.49530173e-50 -1.35664199e-50]	4.0764047498199105e-100	77952
609	[-1.49530173e-50 -1.35664199e-50]	4.0764047498199105e-100	78080
610	[-1.49530173e-50 -1.35664199e-50]	4.0764047498199105e-100	78208
611	[-1.49530173e-50 -1.35664199e-50]	4.0764047498199105e-100	78336
612	[-1.49530173e-50 -1.35664199e-50]	4.0764047498199105e-100	78464
613	[-1.49530173e-50 -1.35664199e-50]	4.0764047498199105e-100	78592
614	[-1.49530173e-50 -1.35664199e-50]	4.0764047498199105e-100	78720
615	[-5.07993630e-51 -7.12483245e-51]	7.656899026363291e-101	78848
616	[-5.07993630e-51 -7.12483245e-51]	7.656899026363291e-101	78976
617	[-5.07993630e-51 -7.12483245e-51]	7.656899026363291e-101	79104
618	[-5.07993630e-51 -7.12483245e-51]	7.656899026363291e-101	79232
619	[-5.07993630e-51 -7.12483245e-51]	7.656899026363291e-101	79360
620	[-5.07993630e-51 -7.12483245e-51]	7.656899026363291e-101	79488
621	[7.21810956e-51 4.11109449e-51]	6.900220350404839e-101	79616
622	[7.21810956e-51 4.11109449e-51]	6.900220350404839e-101	79744
623	[7.21810956e-51 4.11109449e-51]	6.900220350404839e-101	79872
624	[-2.41462931e-52 -1.25931186e-51]	1.6441707138639142e-102	80000
625	[-2.41462931e-52 -1.25931186e-51]	1.6441707138639142e-102	80128
626	[-2.41462931e-52 -1.25931186e-51]	1.6441707138639142e-102	80256
627	[-2.41462931e-52 -1.25931186e-51]	1.6441707138639142e-102	80384
628	[-2.41462931e-52 -1.25931186e-51]	1.6441707138639142e-102	80512
629	[-2.41462931e-52 -1.25931186e-51]	1.6441707138639142e-102	80640
630	[-2.41462931e-52 -1.25931186e-51]	1.6441707138639142e-102	80768
631	[-2.41462931e-52 -1.25931186e-51]	1.6441707138639142e-102	80896
632	[-2.41462931e-52 -1.25931186e-51]	1.6441707138639142e-102	81024
633	[-2.41462931e-52 -1.25931186e-51]	1.6441707138639142e-102	81152
634	[-2.41462931e-52 -1.25931186e-51]	1.6441707138639142e-102	81280
635	[-2.41462931e-52 -1.25931186e-51]	1.6441707138639142e-102	81408
636	[-5.82078197e-53 -7.18762308e-53]	8.554342830923777e-105	81536
637	[-5.82078197e-53 -7.18762308e-53]	8.554342830923777e-105	81664
638	[-5.82078197e-53 -7.18762308e-53]	8.554342830923777e-105	81792
639	[-5.82078197e-53 -7.18762308e-53]	8.554342830923777e-105	81920
640	[-5.82078197e-53 -7.18762308e-53]	8.554342830923777e-105	82048
641	[-5.82078197e-53 -7.18762308e-53]	8.554342830923777e-105	82176
642	[-5.82078197e-53 -7.18762308e-53]	8.554342830923777e-105	82304
643	[-5.82078197e-53 -7.18762308e-53]	8.554342830923777e-105	82432
644	[-2.40413994e-53  7.25721321e-53]	5.8447032413933974e-105	82560
645	[-2.40413994e-53  7.25721321e-53]	5.8447032413933974e-105	82688
646	[-2.40413994e-53  7.25721321e-53]	5.8447032413933974e-105	82816
647	[-1.40291907e-53  1.59337958e-53]	4.507040414129735e-106	82944
648	[-1.40291907e-53  1.59337958e-53]	4.507040414129735e-106	83072
649	[-1.40291907e-53  1.59337958e-53]	4.507040414129735e-106	83200
650	[-1.40291907e-53  1.59337958e-53]	4.507040414129735e-106	83328
651	[-1.40291907e-53  1.59337958e-53]	4.507040414129735e-106	83456
652	[-1.40291907e-53  1.59337958e-53]	4.507040414129735e-106	83584
653	[ 4.90826813e-54 -4.23675934e-54]	4.204122572999213e-107	83712
654	[ 4.90826813e-54 -4.23675934e-54]	4.204122572999213e-107	83840
655	[ 4.90826813e-54 -4.23675934e-54]	4.204122572999213e-107	83968
656	[ 4.90826813e-54 -4.23675934e-54]	4.204122572999213e-107	84096
657	[ 4.90826813e-54 -4.23675934e-54]	4.204122572999213e-107	84224
658	[ 4.90826813e-54 -4.23675934e-54]	4.204122572999213e-107	84352
659	[ 4.90826813e-54 -4.23675934e-54]	4.204122572999213e-107	84480
660	[-1.63219582e-54  2.42038133e-54]	8.522308966605545e-108	84608
661	[-1.63219582e-54  2.42038133e-54]	8.522308966605545e-108	84736
662	[-1.63219582e-54  2.42038133e-54]	8.522308966605545e-108	84864
663	[-1.63219582e-54  2.42038133e-54]	8.522308966605545e-108	84992
664	[-1.63219582e-54  2.42038133e-54]	8.522308966605545e-108	85120
665	[-1.63219582e-54  2.42038133e-54]	8.522308966605545e-108	85248
666	[-1.63219582e-54  2.42038133e-54]	8.522308966605545e-108	85376
667	[-1.06507108e-55  2.95182333e-55]	9.84763736643917e-110	85504
668	[-1.06507108e-55  2.95182333e-55]	9.84763736643917e-110	85632
669	[-1.06507108e-55  2.95182333e-55]	9.84763736643917e-110	85760
670	[-1.06507108e-55  2.95182333e-55]	9.84763736643917e-110	85888
671	[-1.93226515e-55 -1.60132175e-55]	6.297879930657009e-110	86016
672	[-1.93226515e-55 -1.60132175e-55]	6.297879930657009e-110	86144
673	[-1.93226515e-55 -1.60132175e-55]	6.297879930657009e-110	86272
674	[-1.93226515e-55 -1.60132175e-55]	6.297879930657009e-110	86400
675	[-1.93226515e-55 -1.60132175e-55]	6.297879930657009e-110	86528
676	[ 9.60779410e-56 -8.48342964e-56]	1.642782860406703e-110	86656
677	[ 9.60779410e-56 -8.48342964e-56]	1.642782860406703e-110	86784
678	[ 9.60779410e-56 -8.48342964e-56]	1.642782860406703e-110	86912
679	[ 9.60779410e-56 -8.48342964e-56]	1.642782860406703e-110	87040
680	[ 9.60779410e-56 -8.48342964e-56]	1.642782860406703e-110	87168
681	[ 9.60779410e-56 -8.48342964e-56]	1.642782860406703e-110	87296
682	[ 9.60779410e-56 -8.48342964e-56]	1.642782860406703e-110	87424
683	[-6.14130642e-56  6.19249009e-56]	7.606257811238541e-111	87552
684	[-6.14130642e-56  6.19249009e-56]	7.606257811238541e-111	87680
685	[2.18978606e-56 1.08005469e-56]	5.961681135091403e-112	87808
686	[2.18978606e-56 1.08005469e-56]	5.961681135091403e-112	87936
687	[2.18978606e-56 1.08005469e-56]	5.961681135091403e-112	88064
688	[2.18978606e-56 1.08005469e-56]	5.961681135091403e-112	88192
689	[2.18978606e-56 1.08005469e-56]	5.961681135091403e-112	88320
690	[2.18978606e-56 1.08005469e-56]	5.961681135091403e-112	88448
691	[2.18978606e-56 1.08005469e-56]	5.961681135091403e-112	88576
692	[2.18978606e-56 1.08005469e-56]	5.961681135091403e-112	88704
693	[4.09896291e-57 6.81521163e-57]	6.324860645249705e-113	88832
694	[4.09896291e-57 6.81521163e-57]	6.324860645249705e-113	88960
695	[4.09896291e-57 6.81521163e-57]	6.324860645249705e-113	89088
696	[4.09896291e-57 6.81521163e-57]	6.324860645249705e-113	89216
697	[4.09896291e-57 6.81521163e-57]	6.324860645249705e-113	89344
698	[-4.20646438e-57  5.43031117e-57]	4.718262197099121e-113	89472
699	[-4.20646438e-57  5.43031117e-57]	4.718262197099121e-113	89600
700	[-4.20646438e-57  5.43031117e-57]	4.718262197099121e-113	89728
701	[3.79885767e-57 4.33556865e-58]	1.4619291121437849e-113	89856
702	[-2.62327149e-57 -2.24363344e-57]	1.1915444351474032e-113	89984
703	[-2.62327149e-57 -2.24363344e-57]	1.1915444351474032e-113	90112
704	[-2.62327149e-57 -2.24363344e-57]	1.1915444351474032e-113	90240
705	[-2.62327149e-57 -2.24363344e-57]	1.1915444351474032e-113	90368
706	[ 9.03468578e-58 -5.64963011e-58]	1.1354386749609604e-114	90496
707	[ 9.03468578e-58 -5.64963011e-58]	1.1354386749609604e-114	90624
708	[ 9.03468578e-58 -5.64963011e-58]	1.1354386749609604e-114	90752
709	[ 9.03468578e-58 -5.64963011e-58]	1.1354386749609604e-114	90880
710	[1.34612442e-58 1.00309105e-58]	2.818242608629399e-116	91008
711	[1.34612442e-58 1.00309105e-58]	2.818242608629399e-116	91136
712	[1.34612442e-58 1.00309105e-58]	2.818242608629399e-116	91264
713	[1.34612442e-58 1.00309105e-58]	2.818242608629399e-116	91392
714	[1.34612442e-58 1.00309105e-58]	2.818242608629399e-116	91520
715	[1.34612442e-58 1.00309105e-58]	2.818242608629399e-116	91648
716	[1.34612442e-58 1.00309105e-58]	2.818242608629399e-116	91776
717	[1.34612442e-58 1.00309105e-58]	2.818242608629399e-116	91904
718	[1.34612442e-58 1.00309105e-58]	2.818242608629399e-116	92032
719	[ 1.04633423e-58 -1.15483557e-58]	2.4284605072657214e-116	92160
720	[6.97882777e-59 2.56039170e-59]	5.5259642707813e-117	92288
721	[-6.29462242e-59 -3.69843383e-59]	5.330068419231571e-117	92416
722	[-2.50424671e-59 -4.18230479e-59]	2.3762924992244407e-117	92544
723	[-2.50424671e-59 -4.18230479e-59]	2.3762924992244407e-117	92672
724	[-2.50424671e-59 -4.18230479e-59]	2.3762924992244407e-117	92800
725	[-2.50424671e-59 -4.18230479e-59]	2.3762924992244407e-117	92928
726	[-2.50424671e-59 -4.18230479e-59]	2.3762924992244407e-117	93056
727	[-6.74863497e-60 -6.81490933e-60]	9.198706311151811e-119	93184
728	[-6.74863497e-60 -6.81490933e-60]	9.198706311151811e-119	93312
729	[-6.74863497e-60 -6.81490933e-60]	9.198706311151811e-119	93440
730	[-6.74863497e-60 -6.81490933e-60]	9.198706311151811e-119	93568
731	[-6.74863497e-60 -6.81490933e-60]	9.198706311151811e-119	93696
732	[-6.74863497e-60 -6.81490933e-60]	9.198706311151811e-119	93824
733	[-6.74863497e-60 -6.81490933e-60]	9.198706311151811e-119	93952
734	[5.21797109e-60 6.52001911e-60]	6.973787144096132e-119	94080
735	[-6.90543982e-60  3.49861537e-60]	5.992540862556921e-119	94208
736	[-6.90543982e-60  3.49861537e-60]	5.992540862556921e-119	94336
737	[-4.50042409e-60 -1.00048181e-60]	2.1254780892371148e-119	94464
738	[-4.50042409e-60 -1.00048181e-60]	2.1254780892371148e-119	94592
739	[-4.50042409e-60 -1.00048181e-60]	2.1254780892371148e-119	94720
740	[-4.50042409e-60 -1.00048181e-60]	2.1254780892371148e-119	94848
741	[3.39302193e-60 8.02280791e-61]	1.2156252272361212e-119	94976
742	[ 6.52922062e-61 -2.75701278e-60]	8.027426699722766e-120	95104
743	[ 6.52922062e-61 -2.75701278e-60]	8.027426699722766e-120	95232
744	[ 1.39283405e-60 -1.00282336e-61]	1.9500432391451845e-120	95360
745	[ 1.39283405e-60 -1.00282336e-61]	1.9500432391451845e-120	95488
746	[ 1.39283405e-60 -1.00282336e-61]	1.9500432391451845e-120	95616
747	[ 1.39283405e-60 -1.00282336e-61]	1.9500432391451845e-120	95744
748	[-9.07794339e-62 -7.58575913e-61]	5.836783221304551e-121	95872
749	[-2.55870476e-61 -6.08441014e-61]	4.356701673712864e-121	96000
750	[-1.50709077e-61 -4.35620770e-61]	2.124786808485513e-121	96128
751	[-1.50709077e-61 -4.35620770e-61]	2.124786808485513e-121	96256
752	[-1.50709077e-61 -4.35620770e-61]	2.124786808485513e-121	96384
753	[ 9.06398756e-62 -2.98883468e-61]	9.754691478653395e-122	96512
754	[ 9.06398756e-62 -2.98883468e-61]	9.754691478653395e-122	96640
755	[ 7.31176510e-62 -1.72589086e-61]	3.513318346581368e-122	96768
756	[ 7.31176510e-62 -1.72589086e-61]	3.513318346581368e-122	96896
757	[ 2.74686633e-62 -4.81325560e-62]	3.071270411573479e-123	97024
758	[ 2.74686633e-62 -4.81325560e-62]	3.071270411573479e-123	97152
759	[ 2.74686633e-62 -4.81325560e-62]	3.071270411573479e-123	97280
760	[ 2.74686633e-62 -4.81325560e-62]	3.071270411573479e-123	97408
761	[ 2.74686633e-62 -4.81325560e-62]	3.071270411573479e-123	97536
762	[ 2.08181127e-62 -4.42316108e-62]	2.389829214296592e-123	97664
763	[1.62854234e-62 7.99562728e-63]	3.2914507081771393e-124	97792
764	[1.62854234e-62 7.99562728e-63]	3.2914507081771393e-124	97920
765	[1.62854234e-62 7.99562728e-63]	3.2914507081771393e-124	98048
766	[ 1.31585292e-62 -1.01627507e-62]	2.764283924671185e-124	98176
767	[ 1.31585292e-62 -1.01627507e-62]	2.764283924671185e-124	98304
768	[ 1.31585292e-62 -1.01627507e-62]	2.764283924671185e-124	98432
769	[ 1.31585292e-62 -1.01627507e-62]	2.764283924671185e-124	98560
770	[ 1.31585292e-62 -1.01627507e-62]	2.764283924671185e-124	98688
771	[ 1.31585292e-62 -1.01627507e-62]	2.764283924671185e-124	98816
772	[ 1.31585292e-62 -1.01627507e-62]	2.764283924671185e-124	98944
773	[ 1.84751210e-63 -5.19321875e-64]	3.682996163727896e-126	99072
774	[ 1.84751210e-63 -5.19321875e-64]	3.682996163727896e-126	99200
775	[ 1.84751210e-63 -5.19321875e-64]	3.682996163727896e-126	99328
776	[ 1.84751210e-63 -5.19321875e-64]	3.682996163727896e-126	99456
777	[ 1.84751210e-63 -5.19321875e-64]	3.682996163727896e-126	99584
778	[ 1.84751210e-63 -5.19321875e-64]	3.682996163727896e-126	99712
779	[ 1.84751210e-63 -5.19321875e-64]	3.682996163727896e-126	99840
780	[ 1.84751210e-63 -5.19321875e-64]	3.682996163727896e-126	99968
781	[ 1.84751210e-63 -5.19321875e-64]	3.682996163727896e-126	100096
#Result: mean = 0.0008781654585582884	std = 0.010801360249584073