#GEN	x_best	f(x_best)	#eval
0	[0.2267854  0.54763299]	0.35133351125199114	128
1	[0.2267854  0.54763299]	0.35133351125199114	256
2	[ 0.15675743 -0.26915998]	0.0970199889568857	384
3	[0.02935249 0.04544813]	0.002927100800484622	512
4	[0.02935249 0.04544813]	0.002927100800484622	640
5	[0.02935249 0.04544813]	0.002927100800484622	768
6	[0.02935249 0.04544813]	0.002927100800484622	896
7	[0.02935249 0.04544813]	0.002927100800484622	1024
8	[0.02935249 0.04544813]	0.002927100800484622	1152
9	[0.02935249 0.04544813]	0.002927100800484622	1280
10	[0.02935249 0.04544813]	0.002927100800484622	1408
11	[0.02935249 0.04544813]	0.002927100800484622	1536
12	[0.02935249 0.04544813]	0.002927100800484622	1664
13	[0.02935249 0.04544813]	0.002927100800484622	1792
14	[0.0324195  0.03373687]	0.0021892008912330826	1920
15	[0.0324195  0.03373687]	0.0021892008912330826	2048
16	[0.0324195  0.01531861]	0.001285684091048478	2176
17	[-0.01996792  0.0124223 ]	0.0005530313157518787	2304
18	[-0.01996792  0.0124223 ]	0.0005530313157518787	2432
19	[ 0.0025797  -0.01137795]	0.0001361126423212691	2560
20	[ 0.0025797  -0.01137795]	0.0001361126423212691	2688
21	[ 0.0025797  -0.01137795]	0.0001361126423212691	2816
22	[-0.00768758  0.00264379]	6.608846435014367e-05	2944
23	[-0.00768758  0.00264379]	6.608846435014367e-05	3072
24	[-0.00768758  0.00264379]	6.608846435014367e-05	3200
25	[-0.00768758  0.00264379]	6.608846435014367e-05	3328
26	[-0.00768758  0.00264379]	6.608846435014367e-05	3456
27	[0.00488942 0.00618393]	6.214734871946165e-05	3584
28	[-0.00612005 -0.00380337]	5.1920713666633654e-05	3712
29	[-0.00612005 -0.00380337]	5.1920713666633654e-05	3840
30	[0.00079515 0.00428654]	1.900666200174358e-05	3968
31	[-0.00148062  0.00175333]	5.266408660940268e-06	4096
32	[0.0001562  0.00062521]	4.1528607372430375e-07	4224
33	[0.0001562  0.00062521]	4.1528607372430375e-07	4352
34	[0.0001562  0.00062521]	4.1528607372430375e-07	4480
35	[0.0001562  0.00062521]	4.1528607372430375e-07	4608
36	[0.0001562  0.00062521]	4.1528607372430375e-07	4736
37	[0.0001562  0.00062521]	4.1528607372430375e-07	4864
38	[ 3.32416642e-05 -1.68097246e-04]	2.936169229648157e-08	4992
39	[ 3.32416642e-05 -1.68097246e-04]	2.936169229648157e-08	5120
40	[ 3.32416642e-05 -1.68097246e-04]	2.936169229648157e-08	5248
41	[ 3.32416642e-05 -1.68097246e-04]	2.936169229648157e-08	5376
42	[ 3.32416642e-05 -1.68097246e-04]	2.936169229648157e-08	5504
43	[-1.52282521e-06  1.20974175e-04]	1.4637070012730276e-08	5632
44	[-1.48809022e-05  1.11352318e-05]	3.454346370987342e-10	5760
45	[-1.48809022e-05  1.11352318e-05]	3.454346370987342e-10	5888
46	[-1.48809022e-05  1.11352318e-05]	3.454346370987342e-10	6016
47	[-1.48809022e-05  1.11352318e-05]	3.454346370987342e-10	6144
48	[-1.48809022e-05  1.11352318e-05]	3.454346370987342e-10	6272
49	[-1.48809022e-05  1.11352318e-05]	3.454346370987342e-10	6400
50	[-1.48809022e-05  1.11352318e-05]	3.454346370987342e-10	6528
51	[-1.48809022e-05  1.11352318e-05]	3.454346370987342e-10	6656
52	[-1.48809022e-05  1.11352318e-05]	3.454346370987342e-10	6784
53	[-1.48809022e-05  1.11352318e-05]	3.454346370987342e-10	6912
54	[-1.48809022e-05  1.11352318e-05]	3.454346370987342e-10	7040
55	[-1.48809022e-05  1.11352318e-05]	3.454346370987342e-10	7168
56	[-1.48809022e-05  1.11352318e-05]	3.454346370987342e-10	7296
57	[-1.48809022e-05  1.11352318e-05]	3.454346370987342e-10	7424
58	[-5.73774917e-06  1.01533717e-05]	1.360127220805018e-10	7552
59	[ 1.30685216e-06 -1.74800615e-06]	4.763388067512656e-12	7680
60	[ 1.30685216e-06 -1.74800615e-06]	4.763388067512656e-12	7808
61	[-1.48073934e-06 -1.37476651e-06]	4.082571939374298e-12	7936
62	[-1.48073934e-06 -1.37476651e-06]	4.082571939374298e-12	8064
63	[-1.48073934e-06 -1.37476651e-06]	4.082571939374298e-12	8192
64	[-1.48073934e-06 -1.37476651e-06]	4.082571939374298e-12	8320
65	[-1.48073934e-06 -1.37476651e-06]	4.082571939374298e-12	8448
66	[-1.48073934e-06 -1.37476651e-06]	4.082571939374298e-12	8576
67	[-4.60457908e-07  5.57202901e-07]	5.224965574792625e-13	8704
68	[-4.60457908e-07  5.57202901e-07]	5.224965574792625e-13	8832
69	[-4.60457908e-07  5.57202901e-07]	5.224965574792625e-13	8960
70	[-4.60457908e-07  5.57202901e-07]	5.224965574792625e-13	9088
71	[-4.60457908e-07  5.57202901e-07]	5.224965574792625e-13	9216
72	[-4.60457908e-07  5.57202901e-07]	5.224965574792625e-13	9344
73	[-4.60457908e-07  5.57202901e-07]	5.224965574792625e-13	9472
74	[-1.61590451e-07 -2.42041688e-07]	8.469565244167203e-14	9600
75	[-1.61590451e-07 -2.42041688e-07]	8.469565244167203e-14	9728
76	[-1.61590451e-07 -2.42041688e-07]	8.469565244167203e-14	9856
77	[-1.61590451e-07 -2.42041688e-07]	8.469565244167203e-14	9984
78	[6.56381935e-08 1.82885835e-08]	4.64284473096837e-15	10112
79	[6.56381935e-08 1.82885835e-08]	4.64284473096837e-15	10240
80	[6.56381935e-08 1.82885835e-08]	4.64284473096837e-15	10368
81	[6.56381935e-08 1.82885835e-08]	4.64284473096837e-15	10496
82	[-5.80089754e-08 -3.32719364e-08]	4.472062974981291e-15	10624
83	[-5.80089754e-08 -3.32719364e-08]	4.472062974981291e-15	10752
84	[-5.80089754e-08 -3.32719364e-08]	4.472062974981291e-15	10880
85	[1.61790179e-08 4.72264412e-08]	2.492097362880216e-15	11008
86	[1.61790179e-08 4.72264412e-08]	2.492097362880216e-15	11136
87	[1.61790179e-08 4.72264412e-08]	2.492097362880216e-15	11264
88	[1.61790179e-08 4.72264412e-08]	2.492097362880216e-15	11392
89	[-3.02778248e-09  1.21257580e-08]	1.562014726269352e-16	11520
90	[-3.02778248e-09  1.21257580e-08]	1.562014726269352e-16	11648
91	[-3.02778248e-09  1.21257580e-08]	1.562014726269352e-16	11776
92	[ 4.52854186e-09 -1.04669201e-08]	1.3006410846244882e-16	11904
93	[ 4.52854186e-09 -1.04669201e-08]	1.3006410846244882e-16	12032
94	[-7.00768671e-09 -2.13443647e-09]	5.366349205699841e-17	12160
95	[-7.00768671e-09 -2.13443647e-09]	5.366349205699841e-17	12288
96	[-7.00768671e-09 -2.13443647e-09]	5.366349205699841e-17	12416
97	[-3.02778248e-09 -1.12775248e-09]	1.043929239582271e-17	12544
98	[-3.02778248e-09 -1.12775248e-09]	1.043929239582271e-17	12672
99	[-3.02778248e-09 -1.12775248e-09]	1.043929239582271e-17	12800
100	[-3.02778248e-09 -1.12775248e-09]	1.043929239582271e-17	12928
101	[-3.02778248e-09 -1.12775248e-09]	1.043929239582271e-17	13056
102	[-2.55556508e-09  1.58846132e-09]	9.054122221383883e-18	13184
103	[-2.55556508e-09  1.58846132e-09]	9.054122221383883e-18	13312
104	[-1.48570062e-10  3.58130968e-10]	1.5033085346622484e-19	13440
105	[-1.48570062e-10  3.58130968e-10]	1.5033085346622484e-19	13568
106	[-1.48570062e-10  3.58130968e-10]	1.5033085346622484e-19	13696
107	[-1.48570062e-10  3.58130968e-10]	1.5033085346622484e-19	13824
108	[-1.48570062e-10  3.58130968e-10]	1.5033085346622484e-19	13952
109	[-1.48570062e-10  3.58130968e-10]	1.5033085346622484e-19	14080
110	[-1.48570062e-10  3.58130968e-10]	1.5033085346622484e-19	14208
111	[-1.41161201e-10 -1.67276581e-10]	4.790793942472293e-20	14336
112	[-1.41161201e-10 -1.67276581e-10]	4.790793942472293e-20	14464
113	[-1.41161201e-10 -1.67276581e-10]	4.790793942472293e-20	14592
114	[-1.41161201e-10 -1.67276581e-10]	4.790793942472293e-20	14720
115	[-1.41161201e-10 -1.67276581e-10]	4.790793942472293e-20	14848
116	[1.31261543e-10 8.07934556e-11]	2.3757175140727424e-20	14976
117	[1.31261543e-10 8.07934556e-11]	2.3757175140727424e-20	15104
118	[1.31261543e-10 8.07934556e-11]	2.3757175140727424e-20	15232
119	[1.31261543e-10 8.07934556e-11]	2.3757175140727424e-20	15360
120	[ 4.25938197e-11 -3.74682433e-11]	3.21810272654412e-21	15488
121	[ 4.25938197e-11 -3.74682433e-11]	3.21810272654412e-21	15616
122	[-1.98457957e-11  4.35869819e-11]	2.293680602084893e-21	15744
123	[-1.98457957e-11  4.35869819e-11]	2.293680602084893e-21	15872
124	[-1.98457957e-11  4.35869819e-11]	2.293680602084893e-21	16000
125	[-1.98457957e-11  4.35869819e-11]	2.293680602084893e-21	16128
126	[3.1167159e-11 3.4743433e-11]	2.1784979386121373e-21	16256
127	[-3.72330418e-12 -1.82030661e-11]	3.452146087086916e-22	16384
128	[-3.72330418e-12 -1.82030661e-11]	3.452146087086916e-22	16512
129	[-3.72330418e-12 -1.82030661e-11]	3.452146087086916e-22	16640
130	[1.08405379e-11 6.14418025e-13]	1.178947707444707e-22	16768
131	[1.08405379e-11 6.14418025e-13]	1.178947707444707e-22	16896
132	[ 8.13787734e-12 -2.58461443e-12]	7.290527928297121e-23	17024
133	[ 8.13787734e-12 -2.58461443e-12]	7.290527928297121e-23	17152
134	[ 8.13787734e-12 -2.58461443e-12]	7.290527928297121e-23	17280
135	[ 8.13787734e-12 -2.58461443e-12]	7.290527928297121e-23	17408
136	[ 4.39446928e-13 -7.35259458e-12]	5.425376067657054e-23	17536
137	[ 4.39446928e-13 -7.35259458e-12]	5.425376067657054e-23	17664
138	[ 4.39446928e-13 -7.35259458e-12]	5.425376067657054e-23	17792
139	[ 6.62421156e-12 -2.25208606e-12]	4.895207038768589e-23	17920
140	[ 5.90938656e-12 -2.28732878e-12]	4.015272248419404e-23	18048
141	[-1.10213910e-12  2.36690146e-12]	6.816933144424124e-24	18176
142	[-3.89801589e-13 -1.89132009e-13]	1.8771619607936257e-25	18304
143	[-3.89801589e-13 -1.89132009e-13]	1.8771619607936257e-25	18432
144	[-3.89801589e-13 -1.89132009e-13]	1.8771619607936257e-25	18560
145	[-3.89801589e-13 -1.89132009e-13]	1.8771619607936257e-25	18688
146	[-3.89801589e-13 -1.89132009e-13]	1.8771619607936257e-25	18816
147	[-3.89801589e-13 -1.89132009e-13]	1.8771619607936257e-25	18944
148	[-3.89801589e-13 -1.89132009e-13]	1.8771619607936257e-25	19072
149	[-3.89801589e-13 -1.89132009e-13]	1.8771619607936257e-25	19200
150	[-3.89801589e-13 -1.89132009e-13]	1.8771619607936257e-25	19328
151	[9.48527722e-14 1.90278712e-13]	4.52030364695493e-26	19456
152	[9.48527722e-14 1.90278712e-13]	4.52030364695493e-26	19584
153	[9.48527722e-14 1.90278712e-13]	4.52030364695493e-26	19712
154	[-1.07062561e-13 -8.69392067e-14]	1.9020817564660623e-26	19840
155	[-1.07062561e-13 -8.69392067e-14]	1.9020817564660623e-26	19968
156	[-1.07062561e-13 -8.69392067e-14]	1.9020817564660623e-26	20096
157	[-1.07062561e-13 -8.69392067e-14]	1.9020817564660623e-26	20224
158	[-3.69355177e-14  3.04493450e-14]	2.291395076554982e-27	20352
159	[-3.69355177e-14  3.04493450e-14]	2.291395076554982e-27	20480
160	[-3.69355177e-14  3.04493450e-14]	2.291395076554982e-27	20608
161	[-3.69355177e-14  3.04493450e-14]	2.291395076554982e-27	20736
162	[-3.69355177e-14  3.04493450e-14]	2.291395076554982e-27	20864
163	[-3.69355177e-14  3.04493450e-14]	2.291395076554982e-27	20992
164	[-1.56314770e-14 -5.98753643e-15]	2.8019366592399123e-28	21120
165	[-1.56314770e-14 -5.98753643e-15]	2.8019366592399123e-28	21248
166	[-1.56314770e-14 -5.98753643e-15]	2.8019366592399123e-28	21376
167	[-1.56314770e-14 -5.98753643e-15]	2.8019366592399123e-28	21504
168	[-1.56314770e-14 -5.98753643e-15]	2.8019366592399123e-28	21632
169	[-8.85110560e-15  8.71401826e-16]	7.91014115009618e-29	21760
170	[-8.85110560e-15  8.71401826e-16]	7.91014115009618e-29	21888
171	[-8.85110560e-15  8.71401826e-16]	7.91014115009618e-29	22016
172	[-1.59760294e-15  2.46429625e-15]	8.625091152545282e-30	22144
173	[-1.59760294e-15  2.46429625e-15]	8.625091152545282e-30	22272
174	[ 6.41732558e-16 -1.56236032e-16]	4.362303731206853e-31	22400
175	[ 6.41732558e-16 -1.56236032e-16]	4.362303731206853e-31	22528
176	[ 6.41732558e-16 -1.56236032e-16]	4.362303731206853e-31	22656
177	[ 6.41732558e-16 -1.56236032e-16]	4.362303731206853e-31	22784
178	[ 6.41732558e-16 -1.56236032e-16]	4.362303731206853e-31	22912
179	[ 6.41732558e-16 -1.56236032e-16]	4.362303731206853e-31	23040
180	[ 6.41732558e-16 -1.56236032e-16]	4.362303731206853e-31	23168
181	[ 6.41732558e-16 -1.56236032e-16]	4.362303731206853e-31	23296
182	[ 6.41732558e-16 -1.56236032e-16]	4.362303731206853e-31	23424
183	[ 6.41732558e-16 -1.56236032e-16]	4.362303731206853e-31	23552
184	[ 6.41732558e-16 -1.56236032e-16]	4.362303731206853e-31	23680
185	[ 6.41732558e-16 -1.56236032e-16]	4.362303731206853e-31	23808
186	[ 3.44541670e-16 -1.56236032e-16]	1.431186603593762e-31	23936
187	[-5.84952914e-17 -7.55412462e-17]	9.128178996925302e-33	24064
188	[-5.84952914e-17 -7.55412462e-17]	9.128178996925302e-33	24192
189	[-5.84952914e-17 -7.55412462e-17]	9.128178996925302e-33	24320
190	[-5.84952914e-17 -7.55412462e-17]	9.128178996925302e-33	24448
191	[-5.84952914e-17 -7.55412462e-17]	9.128178996925302e-33	24576
192	[-5.84952914e-17 -7.55412462e-17]	9.128178996925302e-33	24704
193	[-5.84952914e-17 -7.55412462e-17]	9.128178996925302e-33	24832
194	[-5.84952914e-17 -7.55412462e-17]	9.128178996925302e-33	24960
195	[-5.84952914e-17 -7.55412462e-17]	9.128178996925302e-33	25088
196	[1.10675535e-17 3.79373042e-17]	1.5617297927237536e-33	25216
197	[1.10675535e-17 3.79373042e-17]	1.5617297927237536e-33	25344
198	[1.10675535e-17 3.79373042e-17]	1.5617297927237536e-33	25472
199	[1.10675535e-17 3.79373042e-17]	1.5617297927237536e-33	25600
200	[1.10675535e-17 3.79373042e-17]	1.5617297927237536e-33	25728
201	[1.10675535e-17 3.79373042e-17]	1.5617297927237536e-33	25856
202	[1.10675535e-17 3.79373042e-17]	1.5617297927237536e-33	25984
203	[1.10675535e-17 3.79373042e-17]	1.5617297927237536e-33	26112
204	[8.29420817e-18 8.73237499e-18]	1.4504826214821637e-34	26240
205	[8.29420817e-18 8.73237499e-18]	1.4504826214821637e-34	26368
206	[8.29420817e-18 8.73237499e-18]	1.4504826214821637e-34	26496
207	[8.29420817e-18 8.73237499e-18]	1.4504826214821637e-34	26624
208	[8.29420817e-18 8.73237499e-18]	1.4504826214821637e-34	26752
209	[8.83698818e-19 3.89009060e-18]	1.591372847499382e-35	26880
210	[8.83698818e-19 3.89009060e-18]	1.591372847499382e-35	27008
211	[8.83698818e-19 3.89009060e-18]	1.591372847499382e-35	27136
212	[8.83698818e-19 3.89009060e-18]	1.591372847499382e-35	27264
213	[-2.60307394e-18 -2.25231840e-18]	1.1848932101202475e-35	27392
214	[-2.60307394e-18 -2.25231840e-18]	1.1848932101202475e-35	27520
215	[-2.60307394e-18 -2.25231840e-18]	1.1848932101202475e-35	27648
216	[-3.60967486e-19  4.73912595e-19]	3.5489067332311195e-37	27776
217	[-3.60967486e-19  4.73912595e-19]	3.5489067332311195e-37	27904
218	[-3.60967486e-19  4.73912595e-19]	3.5489067332311195e-37	28032
219	[-3.60967486e-19  4.73912595e-19]	3.5489067332311195e-37	28160
220	[-3.60967486e-19  4.73912595e-19]	3.5489067332311195e-37	28288
221	[-3.60967486e-19  4.73912595e-19]	3.5489067332311195e-37	28416
222	[-3.60967486e-19  4.73912595e-19]	3.5489067332311195e-37	28544
223	[-3.28102005e-19 -3.15887627e-19]	2.0743591822957393e-37	28672
224	[-3.28102005e-19 -3.15887627e-19]	2.0743591822957393e-37	28800
225	[ 3.38898453e-19 -1.90021319e-19]	1.5096026358329663e-37	28928
226	[ 3.38898453e-19 -1.90021319e-19]	1.5096026358329663e-37	29056
227	[ 3.38898453e-19 -1.90021319e-19]	1.5096026358329663e-37	29184
228	[1.0401849e-19 1.4971130e-19]	3.323331965914742e-38	29312
229	[1.0401849e-19 1.4971130e-19]	3.323331965914742e-38	29440
230	[7.07878034e-20 1.64302901e-19]	3.2006356513621376e-38	29568
231	[7.07878034e-20 1.64302901e-19]	3.2006356513621376e-38	29696
232	[7.07878034e-20 1.64302901e-19]	3.2006356513621376e-38	29824
233	[-3.84132110e-20  4.79148295e-20]	3.7714056669704036e-39	29952
234	[-3.84132110e-20  4.79148295e-20]	3.7714056669704036e-39	30080
235	[-3.84132110e-20  4.79148295e-20]	3.7714056669704036e-39	30208
236	[1.16063154e-20 3.81124322e-20]	1.58726404524035e-39	30336
237	[ 2.27364610e-20 -4.50780745e-21]	5.37266988082647e-40	30464
238	[ 2.27364610e-20 -4.50780745e-21]	5.37266988082647e-40	30592
239	[ 2.27364610e-20 -4.50780745e-21]	5.37266988082647e-40	30720
240	[ 2.27364610e-20 -4.50780745e-21]	5.37266988082647e-40	30848
241	[ 2.27364610e-20 -4.50780745e-21]	5.37266988082647e-40	30976
242	[ 2.27364610e-20 -4.50780745e-21]	5.37266988082647e-40	31104
243	[ 2.27364610e-20 -4.50780745e-21]	5.37266988082647e-40	31232
244	[ 1.93274737e-20 -9.55050696e-21]	4.647634237169842e-40	31360
245	[6.80174566e-21 7.12962161e-21]	9.70952482547864e-41	31488
246	[6.80174566e-21 7.12962161e-21]	9.70952482547864e-41	31616
247	[6.80174566e-21 7.12962161e-21]	9.70952482547864e-41	31744
248	[ 3.90403210e-21 -7.90727874e-22]	1.5866717213055067e-41	31872
249	[ 3.90403210e-21 -7.90727874e-22]	1.5866717213055067e-41	32000
250	[ 3.90403210e-21 -7.90727874e-22]	1.5866717213055067e-41	32128
251	[ 3.90403210e-21 -7.90727874e-22]	1.5866717213055067e-41	32256
252	[ 3.90403210e-21 -7.90727874e-22]	1.5866717213055067e-41	32384
253	[ 3.90403210e-21 -7.90727874e-22]	1.5866717213055067e-41	32512
254	[ 3.90403210e-21 -7.90727874e-22]	1.5866717213055067e-41	32640
255	[ 3.90403210e-21 -7.90727874e-22]	1.5866717213055067e-41	32768
256	[-1.48744443e-21  3.65700589e-22]	2.346227852160989e-42	32896
257	[-1.48744443e-21  3.65700589e-22]	2.346227852160989e-42	33024
258	[-3.27586714e-24  3.42706059e-22]	1.1745817434125155e-43	33152
259	[-3.27586714e-24  3.42706059e-22]	1.1745817434125155e-43	33280
260	[-3.27586714e-24  3.42706059e-22]	1.1745817434125155e-43	33408
261	[1.47717405e-22 8.52744144e-23]	2.909215749236325e-44	33536
262	[1.47717405e-22 8.52744144e-23]	2.909215749236325e-44	33664
263	[1.47717405e-22 8.52744144e-23]	2.909215749236325e-44	33792
264	[1.47717405e-22 8.52744144e-23]	2.909215749236325e-44	33920
265	[ 1.12656767e-22 -4.51386756e-23]	1.4729047250474433e-44	34048
266	[ 1.12656767e-22 -4.51386756e-23]	1.4729047250474433e-44	34176
267	[ 1.12656767e-22 -4.51386756e-23]	1.4729047250474433e-44	34304
268	[ 1.12656767e-22 -4.51386756e-23]	1.4729047250474433e-44	34432
269	[ 1.12656767e-22 -4.51386756e-23]	1.4729047250474433e-44	34560
270	[ 1.12656767e-22 -4.51386756e-23]	1.4729047250474433e-44	34688
271	[ 1.12656767e-22 -4.51386756e-23]	1.4729047250474433e-44	34816
272	[-3.43252806e-23  4.06466388e-23]	2.8303741389649784e-45	34944
273	[3.97333701e-23 5.79578992e-25]	1.5790766129426167e-45	35072
274	[3.97333701e-23 5.79578992e-25]	1.5790766129426167e-45	35200
275	[3.97333701e-23 5.79578992e-25]	1.5790766129426167e-45	35328
276	[3.97333701e-23 5.79578992e-25]	1.5790766129426167e-45	35456
277	[3.97333701e-23 5.79578992e-25]	1.5790766129426167e-45	35584
278	[3.97333701e-23 5.79578992e-25]	1.5790766129426167e-45	35712
279	[-3.18702889e-23  1.05206334e-23]	1.1263990448389416e-45	35840
280	[ 1.73979977e-23 -6.94785042e-24]	3.509629497260754e-46	35968
281	[ 1.73979977e-23 -6.94785042e-24]	3.509629497260754e-46	36096
282	[ 1.73979977e-23 -6.94785042e-24]	3.509629497260754e-46	36224
283	[1.59472421e-25 1.44212688e-24]	2.1051613872386978e-48	36352
284	[1.59472421e-25 1.44212688e-24]	2.1051613872386978e-48	36480
285	[1.59472421e-25 1.44212688e-24]	2.1051613872386978e-48	36608
286	[1.59472421e-25 1.44212688e-24]	2.1051613872386978e-48	36736
287	[1.59472421e-25 1.44212688e-24]	2.1051613872386978e-48	36864
288	[1.59472421e-25 1.44212688e-24]	2.1051613872386978e-48	36992
289	[1.59472421e-25 1.44212688e-24]	2.1051613872386978e-48	37120
290	[1.59472421e-25 2.02932080e-25]	6.661288232843951e-50	37248
291	[1.59472421e-25 2.02932080e-25]	6.661288232843951e-50	37376
292	[1.59472421e-25 2.02932080e-25]	6.661288232843951e-50	37504
293	[1.59472421e-25 2.02932080e-25]	6.661288232843951e-50	37632
294	[1.59472421e-25 2.02932080e-25]	6.661288232843951e-50	37760
295	[1.59472421e-25 2.02932080e-25]	6.661288232843951e-50	37888
296	[1.59472421e-25 2.02932080e-25]	6.661288232843951e-50	38016
297	[1.59472421e-25 2.02932080e-25]	6.661288232843951e-50	38144
298	[1.59472421e-25 2.02932080e-25]	6.661288232843951e-50	38272
299	[1.59472421e-25 2.02932080e-25]	6.661288232843951e-50	38400
300	[1.59472421e-25 2.02932080e-25]	6.661288232843951e-50	38528
301	[1.59472421e-25 2.02932080e-25]	6.661288232843951e-50	38656
302	[1.59472421e-25 2.02932080e-25]	6.661288232843951e-50	38784
303	[1.44200254e-26 1.14339468e-25]	1.3281450980984985e-50	38912
304	[1.44200254e-26 1.14339468e-25]	1.3281450980984985e-50	39040
305	[1.44200254e-26 1.14339468e-25]	1.3281450980984985e-50	39168
306	[1.44200254e-26 1.14339468e-25]	1.3281450980984985e-50	39296
307	[ 9.59247187e-26 -1.94963209e-26]	9.581658187785958e-51	39424
308	[-1.49251887e-26  3.13772474e-26]	1.2072929106172254e-51	39552
309	[-1.49251887e-26  3.13772474e-26]	1.2072929106172254e-51	39680
310	[-1.49251887e-26  3.13772474e-26]	1.2072929106172254e-51	39808
311	[-1.49251887e-26  3.13772474e-26]	1.2072929106172254e-51	39936
312	[-1.49251887e-26  3.13772474e-26]	1.2072929106172254e-51	40064
313	[-1.49251887e-26  3.13772474e-26]	1.2072929106172254e-51	40192
314	[-1.49251887e-26  3.13772474e-26]	1.2072929106172254e-51	40320
315	[-1.49251887e-26  3.13772474e-26]	1.2072929106172254e-51	40448
316	[ 8.49289775e-28 -2.55066690e-26]	6.513114584605159e-52	40576
317	[ 8.49289775e-28 -2.55066690e-26]	6.513114584605159e-52	40704
318	[-1.33291213e-27 -2.32999358e-26]	5.446636609451157e-52	40832
319	[1.54081582e-26 8.82877214e-27]	3.1535855688588757e-52	40960
320	[1.54081582e-26 8.82877214e-27]	3.1535855688588757e-52	41088
321	[ 1.14047705e-26 -1.19323468e-26]	2.7244968984207895e-52	41216
322	[ 1.14047705e-26 -1.19323468e-26]	2.7244968984207895e-52	41344
323	[ 1.14047705e-26 -1.19323468e-26]	2.7244968984207895e-52	41472
324	[ 1.14047705e-26 -1.19323468e-26]	2.7244968984207895e-52	41600
325	[-5.17147728e-28  1.03708496e-26]	1.0782196317893848e-52	41728
326	[-5.17147728e-28  1.03708496e-26]	1.0782196317893848e-52	41856
327	[-4.35342841e-27 -1.36979622e-27]	2.0828680618955627e-53	41984
328	[-4.35342841e-27 -1.36979622e-27]	2.0828680618955627e-53	42112
329	[-1.08182744e-27  1.18178852e-27]	2.566974727329697e-54	42240
330	[-5.17147728e-28 -4.26558627e-28]	4.493940351480843e-55	42368
331	[-5.17147728e-28 -4.26558627e-28]	4.493940351480843e-55	42496
332	[-5.17147728e-28 -4.26558627e-28]	4.493940351480843e-55	42624
333	[-5.17147728e-28 -4.26558627e-28]	4.493940351480843e-55	42752
334	[-5.17147728e-28 -4.26558627e-28]	4.493940351480843e-55	42880
335	[-5.17147728e-28 -4.26558627e-28]	4.493940351480843e-55	43008
336	[ 3.43877920e-28 -2.83147908e-28]	1.9842476170812194e-55	43136
337	[ 3.43877920e-28 -2.83147908e-28]	1.9842476170812194e-55	43264
338	[ 3.43877920e-28 -2.83147908e-28]	1.9842476170812194e-55	43392
339	[ 3.43877920e-28 -2.83147908e-28]	1.9842476170812194e-55	43520
340	[ 3.43877920e-28 -2.83147908e-28]	1.9842476170812194e-55	43648
341	[1.38654393e-28 3.51770250e-28]	1.4296734962959438e-55	43776
342	[-1.59739378e-28 -1.30647487e-29]	2.5687356478501044e-56	43904
343	[-1.59739378e-28 -1.30647487e-29]	2.5687356478501044e-56	44032
344	[-1.59739378e-28 -1.30647487e-29]	2.5687356478501044e-56	44160
345	[-1.59739378e-28 -1.30647487e-29]	2.5687356478501044e-56	44288
346	[-1.59739378e-28 -1.30647487e-29]	2.5687356478501044e-56	44416
347	[-1.59739378e-28 -1.30647487e-29]	2.5687356478501044e-56	44544
348	[-1.59739378e-28 -1.30647487e-29]	2.5687356478501044e-56	44672
349	[ 8.03919530e-29 -6.29610463e-29]	1.0426959454507113e-56	44800
350	[ 8.03919530e-29 -6.29610463e-29]	1.0426959454507113e-56	44928
351	[-4.66647056e-29  1.55143634e-29]	2.4182902189747441e-57	45056
352	[-4.66647056e-29  1.55143634e-29]	2.4182902189747441e-57	45184
353	[-3.48537954e-29  1.00360842e-29]	1.3155100369536642e-57	45312
354	[ 2.25019337e-29 -7.85299059e-30]	5.680064806859876e-58	45440
355	[ 2.25019337e-29 -7.85299059e-30]	5.680064806859876e-58	45568
356	[ 2.25019337e-29 -7.85299059e-30]	5.680064806859876e-58	45696
357	[ 2.25019337e-29 -7.85299059e-30]	5.680064806859876e-58	45824
358	[ 2.25019337e-29 -7.85299059e-30]	5.680064806859876e-58	45952
359	[ 2.25019337e-29 -7.85299059e-30]	5.680064806859876e-58	46080
360	[ 2.25019337e-29 -7.85299059e-30]	5.680064806859876e-58	46208
361	[ 2.25019337e-29 -7.85299059e-30]	5.680064806859876e-58	46336
362	[-2.74113681e-30  1.24082705e-29]	1.6147900702013916e-58	46464
363	[-1.03315341e-29  1.65733174e-31]	1.0676806402660819e-58	46592
364	[3.67880267e-30 5.27149853e-30]	4.132228578156782e-59	46720
365	[3.67880267e-30 5.27149853e-30]	4.132228578156782e-59	46848
366	[3.67880267e-30 5.27149853e-30]	4.132228578156782e-59	46976
367	[3.67880267e-30 5.27149853e-30]	4.132228578156782e-59	47104
368	[ 5.08173350e-31 -1.21715961e-30]	1.739717668926035e-60	47232
369	[ 5.08173350e-31 -1.21715961e-30]	1.739717668926035e-60	47360
370	[ 5.08173350e-31 -1.21715961e-30]	1.739717668926035e-60	47488
371	[ 5.08173350e-31 -1.21715961e-30]	1.739717668926035e-60	47616
372	[ 5.08173350e-31 -1.21715961e-30]	1.739717668926035e-60	47744
373	[ 5.08173350e-31 -1.21715961e-30]	1.739717668926035e-60	47872
374	[ 5.08173350e-31 -1.21715961e-30]	1.739717668926035e-60	48000
375	[ 5.08173350e-31 -1.21715961e-30]	1.739717668926035e-60	48128
376	[1.69961901e-31 6.93778097e-31]	5.1021509522362785e-61	48256
377	[1.69961901e-31 6.93778097e-31]	5.1021509522362785e-61	48384
378	[ 1.22073387e-31 -1.75127192e-31]	4.557144513409812e-62	48512
379	[ 3.95811611e-32 -1.62976290e-31]	2.812793949283706e-62	48640
380	[ 3.95811611e-32 -1.62976290e-31]	2.812793949283706e-62	48768
381	[ 3.95811611e-32 -1.62976290e-31]	2.812793949283706e-62	48896
382	[ 3.95811611e-32 -1.62976290e-31]	2.812793949283706e-62	49024
383	[ 3.95811611e-32 -1.62976290e-31]	2.812793949283706e-62	49152
384	[ 3.95811611e-32 -1.62976290e-31]	2.812793949283706e-62	49280
385	[ 3.95811611e-32 -1.62976290e-31]	2.812793949283706e-62	49408
386	[ 3.95811611e-32 -1.62976290e-31]	2.812793949283706e-62	49536
387	[ 3.95811611e-32 -1.62976290e-31]	2.812793949283706e-62	49664
388	[ 3.95811611e-32 -5.03493303e-32]	4.1017233722193415e-63	49792
389	[ 3.95811611e-32 -5.03493303e-32]	4.1017233722193415e-63	49920
390	[ 3.95811611e-32 -5.03493303e-32]	4.1017233722193415e-63	50048
391	[ 3.95811611e-32 -5.03493303e-32]	4.1017233722193415e-63	50176
392	[3.95811611e-32 4.85017637e-32]	3.919089398738963e-63	50304
393	[3.95811611e-32 4.85017637e-32]	3.919089398738963e-63	50432
394	[-3.16490322e-33  4.03882282e-32]	1.641225593456687e-63	50560
395	[-3.16490322e-33  4.03882282e-32]	1.641225593456687e-63	50688
396	[-3.16490322e-33  4.03882282e-32]	1.641225593456687e-63	50816
397	[-3.67575149e-32 -2.34516392e-33]	1.35661469680831e-63	50944
398	[-3.67575149e-32 -2.34516392e-33]	1.35661469680831e-63	51072
399	[1.81261908e-32 8.68932542e-33]	4.040631685713757e-64	51200
400	[1.81261908e-32 8.68932542e-33]	4.040631685713757e-64	51328
401	[-1.36195500e-32 -8.70122246e-33]	2.612034147812239e-64	51456
402	[-9.58736943e-33  5.91247184e-33]	1.2687497589733352e-64	51584
403	[-9.58736943e-33  5.91247184e-33]	1.2687497589733352e-64	51712
404	[ 7.20566448e-33 -5.45737978e-33]	8.170459471332021e-65	51840
405	[ 1.69936022e-33 -9.32039241e-34]	3.7565223133743137e-66	51968
406	[ 1.69936022e-33 -9.32039241e-34]	3.7565223133743137e-66	52096
407	[ 1.69936022e-33 -9.32039241e-34]	3.7565223133743137e-66	52224
408	[ 1.69936022e-33 -9.32039241e-34]	3.7565223133743137e-66	52352
409	[ 1.69936022e-33 -9.32039241e-34]	3.7565223133743137e-66	52480
410	[ 1.69936022e-33 -9.32039241e-34]	3.7565223133743137e-66	52608
411	[ 1.69936022e-33 -9.32039241e-34]	3.7565223133743137e-66	52736
412	[ 1.69936022e-33 -9.32039241e-34]	3.7565223133743137e-66	52864
413	[ 1.69936022e-33 -9.32039241e-34]	3.7565223133743137e-66	52992
414	[ 1.69936022e-33 -9.32039241e-34]	3.7565223133743137e-66	53120
415	[ 1.69936022e-33 -9.32039241e-34]	3.7565223133743137e-66	53248
416	[-1.52416567e-34 -5.55971158e-34]	3.323347383920792e-67	53376
417	[-1.52416567e-34 -5.55971158e-34]	3.323347383920792e-67	53504
418	[-1.52416567e-34 -5.55971158e-34]	3.323347383920792e-67	53632
419	[-1.52416567e-34 -5.55971158e-34]	3.323347383920792e-67	53760
420	[-1.01867862e-34  2.31007133e-34]	6.374135689399072e-68	53888
421	[-1.55195931e-34 -4.31486358e-36]	2.4104395003654637e-68	54016
422	[-1.55195931e-34 -4.31486358e-36]	2.4104395003654637e-68	54144
423	[-1.55195931e-34 -4.31486358e-36]	2.4104395003654637e-68	54272
424	[-1.55195931e-34 -4.31486358e-36]	2.4104395003654637e-68	54400
425	[-4.29351661e-35 -5.06287221e-35]	4.406695985266727e-69	54528
426	[-4.29351661e-35 -5.06287221e-35]	4.406695985266727e-69	54656
427	[-4.29351661e-35 -5.06287221e-35]	4.406695985266727e-69	54784
428	[-4.29351661e-35 -5.06287221e-35]	4.406695985266727e-69	54912
429	[-4.29351661e-35 -5.06287221e-35]	4.406695985266727e-69	55040
430	[ 3.29841497e-36 -4.11960464e-35]	1.707993783157675e-69	55168
431	[-2.76175195e-36 -2.47160724e-35]	6.185115095717201e-70	55296
432	[-2.76175195e-36 -2.47160724e-35]	6.185115095717201e-70	55424
433	[-2.76175195e-36 -2.47160724e-35]	6.185115095717201e-70	55552
434	[-2.76175195e-36 -2.47160724e-35]	6.185115095717201e-70	55680
435	[-2.01656299e-35 -7.97994425e-36]	4.7033213963119383e-70	55808
436	[-2.01656299e-35 -7.97994425e-36]	4.7033213963119383e-70	55936
437	[-1.23561830e-35 -1.09443681e-35]	2.7245445154856238e-70	56064
438	[-3.54454738e-36 -1.08082441e-35]	1.2938195630826296e-70	56192
439	[-3.54454738e-36 -1.08082441e-35]	1.2938195630826296e-70	56320
440	[1.91206786e-36 4.99101624e-36]	2.8566246622998282e-71	56448
441	[1.91206786e-36 4.99101624e-36]	2.8566246622998282e-71	56576
442	[1.91206786e-36 4.99101624e-36]	2.8566246622998282e-71	56704
443	[1.91206786e-36 4.99101624e-36]	2.8566246622998282e-71	56832
444	[1.91206786e-36 4.99101624e-36]	2.8566246622998282e-71	56960
445	[1.91206786e-36 4.99101624e-36]	2.8566246622998282e-71	57088
446	[1.91206786e-36 4.99101624e-36]	2.8566246622998282e-71	57216
447	[1.91206786e-36 4.99101624e-36]	2.8566246622998282e-71	57344
448	[1.91206786e-36 4.99101624e-36]	2.8566246622998282e-71	57472
449	[ 9.81592012e-37 -1.54596095e-36]	3.3535181389317587e-72	57600
450	[ 9.81592012e-37 -1.54596095e-36]	3.3535181389317587e-72	57728
451	[ 9.81592012e-37 -1.54596095e-36]	3.3535181389317587e-72	57856
452	[ 2.49204050e-37 -3.09988571e-37]	1.581955724964152e-73	57984
453	[ 2.49204050e-37 -3.09988571e-37]	1.581955724964152e-73	58112
454	[ 2.49204050e-37 -3.09988571e-37]	1.581955724964152e-73	58240
455	[ 2.49204050e-37 -3.09988571e-37]	1.581955724964152e-73	58368
456	[ 2.49204050e-37 -3.09988571e-37]	1.581955724964152e-73	58496
457	[ 2.49204050e-37 -3.09988571e-37]	1.581955724964152e-73	58624
458	[1.61265186e-37 3.15979945e-37]	1.2584978581743131e-73	58752
459	[1.61265186e-37 3.15979945e-37]	1.2584978581743131e-73	58880
460	[1.61265186e-37 3.15979945e-37]	1.2584978581743131e-73	59008
461	[1.61265186e-37 3.15979945e-37]	1.2584978581743131e-73	59136
462	[1.61265186e-37 3.15979945e-37]	1.2584978581743131e-73	59264
463	[ 1.61265186e-37 -1.43705449e-37]	4.665771618137307e-74	59392
464	[-1.72392452e-37  3.57526094e-38]	3.0997406648758124e-74	59520
465	[-1.72392452e-37  3.57526094e-38]	3.0997406648758124e-74	59648
466	[-1.72392452e-37  3.57526094e-38]	3.0997406648758124e-74	59776
467	[-8.35884371e-38 -2.49960614e-38]	7.611829910415462e-75	59904
468	[-3.98278207e-38 -7.39671023e-40]	1.5868024137810336e-75	60032
469	[-3.98278207e-38 -7.39671023e-40]	1.5868024137810336e-75	60160
470	[-3.98278207e-38 -7.39671023e-40]	1.5868024137810336e-75	60288
471	[-2.37449642e-39 -7.39671023e-40]	6.185346471765958e-78	60416
472	[-2.37449642e-39 -7.39671023e-40]	6.185346471765958e-78	60544
473	[-2.37449642e-39 -7.39671023e-40]	6.185346471765958e-78	60672
474	[-2.37449642e-39 -7.39671023e-40]	6.185346471765958e-78	60800
475	[-2.37449642e-39 -7.39671023e-40]	6.185346471765958e-78	60928
476	[-2.37449642e-39 -7.39671023e-40]	6.185346471765958e-78	61056
477	[-2.37449642e-39 -7.39671023e-40]	6.185346471765958e-78	61184
478	[-2.37449642e-39 -7.39671023e-40]	6.185346471765958e-78	61312
479	[-2.37449642e-39 -7.39671023e-40]	6.185346471765958e-78	61440
480	[-2.37449642e-39 -7.39671023e-40]	6.185346471765958e-78	61568
481	[-2.37449642e-39 -7.39671023e-40]	6.185346471765958e-78	61696
482	[-2.37449642e-39 -7.39671023e-40]	6.185346471765958e-78	61824
483	[-1.55223273e-39  1.23518540e-39]	3.9351094243836642e-78	61952
484	[-1.55223273e-39  1.23518540e-39]	3.9351094243836642e-78	62080
485	[-1.55223273e-39  1.23518540e-39]	3.9351094243836642e-78	62208
486	[-1.55223273e-39  1.23518540e-39]	3.9351094243836642e-78	62336
487	[-9.31521665e-40  3.92074687e-40]	1.0214551717388552e-78	62464
488	[-9.31521665e-40  3.92074687e-40]	1.0214551717388552e-78	62592
489	[-9.31521665e-40  3.92074687e-40]	1.0214551717388552e-78	62720
490	[-9.31521665e-40  3.92074687e-40]	1.0214551717388552e-78	62848
491	[1.45550997e-40 1.56980478e-40]	4.5827962969290644e-80	62976
492	[1.45550997e-40 1.56980478e-40]	4.5827962969290644e-80	63104
493	[1.45550997e-40 1.56980478e-40]	4.5827962969290644e-80	63232
494	[1.45550997e-40 1.56980478e-40]	4.5827962969290644e-80	63360
495	[1.45550997e-40 1.56980478e-40]	4.5827962969290644e-80	63488
496	[1.45550997e-40 1.56980478e-40]	4.5827962969290644e-80	63616
497	[-7.03895753e-41 -1.89718128e-40]	4.0947660570498565e-80	63744
498	[-7.03895753e-41 -1.89718128e-40]	4.0947660570498565e-80	63872
499	[-7.03895753e-41 -1.89718128e-40]	4.0947660570498565e-80	64000
500	[-3.60372754e-41  8.98507835e-41]	9.371848509015559e-81	64128
501	[-3.60372754e-41  8.98507835e-41]	9.371848509015559e-81	64256
502	[-3.60372754e-41  8.98507835e-41]	9.371848509015559e-81	64384
503	[ 1.86867545e-41 -3.69159113e-41]	1.7119792970934777e-81	64512
504	[ 1.86867545e-41 -3.69159113e-41]	1.7119792970934777e-81	64640
505	[ 1.86867545e-41 -3.69159113e-41]	1.7119792970934777e-81	64768
506	[ 1.86867545e-41 -3.69159113e-41]	1.7119792970934777e-81	64896
507	[ 1.86867545e-41 -3.69159113e-41]	1.7119792970934777e-81	65024
508	[ 1.86867545e-41 -3.69159113e-41]	1.7119792970934777e-81	65152
509	[ 1.86867545e-41 -3.69159113e-41]	1.7119792970934777e-81	65280
510	[ 2.21703476e-41 -2.32727215e-42]	4.969405094305759e-82	65408
511	[ 2.21703476e-41 -2.32727215e-42]	4.969405094305759e-82	65536
512	[ 2.21703476e-41 -2.32727215e-42]	4.969405094305759e-82	65664
513	[ 2.21703476e-41 -2.32727215e-42]	4.969405094305759e-82	65792
514	[-1.40860234e-41 -7.77143643e-42]	2.5881127830194755e-82	65920
515	[-1.40860234e-41 -7.77143643e-42]	2.5881127830194755e-82	66048
516	[ 2.61406829e-42 -1.41519181e-41]	2.0711013818990532e-82	66176
517	[ 2.61406829e-42 -1.41519181e-41]	2.0711013818990532e-82	66304
518	[ 2.61406829e-42 -1.41519181e-41]	2.0711013818990532e-82	66432
519	[ 2.61406829e-42 -1.41519181e-41]	2.0711013818990532e-82	66560
520	[ 7.63327231e-42 -3.41663692e-42]	6.994025399925965e-83	66688
521	[ 7.63327231e-42 -3.41663692e-42]	6.994025399925965e-83	66816
522	[ 7.63327231e-42 -3.41663692e-42]	6.994025399925965e-83	66944
523	[-1.24097568e-42  2.05180662e-43]	1.5821197404740564e-84	67072
524	[-1.24097568e-42  2.05180662e-43]	1.5821197404740564e-84	67200
525	[-1.24097568e-42  2.05180662e-43]	1.5821197404740564e-84	67328
526	[-1.24097568e-42  2.05180662e-43]	1.5821197404740564e-84	67456
527	[-9.95006090e-45  3.67828447e-43]	1.3539676990179106e-85	67584
528	[-9.95006090e-45  3.67828447e-43]	1.3539676990179106e-85	67712
529	[-9.95006090e-45  3.67828447e-43]	1.3539676990179106e-85	67840
530	[-9.95006090e-45  3.67828447e-43]	1.3539676990179106e-85	67968
531	[-9.95006090e-45  3.67828447e-43]	1.3539676990179106e-85	68096
532	[-9.95006090e-45  3.67828447e-43]	1.3539676990179106e-85	68224
533	[-9.99009785e-44 -7.41822042e-44]	1.5483204918902569e-86	68352
534	[-9.99009785e-44 -7.41822042e-44]	1.5483204918902569e-86	68480
535	[-9.99009785e-44 -7.41822042e-44]	1.5483204918902569e-86	68608
536	[-9.99009785e-44 -7.41822042e-44]	1.5483204918902569e-86	68736
537	[-9.99009785e-44 -7.41822042e-44]	1.5483204918902569e-86	68864
538	[-9.99009785e-44 -7.41822042e-44]	1.5483204918902569e-86	68992
539	[6.13281055e-44 3.00916993e-45]	3.7701916293007554e-87	69120
540	[6.13281055e-44 3.00916993e-45]	3.7701916293007554e-87	69248
541	[6.13281055e-44 3.00916993e-45]	3.7701916293007554e-87	69376
542	[6.13281055e-44 3.00916993e-45]	3.7701916293007554e-87	69504
543	[6.13281055e-44 3.00916993e-45]	3.7701916293007554e-87	69632
544	[6.13281055e-44 3.00916993e-45]	3.7701916293007554e-87	69760
545	[6.13281055e-44 3.00916993e-45]	3.7701916293007554e-87	69888
546	[6.13281055e-44 3.00916993e-45]	3.7701916293007554e-87	70016
547	[ 8.67941353e-45 -1.16935164e-44]	2.1207054458456355e-88	70144
548	[ 8.67941353e-45 -1.16935164e-44]	2.1207054458456355e-88	70272
549	[ 8.67941353e-45 -1.16935164e-44]	2.1207054458456355e-88	70400
550	[ 8.67941353e-45 -1.16935164e-44]	2.1207054458456355e-88	70528
551	[-1.73466824e-45 -1.30856358e-44]	1.7424293920656372e-88	70656
552	[-1.73466824e-45 -1.30856358e-44]	1.7424293920656372e-88	70784
553	[-9.69474877e-45  3.12733150e-45]	1.0376835608334716e-88	70912
554	[-9.69474877e-45  3.12733150e-45]	1.0376835608334716e-88	71040
555	[5.14314641e-46 6.74372302e-45]	4.574231977310627e-89	71168
556	[5.14314641e-46 6.74372302e-45]	4.574231977310627e-89	71296
557	[-6.48703346e-45  5.09069551e-46]	4.234075486380368e-89	71424
558	[-6.48703346e-45  5.09069551e-46]	4.234075486380368e-89	71552
559	[-6.48703346e-45  5.09069551e-46]	4.234075486380368e-89	71680
560	[-2.66099090e-45  2.10685184e-45]	1.1519697248616164e-89	71808
561	[-2.66099090e-45  2.10685184e-45]	1.1519697248616164e-89	71936
562	[-1.73466824e-45  3.68021237e-47]	3.0104283081918747e-90	72064
563	[-1.73466824e-45  3.68021237e-47]	3.0104283081918747e-90	72192
564	[-1.73466824e-45  3.68021237e-47]	3.0104283081918747e-90	72320
565	[ 1.21626050e-45 -5.52895981e-46]	1.7849835644071584e-90	72448
566	[1.65600647e-46 1.34460166e-46]	4.5503110612065684e-92	72576
567	[1.65600647e-46 1.34460166e-46]	4.5503110612065684e-92	72704
568	[1.65600647e-46 1.34460166e-46]	4.5503110612065684e-92	72832
569	[2.94255289e-47 1.39960694e-46]	2.045485761648881e-92	72960
570	[2.94255289e-47 1.39960694e-46]	2.045485761648881e-92	73088
571	[2.94255289e-47 1.39960694e-46]	2.045485761648881e-92	73216
572	[2.94255289e-47 1.39960694e-46]	2.045485761648881e-92	73344
573	[2.94255289e-47 1.39960694e-46]	2.045485761648881e-92	73472
574	[2.94255289e-47 1.39960694e-46]	2.045485761648881e-92	73600
575	[2.94255289e-47 1.39960694e-46]	2.045485761648881e-92	73728
576	[2.94255289e-47 1.39960694e-46]	2.045485761648881e-92	73856
577	[2.94255289e-47 1.39960694e-46]	2.045485761648881e-92	73984
578	[ 1.75773814e-47 -9.33674411e-47]	9.02644340167736e-93	74112
579	[ 1.75773814e-47 -9.33674411e-47]	9.02644340167736e-93	74240
580	[ 1.75773814e-47 -9.33674411e-47]	9.02644340167736e-93	74368
581	[ 1.75773814e-47 -9.33674411e-47]	9.02644340167736e-93	74496
582	[ 1.75773814e-47 -9.33674411e-47]	9.02644340167736e-93	74624
583	[-1.72568710e-47  5.45745248e-47]	3.276178354036273e-93	74752
584	[ 6.94728349e-48 -2.96099140e-47]	9.250117557612712e-94	74880
585	[ 6.94728349e-48 -2.96099140e-47]	9.250117557612712e-94	75008
586	[ 6.94728349e-48 -2.96099140e-47]	9.250117557612712e-94	75136
587	[ 6.94728349e-48 -2.96099140e-47]	9.250117557612712e-94	75264
588	[ 6.94728349e-48 -2.96099140e-47]	9.250117557612712e-94	75392
589	[-6.56102684e-48 -5.36340917e-49]	4.333473471336172e-95	75520
590	[-3.87267731e-48  2.77556873e-48]	2.270141130536796e-95	75648
591	[-3.87267731e-48  2.77556873e-48]	2.270141130536796e-95	75776
592	[-3.87267731e-48  2.77556873e-48]	2.270141130536796e-95	75904
593	[-3.87267731e-48  2.77556873e-48]	2.270141130536796e-95	76032
594	[-3.87267731e-48  2.77556873e-48]	2.270141130536796e-95	76160
595	[-3.87267731e-48  2.77556873e-48]	2.270141130536796e-95	76288
596	[-3.87267731e-48  2.77556873e-48]	2.270141130536796e-95	76416
597	[-3.87267731e-48  2.77556873e-48]	2.270141130536796e-95	76544
598	[-1.56687932e-48  4.00065371e-48]	1.8460340877611435e-95	76672
599	[-1.56687932e-48  4.00065371e-48]	1.8460340877611435e-95	76800
600	[-6.00639151e-49 -6.40596401e-49]	7.711311386528405e-97	76928
601	[-6.00639151e-49 -6.40596401e-49]	7.711311386528405e-97	77056
602	[-6.00639151e-49 -6.40596401e-49]	7.711311386528405e-97	77184
603	[-6.00639151e-49 -6.40596401e-49]	7.711311386528405e-97	77312
604	[-6.00639151e-49 -6.40596401e-49]	7.711311386528405e-97	77440
605	[-2.12494658e-50 -4.76107736e-49]	2.271301163781115e-97	77568
606	[-4.11248248e-49  2.07933480e-49]	2.1236145332365693e-97	77696
607	[-4.11248248e-49  2.07933480e-49]	2.1236145332365693e-97	77824
608	[-2.06570504e-49  3.10358632e-49]	1.3899385359178662e-97	77952
609	[-2.06570504e-49  3.10358632e-49]	1.3899385359178662e-97	78080
610	[-2.06570504e-49  3.10358632e-49]	1.3899385359178662e-97	78208
611	[-2.06570504e-49  3.10358632e-49]	1.3899385359178662e-97	78336
612	[-2.06570504e-49  3.10358632e-49]	1.3899385359178662e-97	78464
613	[-2.56681218e-49 -2.19485592e-50]	6.63669867718263e-98	78592
614	[-2.12494658e-50  1.01613796e-49]	1.0776903338113695e-98	78720
615	[-2.12494658e-50  1.01613796e-49]	1.0776903338113695e-98	78848
616	[-2.12494658e-50  1.01613796e-49]	1.0776903338113695e-98	78976
617	[-2.12494658e-50  1.01613796e-49]	1.0776903338113695e-98	79104
618	[-2.12494658e-50  1.01613796e-49]	1.0776903338113695e-98	79232
619	[ 1.66347856e-50 -1.97302065e-50]	6.659971392801312e-100	79360
620	[ 1.66347856e-50 -1.97302065e-50]	6.659971392801312e-100	79488
621	[ 1.66347856e-50 -1.97302065e-50]	6.659971392801312e-100	79616
622	[ 1.66347856e-50 -1.97302065e-50]	6.659971392801312e-100	79744
623	[ 1.66347856e-50 -1.97302065e-50]	6.659971392801312e-100	79872
624	[ 1.66347856e-50 -1.97302065e-50]	6.659971392801312e-100	80000
625	[-1.43901870e-50 -4.52239469e-51]	2.2752953684987988e-100	80128
626	[-1.43901870e-50 -4.52239469e-51]	2.2752953684987988e-100	80256
627	[-1.24635062e-51  1.15826145e-50]	1.357103475996513e-100	80384
628	[ 5.64854202e-51 -4.80134369e-51]	5.495892816436595e-101	80512
629	[ 5.64854202e-51 -4.80134369e-51]	5.495892816436595e-101	80640
630	[ 5.64854202e-51 -4.80134369e-51]	5.495892816436595e-101	80768
631	[ 5.64854202e-51 -4.80134369e-51]	5.495892816436595e-101	80896
632	[ 5.64854202e-51 -4.80134369e-51]	5.495892816436595e-101	81024
633	[-5.44574516e-52 -6.08530627e-51]	3.7327513766318614e-101	81152
634	[-5.44574516e-52 -6.08530627e-51]	3.7327513766318614e-101	81280
635	[ 4.24052317e-51 -1.42853984e-51]	2.0022762805988458e-101	81408
636	[-5.72556613e-52 -2.32350690e-51]	5.72650536773108e-102	81536
637	[-5.72556613e-52 -2.32350690e-51]	5.72650536773108e-102	81664
638	[-5.72556613e-52 -2.32350690e-51]	5.72650536773108e-102	81792
639	[-5.72556613e-52 -2.32350690e-51]	5.72650536773108e-102	81920
640	[-5.72556613e-52 -2.32350690e-51]	5.72650536773108e-102	82048
641	[ 6.73735913e-52 -1.38016983e-51]	2.358788849141936e-102	82176
642	[-2.27082265e-52  5.49130967e-52]	3.5311117400815204e-103	82304
643	[-2.27082265e-52  5.49130967e-52]	3.5311117400815204e-103	82432
644	[-2.27082265e-52  5.49130967e-52]	3.5311117400815204e-103	82560
645	[4.52347754e-52 1.80287305e-52]	2.371220032963714e-103	82688
646	[4.52347754e-52 1.80287305e-52]	2.371220032963714e-103	82816
647	[4.52347754e-52 1.80287305e-52]	2.371220032963714e-103	82944
648	[-1.66606576e-52  1.27472904e-52]	4.40070921821552e-104	83072
649	[-1.66606576e-52  1.27472904e-52]	4.40070921821552e-104	83200
650	[-1.66606576e-52  1.27472904e-52]	4.40070921821552e-104	83328
651	[1.19427609e-52 1.29583306e-52]	3.105478696968102e-104	83456
652	[-1.45568262e-53 -3.07031253e-53]	1.154583090667384e-105	83584
653	[-1.45568262e-53 -3.07031253e-53]	1.154583090667384e-105	83712
654	[-1.45568262e-53 -3.07031253e-53]	1.154583090667384e-105	83840
655	[-7.42821349e-54  1.22914780e-53]	2.06258788091341e-106	83968
656	[-7.42821349e-54  1.22914780e-53]	2.06258788091341e-106	84096
657	[-7.42821349e-54  1.22914780e-53]	2.06258788091341e-106	84224
658	[-7.42821349e-54  1.22914780e-53]	2.06258788091341e-106	84352
659	[-7.42821349e-54  1.22914780e-53]	2.06258788091341e-106	84480
660	[-7.42821349e-54  1.22914780e-53]	2.06258788091341e-106	84608
661	[-1.34370469e-54  2.93440839e-54]	1.0416294894409e-107	84736
662	[-1.34370469e-54  2.93440839e-54]	1.0416294894409e-107	84864
663	[-1.34370469e-54  2.93440839e-54]	1.0416294894409e-107	84992
664	[-1.34370469e-54  2.93440839e-54]	1.0416294894409e-107	85120
665	[-1.34370469e-54  2.93440839e-54]	1.0416294894409e-107	85248
666	[-1.34370469e-54  2.93440839e-54]	1.0416294894409e-107	85376
667	[-1.34370469e-54  2.93440839e-54]	1.0416294894409e-107	85504
668	[-1.34370469e-54  2.93440839e-54]	1.0416294894409e-107	85632
669	[-1.34370469e-54  2.93440839e-54]	1.0416294894409e-107	85760
670	[-1.34370469e-54  2.93440839e-54]	1.0416294894409e-107	85888
671	[-1.34370469e-54  1.51839347e-54]	4.111061015057912e-108	86016
672	[-1.34370469e-54  1.51839347e-54]	4.111061015057912e-108	86144
673	[-1.34370469e-54  1.51839347e-54]	4.111061015057912e-108	86272
674	[-1.34370469e-54  1.51839347e-54]	4.111061015057912e-108	86400
675	[-1.34370469e-54  1.51839347e-54]	4.111061015057912e-108	86528
676	[-1.34370469e-54  1.51839347e-54]	4.111061015057912e-108	86656
677	[-1.11305855e-54  1.25146924e-55]	1.2545610854260357e-108	86784
678	[-1.11305855e-54  1.25146924e-55]	1.2545610854260357e-108	86912
679	[-9.13063197e-55  4.56177901e-55]	1.0417826793784238e-108	87040
680	[-9.13063197e-55  4.56177901e-55]	1.0417826793784238e-108	87168
681	[ 6.77232057e-56 -3.22308530e-55]	1.084692210223397e-109	87296
682	[ 1.0117568e-55 -1.5432691e-55]	3.4053313491947217e-110	87424
683	[ 1.0117568e-55 -1.5432691e-55]	3.4053313491947217e-110	87552
684	[ 1.0117568e-55 -1.5432691e-55]	3.4053313491947217e-110	87680
685	[ 1.0117568e-55 -1.5432691e-55]	3.4053313491947217e-110	87808
686	[ 1.0117568e-55 -1.5432691e-55]	3.4053313491947217e-110	87936
687	[ 1.0117568e-55 -1.5432691e-55]	3.4053313491947217e-110	88064
688	[ 1.0117568e-55 -1.5432691e-55]	3.4053313491947217e-110	88192
689	[ 1.0117568e-55 -1.5432691e-55]	3.4053313491947217e-110	88320
690	[ 1.0117568e-55 -1.5432691e-55]	3.4053313491947217e-110	88448
691	[-1.64788108e-56 -5.27089292e-56]	3.049782423783362e-111	88576
692	[-1.64788108e-56 -5.27089292e-56]	3.049782423783362e-111	88704
693	[-1.64788108e-56 -5.27089292e-56]	3.049782423783362e-111	88832
694	[-1.64788108e-56 -5.27089292e-56]	3.049782423783362e-111	88960
695	[-1.64788108e-56 -5.27089292e-56]	3.049782423783362e-111	89088
696	[-1.53895696e-56  3.54954427e-56]	1.4967653067950252e-111	89216
697	[-1.53895696e-56  3.54954427e-56]	1.4967653067950252e-111	89344
698	[-1.53895696e-56  3.54954427e-56]	1.4967653067950252e-111	89472
699	[-1.53895696e-56  3.54954427e-56]	1.4967653067950252e-111	89600
700	[ 8.95564086e-57 -2.51787302e-56]	7.14171956080319e-112	89728
701	[-1.37200308e-56 -1.44272901e-56]	3.9638594593767514e-112	89856
702	[-1.37200308e-56 -1.44272901e-56]	3.9638594593767514e-112	89984
703	[-5.74973199e-57  2.89236536e-57]	4.1425195323359966e-113	90112
704	[-2.91355738e-57 -2.86577350e-57]	1.6701474407253643e-113	90240
705	[ 7.15022803e-59 -5.38174544e-58]	2.947444164017478e-115	90368
706	[ 7.15022803e-59 -5.38174544e-58]	2.947444164017478e-115	90496
707	[ 7.15022803e-59 -5.38174544e-58]	2.947444164017478e-115	90624
708	[ 7.15022803e-59 -5.38174544e-58]	2.947444164017478e-115	90752
709	[ 7.15022803e-59 -5.38174544e-58]	2.947444164017478e-115	90880
710	[ 7.15022803e-59 -5.38174544e-58]	2.947444164017478e-115	91008
711	[ 7.15022803e-59 -5.38174544e-58]	2.947444164017478e-115	91136
712	[ 7.15022803e-59 -5.38174544e-58]	2.947444164017478e-115	91264
713	[ 7.15022803e-59 -5.38174544e-58]	2.947444164017478e-115	91392
714	[ 7.15022803e-59 -5.38174544e-58]	2.947444164017478e-115	91520
715	[ 7.15022803e-59 -5.38174544e-58]	2.947444164017478e-115	91648
716	[ 7.15022803e-59 -5.38174544e-58]	2.947444164017478e-115	91776
717	[ 7.15022803e-59 -5.38174544e-58]	2.947444164017478e-115	91904
718	[ 7.15022803e-59 -5.38174544e-58]	2.947444164017478e-115	92032
719	[4.71114750e-58 2.17525638e-58]	2.6926651040873077e-115	92160
720	[-2.68173503e-58  4.83026151e-59]	7.425017032081499e-116	92288
721	[-1.55332439e-58  1.68331695e-58]	5.246372633745605e-116	92416
722	[-1.55332439e-58  1.68331695e-58]	5.246372633745605e-116	92544
723	[-1.55332439e-58  1.68331695e-58]	5.246372633745605e-116	92672
724	[-1.55332439e-58  1.68331695e-58]	5.246372633745605e-116	92800
725	[-8.98048766e-59  6.98260030e-59]	1.294058655766995e-116	92928
726	[-8.98048766e-59  6.98260030e-59]	1.294058655766995e-116	93056
727	[-8.98048766e-59  6.98260030e-59]	1.294058655766995e-116	93184
728	[-8.98048766e-59  6.98260030e-59]	1.294058655766995e-116	93312
729	[-3.80805532e-59 -5.74598297e-59]	4.751760561119556e-117	93440
730	[-3.80805532e-59 -5.74598297e-59]	4.751760561119556e-117	93568
731	[-3.80805532e-59 -5.74598297e-59]	4.751760561119556e-117	93696
732	[1.64494696e-59 2.71199777e-59]	1.0060782384155839e-117	93824
733	[1.64494696e-59 2.71199777e-59]	1.0060782384155839e-117	93952
734	[-1.88197364e-59  8.55825035e-60]	4.274261265695817e-118	94080
735	[-1.03117880e-59 -5.14799172e-60]	1.3283478976963472e-118	94208
736	[-1.03117880e-59 -5.14799172e-60]	1.3283478976963472e-118	94336
737	[-1.03117880e-59 -5.14799172e-60]	1.3283478976963472e-118	94464
738	[-4.71839507e-60 -8.52573755e-62]	2.227052083183689e-119	94592
739	[-4.71839507e-60 -8.52573755e-62]	2.227052083183689e-119	94720
740	[-4.71839507e-60 -8.52573755e-62]	2.227052083183689e-119	94848
741	[1.03042107e-60 2.16916303e-60]	5.7670358288856304e-120	94976
742	[1.03042107e-60 2.16916303e-60]	5.7670358288856304e-120	95104
743	[1.03042107e-60 2.16916303e-60]	5.7670358288856304e-120	95232
744	[1.03042107e-60 2.16916303e-60]	5.7670358288856304e-120	95360
745	[1.03042107e-60 2.16916303e-60]	5.7670358288856304e-120	95488
746	[1.03042107e-60 2.16916303e-60]	5.7670358288856304e-120	95616
747	[ 6.96474499e-61 -1.25948164e-60]	2.0713707365367407e-120	95744
748	[ 6.96474499e-61 -1.25948164e-60]	2.0713707365367407e-120	95872
749	[ 6.96474499e-61 -1.25948164e-60]	2.0713707365367407e-120	96000
750	[ 6.96474499e-61 -1.25948164e-60]	2.0713707365367407e-120	96128
751	[ 6.96474499e-61 -1.25948164e-60]	2.0713707365367407e-120	96256
752	[ 6.96474499e-61 -1.25948164e-60]	2.0713707365367407e-120	96384
753	[3.03528335e-61 3.01226305e-61]	1.8286673672928622e-121	96512
754	[3.03528335e-61 3.01226305e-61]	1.8286673672928622e-121	96640
755	[3.03528335e-61 3.01226305e-61]	1.8286673672928622e-121	96768
756	[2.65990092e-61 3.10581094e-61]	1.672113450021237e-121	96896
757	[2.65990092e-61 3.10581094e-61]	1.672113450021237e-121	97024
758	[2.65990092e-61 3.10581094e-61]	1.672113450021237e-121	97152
759	[2.65990092e-61 3.10581094e-61]	1.672113450021237e-121	97280
760	[2.65990092e-61 3.10581094e-61]	1.672113450021237e-121	97408
761	[-3.46384929e-61 -4.00193563e-62]	1.21584067716668e-121	97536
762	[-3.46384929e-61 -4.00193563e-62]	1.21584067716668e-121	97664
763	[1.73045954e-61 1.74098966e-61]	6.02553520613731e-122	97792
764	[-9.26386910e-62  1.20903317e-61]	2.3199539131113127e-122	97920
765	[1.04403060e-61 6.55375063e-62]	1.5195163595457707e-122	98048
766	[1.04403060e-61 6.55375063e-62]	1.5195163595457707e-122	98176
767	[1.04403060e-61 6.55375063e-62]	1.5195163595457707e-122	98304
768	[-4.70863701e-62 -3.71122146e-62]	3.5944427163628416e-123	98432
769	[-4.70863701e-62 -3.71122146e-62]	3.5944427163628416e-123	98560
770	[-3.19094433e-62 -9.49788135e-63]	1.1084223215431695e-123	98688
771	[-3.19094433e-62 -9.49788135e-63]	1.1084223215431695e-123	98816
772	[-3.19094433e-62 -9.49788135e-63]	1.1084223215431695e-123	98944
773	[-3.19094433e-62 -9.49788135e-63]	1.1084223215431695e-123	99072
774	[-3.19094433e-62 -9.49788135e-63]	1.1084223215431695e-123	99200
775	[6.36048926e-63 1.24521009e-62]	1.9551064117604307e-124	99328
776	[ 7.35858048e-63 -9.42077089e-63]	1.4289963087398598e-124	99456
777	[-5.12524333e-63  1.00847049e-62]	1.2796939241414873e-124	99584
778	[-2.45252543e-63  8.06026884e-63]	7.098281469024535e-125	99712
779	[-2.45252543e-63  8.06026884e-63]	7.098281469024535e-125	99840
780	[-1.01516911e-63 -2.58171113e-63]	7.695800663565175e-126	99968
781	[1.97495764e-63 3.92437935e-64]	4.054465218488141e-126	100096
#Result: mean = 0.001073640625369284	std = 0.018075152855286707