#GEN	x_best	f(x_best)	#eval
0	[-0.25179988  0.42659935]	0.2453901845836613	128
1	[ 0.04561737 -0.05120713]	0.004703114908766249	256
2	[ 0.04561737 -0.05120713]	0.004703114908766249	384
3	[ 0.04561737 -0.05120713]	0.004703114908766249	512
4	[ 0.04561737 -0.05120713]	0.004703114908766249	640
5	[ 0.04561737 -0.05120713]	0.004703114908766249	768
6	[ 0.04561737 -0.05120713]	0.004703114908766249	896
7	[0.04709455 0.02744361]	0.002971047966319646	1024
8	[0.04709455 0.02744361]	0.002971047966319646	1152
9	[0.04709455 0.02744361]	0.002971047966319646	1280
10	[0.04709455 0.02744361]	0.002971047966319646	1408
11	[0.04709455 0.02744361]	0.002971047966319646	1536
12	[0.04709455 0.02744361]	0.002971047966319646	1664
13	[ 0.0031609  -0.04174815]	0.0017528992734220543	1792
14	[ 0.0031609  -0.04174815]	0.0017528992734220543	1920
15	[ 0.0031609  -0.04174815]	0.0017528992734220543	2048
16	[-0.00513378 -0.03433964]	0.001205566478958512	2176
17	[-1.78370301e-02 -7.25226011e-05]	0.00031816490254907255	2304
18	[-1.78370301e-02 -7.25226011e-05]	0.00031816490254907255	2432
19	[-0.00673131 -0.01593402]	0.0002992037131808274	2560
20	[-0.00211042  0.00351536]	1.6811623129045534e-05	2688
21	[-0.00211042  0.00351536]	1.6811623129045534e-05	2816
22	[-0.00211042  0.00351536]	1.6811623129045534e-05	2944
23	[-0.00211042  0.00351536]	1.6811623129045534e-05	3072
24	[-0.00211042  0.00351536]	1.6811623129045534e-05	3200
25	[-0.00211042  0.00351536]	1.6811623129045534e-05	3328
26	[-0.00211042  0.00351536]	1.6811623129045534e-05	3456
27	[3.99511017e-05 2.39257312e-03]	5.726002218118335e-06	3584
28	[3.99511017e-05 2.39257312e-03]	5.726002218118335e-06	3712
29	[ 0.00128184 -0.00197021]	5.524851189631466e-06	3840
30	[ 0.00137624 -0.00086426]	2.640995371585147e-06	3968
31	[ 0.00047664 -0.00030864]	3.2244626585353576e-07	4096
32	[ 0.00047664 -0.00030864]	3.2244626585353576e-07	4224
33	[ 0.00047664 -0.00030864]	3.2244626585353576e-07	4352
34	[ 0.00047664 -0.00030864]	3.2244626585353576e-07	4480
35	[ 1.36854511e-05 -4.83005327e-04]	2.3348143770838482e-07	4608
36	[ 1.36854511e-05 -4.83005327e-04]	2.3348143770838482e-07	4736
37	[ 1.36854511e-05 -4.83005327e-04]	2.3348143770838482e-07	4864
38	[-0.00024373 -0.00027415]	1.34562395338522e-07	4992
39	[ 0.00020692 -0.00020206]	8.3644127708605e-08	5120
40	[ 0.00020692 -0.00020206]	8.3644127708605e-08	5248
41	[-4.14393898e-05  1.19063809e-05]	1.8589849330273482e-09	5376
42	[-4.14393898e-05  1.19063809e-05]	1.8589849330273482e-09	5504
43	[-4.14393898e-05  1.19063809e-05]	1.8589849330273482e-09	5632
44	[-4.14393898e-05  1.19063809e-05]	1.8589849330273482e-09	5760
45	[-4.14393898e-05  1.19063809e-05]	1.8589849330273482e-09	5888
46	[-4.14393898e-05  1.19063809e-05]	1.8589849330273482e-09	6016
47	[-4.14393898e-05  1.19063809e-05]	1.8589849330273482e-09	6144
48	[-4.14393898e-05  1.19063809e-05]	1.8589849330273482e-09	6272
49	[-4.14393898e-05  1.19063809e-05]	1.8589849330273482e-09	6400
50	[-4.14393898e-05  1.19063809e-05]	1.8589849330273482e-09	6528
51	[-4.14393898e-05  1.19063809e-05]	1.8589849330273482e-09	6656
52	[-4.05963159e-05  8.12539031e-06]	1.7140828296550313e-09	6784
53	[ 1.03462859e-05 -2.90042499e-07]	1.0712975652778833e-10	6912
54	[ 1.03462859e-05 -2.90042499e-07]	1.0712975652778833e-10	7040
55	[ 1.03462859e-05 -2.90042499e-07]	1.0712975652778833e-10	7168
56	[6.79081985e-06 5.47750953e-06]	7.61183449050792e-11	7296
57	[6.79081985e-06 5.47750953e-06]	7.61183449050792e-11	7424
58	[1.66219610e-06 3.94542175e-06]	1.8329248658899155e-11	7552
59	[1.66219610e-06 3.94542175e-06]	1.8329248658899155e-11	7680
60	[1.66219610e-06 3.94542175e-06]	1.8329248658899155e-11	7808
61	[1.66219610e-06 3.94542175e-06]	1.8329248658899155e-11	7936
62	[1.66219610e-06 3.94542175e-06]	1.8329248658899155e-11	8064
63	[ 1.86974239e-06 -1.18800882e-06]	4.907301567338399e-12	8192
64	[ 1.86974239e-06 -1.18800882e-06]	4.907301567338399e-12	8320
65	[ 1.09725624e-06 -5.05409138e-07]	1.459409646874769e-12	8448
66	[ 1.09725624e-06 -5.05409138e-07]	1.459409646874769e-12	8576
67	[ 1.09725624e-06 -5.05409138e-07]	1.459409646874769e-12	8704
68	[ 1.09725624e-06 -5.05409138e-07]	1.459409646874769e-12	8832
69	[ 1.09725624e-06 -5.05409138e-07]	1.459409646874769e-12	8960
70	[-5.48796874e-07  4.56186260e-07]	5.092839131645274e-13	9088
71	[-5.48796874e-07  4.56186260e-07]	5.092839131645274e-13	9216
72	[-5.48796874e-07  4.56186260e-07]	5.092839131645274e-13	9344
73	[-1.09553900e-08 -3.45012699e-07]	1.1915378311033093e-13	9472
74	[1.05441416e-07 1.85770641e-08]	1.1462999503397364e-14	9600
75	[1.05441416e-07 1.85770641e-08]	1.1462999503397364e-14	9728
76	[1.05441416e-07 1.85770641e-08]	1.1462999503397364e-14	9856
77	[1.05441416e-07 1.85770641e-08]	1.1462999503397364e-14	9984
78	[1.05441416e-07 1.85770641e-08]	1.1462999503397364e-14	10112
79	[1.05441416e-07 1.85770641e-08]	1.1462999503397364e-14	10240
80	[1.99785431e-09 4.83115391e-08]	2.3379962321206782e-15	10368
81	[1.99785431e-09 4.83115391e-08]	2.3379962321206782e-15	10496
82	[1.99785431e-09 4.83115391e-08]	2.3379962321206782e-15	10624
83	[1.99785431e-09 4.83115391e-08]	2.3379962321206782e-15	10752
84	[1.99785431e-09 4.83115391e-08]	2.3379962321206782e-15	10880
85	[1.99785431e-09 4.83115391e-08]	2.3379962321206782e-15	11008
86	[1.99785431e-09 4.83115391e-08]	2.3379962321206782e-15	11136
87	[1.99785431e-09 4.83115391e-08]	2.3379962321206782e-15	11264
88	[1.99785431e-09 4.83115391e-08]	2.3379962321206782e-15	11392
89	[3.91329047e-08 5.65951517e-09]	1.5634143415776018e-15	11520
90	[3.91329047e-08 5.65951517e-09]	1.5634143415776018e-15	11648
91	[-5.42726995e-09 -3.03932719e-08]	9.532062370866446e-16	11776
92	[1.75228061e-08 3.37220988e-09]	3.1842053153992927e-16	11904
93	[-1.55053459e-08  3.54829568e-10]	2.405416554074668e-16	12032
94	[-1.55053459e-08  3.54829568e-10]	2.405416554074668e-16	12160
95	[-1.55053459e-08  3.54829568e-10]	2.405416554074668e-16	12288
96	[-8.97118379e-09  1.82024350e-09]	8.379542504576056e-17	12416
97	[-8.97118379e-09  1.82024350e-09]	8.379542504576056e-17	12544
98	[-1.94165091e-09 -8.81125565e-10]	4.5463905293712336e-18	12672
99	[-1.94165091e-09 -8.81125565e-10]	4.5463905293712336e-18	12800
100	[-1.94165091e-09 -8.81125565e-10]	4.5463905293712336e-18	12928
101	[-1.94165091e-09 -8.81125565e-10]	4.5463905293712336e-18	13056
102	[-1.94165091e-09 -8.81125565e-10]	4.5463905293712336e-18	13184
103	[-1.94165091e-09 -8.81125565e-10]	4.5463905293712336e-18	13312
104	[-1.94165091e-09 -8.81125565e-10]	4.5463905293712336e-18	13440
105	[8.20226898e-10 1.10914218e-09]	1.9029685489682512e-18	13568
106	[9.50864620e-10 9.18324013e-10]	1.7474625173680377e-18	13696
107	[5.85847809e-10 9.20717941e-10]	1.1909391820252421e-18	13824
108	[5.85847809e-10 9.20717941e-10]	1.1909391820252421e-18	13952
109	[-8.97962419e-10  3.29844110e-10]	9.15133643883064e-19	14080
110	[-8.97962419e-10  3.29844110e-10]	9.15133643883064e-19	14208
111	[-8.97962419e-10  3.29844110e-10]	9.15133643883064e-19	14336
112	[1.15975079e-10 6.82351184e-10]	4.790533568453075e-19	14464
113	[1.15975079e-10 6.82351184e-10]	4.790533568453075e-19	14592
114	[1.15975079e-10 6.82351184e-10]	4.790533568453075e-19	14720
115	[1.15975079e-10 6.82351184e-10]	4.790533568453075e-19	14848
116	[-1.75814840e-10 -2.27769182e-10]	8.278965811956924e-20	14976
117	[-1.75814840e-10 -2.27769182e-10]	8.278965811956924e-20	15104
118	[-1.75814840e-10 -2.27769182e-10]	8.278965811956924e-20	15232
119	[7.10509853e-11 1.71011760e-10]	3.4293264577365246e-20	15360
120	[7.10509853e-11 1.71011760e-10]	3.4293264577365246e-20	15488
121	[7.10509853e-11 1.71011760e-10]	3.4293264577365246e-20	15616
122	[ 9.99740744e-11 -2.34811824e-13]	9.994870693035355e-21	15744
123	[1.98007746e-11 3.28687537e-12]	4.028742255570496e-22	15872
124	[1.98007746e-11 3.28687537e-12]	4.028742255570496e-22	16000
125	[1.98007746e-11 3.28687537e-12]	4.028742255570496e-22	16128
126	[1.98007746e-11 3.28687537e-12]	4.028742255570496e-22	16256
127	[-1.19084964e-11 -9.39201946e-12]	2.3002231573984145e-22	16384
128	[-1.19084964e-11 -9.39201946e-12]	2.3002231573984145e-22	16512
129	[-1.19084964e-11 -9.39201946e-12]	2.3002231573984145e-22	16640
130	[-1.19084964e-11 -9.39201946e-12]	2.3002231573984145e-22	16768
131	[-1.19084964e-11 -9.39201946e-12]	2.3002231573984145e-22	16896
132	[-1.19084964e-11 -9.39201946e-12]	2.3002231573984145e-22	17024
133	[-1.19084964e-11 -9.39201946e-12]	2.3002231573984145e-22	17152
134	[-1.19084964e-11 -9.39201946e-12]	2.3002231573984145e-22	17280
135	[-7.50245455e-12 -1.67554750e-13]	5.63148988072893e-23	17408
136	[-7.50245455e-12 -1.67554750e-13]	5.63148988072893e-23	17536
137	[ 5.69082861e-12 -7.05186349e-14]	3.2390503109189636e-23	17664
138	[ 5.69082861e-12 -7.05186349e-14]	3.2390503109189636e-23	17792
139	[3.47122595e-12 6.66002412e-13]	1.249296879727659e-23	17920
140	[3.47122595e-12 6.66002412e-13]	1.249296879727659e-23	18048
141	[-1.23320903e-12  3.21648678e-12]	1.1866591743316879e-23	18176
142	[-3.33256961e-12 -6.72956430e-13]	1.1558890529560208e-23	18304
143	[-3.33256961e-12 -6.72956430e-13]	1.1558890529560208e-23	18432
144	[-1.81193317e-12  6.49290897e-13]	3.704680494918065e-24	18560
145	[-1.62114998e-12  5.52461811e-14]	2.631179404726295e-24	18688
146	[ 1.01423173e-12 -1.27405346e-13]	1.0448981210387409e-24	18816
147	[4.96817800e-13 5.01742473e-13]	4.985734355875987e-25	18944
148	[4.96817800e-13 5.01742473e-13]	4.985734355875987e-25	19072
149	[-1.34464130e-13  1.90571174e-13]	5.439797468782491e-26	19200
150	[-1.34464130e-13  1.90571174e-13]	5.439797468782491e-26	19328
151	[-7.44353526e-14  4.65333561e-14]	7.705974948117998e-27	19456
152	[-7.44353526e-14  4.65333561e-14]	7.705974948117998e-27	19584
153	[-7.44353526e-14  4.65333561e-14]	7.705974948117998e-27	19712
154	[-7.44353526e-14  4.65333561e-14]	7.705974948117998e-27	19840
155	[-7.44353526e-14  4.65333561e-14]	7.705974948117998e-27	19968
156	[-7.44353526e-14  4.65333561e-14]	7.705974948117998e-27	20096
157	[-7.44353526e-14  4.65333561e-14]	7.705974948117998e-27	20224
158	[-7.44353526e-14  4.65333561e-14]	7.705974948117998e-27	20352
159	[-7.44353526e-14  4.65333561e-14]	7.705974948117998e-27	20480
160	[-7.44353526e-14  4.65333561e-14]	7.705974948117998e-27	20608
161	[-1.01382378e-14  5.13655166e-14]	2.7412001564488498e-27	20736
162	[-1.01382378e-14  5.13655166e-14]	2.7412001564488498e-27	20864
163	[-1.01382378e-14  5.13655166e-14]	2.7412001564488498e-27	20992
164	[-4.60249890e-14 -1.71218371e-14]	2.411456914262249e-27	21120
165	[-4.60249890e-14 -1.71218371e-14]	2.411456914262249e-27	21248
166	[-4.60249890e-14 -1.71218371e-14]	2.411456914262249e-27	21376
167	[-3.87082608e-15 -8.04560264e-15]	7.971501640121398e-29	21504
168	[-3.87082608e-15 -8.04560264e-15]	7.971501640121398e-29	21632
169	[-3.87082608e-15 -8.04560264e-15]	7.971501640121398e-29	21760
170	[-3.87082608e-15 -8.04560264e-15]	7.971501640121398e-29	21888
171	[-3.87082608e-15 -8.04560264e-15]	7.971501640121398e-29	22016
172	[-3.87082608e-15 -8.04560264e-15]	7.971501640121398e-29	22144
173	[-3.87082608e-15 -8.04560264e-15]	7.971501640121398e-29	22272
174	[-3.87082608e-15 -8.04560264e-15]	7.971501640121398e-29	22400
175	[-3.87082608e-15 -8.04560264e-15]	7.971501640121398e-29	22528
176	[-3.87082608e-15 -8.04560264e-15]	7.971501640121398e-29	22656
177	[-3.87082608e-15 -8.04560264e-15]	7.971501640121398e-29	22784
178	[-3.87082608e-15 -8.04560264e-15]	7.971501640121398e-29	22912
179	[4.54935471e-15 1.99635326e-15]	2.4682054604265556e-29	23040
180	[4.54935471e-15 1.99635326e-15]	2.4682054604265556e-29	23168
181	[ 3.53359444e-16 -2.77706700e-15]	7.836964006483607e-30	23296
182	[ 3.35060346e-16 -9.12384422e-16]	9.447107686589749e-31	23424
183	[-2.37511182e-16  5.19073760e-16]	3.2584912994381196e-31	23552
184	[-2.37511182e-16  5.19073760e-16]	3.2584912994381196e-31	23680
185	[-2.37511182e-16  5.19073760e-16]	3.2584912994381196e-31	23808
186	[-2.37511182e-16  5.19073760e-16]	3.2584912994381196e-31	23936
187	[-2.37511182e-16  5.19073760e-16]	3.2584912994381196e-31	24064
188	[-2.37511182e-16  5.19073760e-16]	3.2584912994381196e-31	24192
189	[ 6.29239372e-17 -2.57882674e-16]	7.04628953503213e-32	24320
190	[ 6.29239372e-17 -2.57882674e-16]	7.04628953503213e-32	24448
191	[ 6.29239372e-17 -2.57882674e-16]	7.04628953503213e-32	24576
192	[ 6.29239372e-17 -2.57882674e-16]	7.04628953503213e-32	24704
193	[ 6.29239372e-17 -2.57882674e-16]	7.04628953503213e-32	24832
194	[ 6.29239372e-17 -2.57882674e-16]	7.04628953503213e-32	24960
195	[ 6.29239372e-17 -2.57882674e-16]	7.04628953503213e-32	25088
196	[-2.01423967e-16 -1.01529147e-16]	5.08797823496401e-32	25216
197	[-2.01423967e-16 -1.01529147e-16]	5.08797823496401e-32	25344
198	[ 7.62384322e-17 -5.67237615e-18]	5.8444743958056965e-33	25472
199	[ 7.62384322e-17 -5.67237615e-18]	5.8444743958056965e-33	25600
200	[ 7.62384322e-17 -5.67237615e-18]	5.8444743958056965e-33	25728
201	[ 7.62384322e-17 -5.67237615e-18]	5.8444743958056965e-33	25856
202	[ 7.62384322e-17 -5.67237615e-18]	5.8444743958056965e-33	25984
203	[1.60024548e-17 6.22730419e-17]	4.134010306314972e-33	26112
204	[ 1.71066021e-17 -1.22828872e-17]	4.435051526087675e-34	26240
205	[ 1.71066021e-17 -1.22828872e-17]	4.435051526087675e-34	26368
206	[ 1.71066021e-17 -1.22828872e-17]	4.435051526087675e-34	26496
207	[ 1.71066021e-17 -1.22828872e-17]	4.435051526087675e-34	26624
208	[ 1.71066021e-17 -1.22828872e-17]	4.435051526087675e-34	26752
209	[-1.40228569e-17 -1.15118096e-17]	3.291622742720102e-34	26880
210	[-1.40228569e-17 -1.15118096e-17]	3.291622742720102e-34	27008
211	[6.02822960e-18 1.80843484e-18]	3.9609988649170344e-35	27136
212	[6.02822960e-18 1.80843484e-18]	3.9609988649170344e-35	27264
213	[6.02822960e-18 1.80843484e-18]	3.9609988649170344e-35	27392
214	[6.02822960e-18 1.80843484e-18]	3.9609988649170344e-35	27520
215	[6.02822960e-18 1.80843484e-18]	3.9609988649170344e-35	27648
216	[6.02822960e-18 1.80843484e-18]	3.9609988649170344e-35	27776
217	[6.02822960e-18 1.80843484e-18]	3.9609988649170344e-35	27904
218	[1.42980337e-18 2.98684592e-19]	2.1335501701394867e-36	28032
219	[1.42980337e-18 2.98684592e-19]	2.1335501701394867e-36	28160
220	[1.42980337e-18 2.98684592e-19]	2.1335501701394867e-36	28288
221	[1.42980337e-18 2.98684592e-19]	2.1335501701394867e-36	28416
222	[1.42980337e-18 2.98684592e-19]	2.1335501701394867e-36	28544
223	[1.42980337e-18 2.98684592e-19]	2.1335501701394867e-36	28672
224	[1.42980337e-18 2.98684592e-19]	2.1335501701394867e-36	28800
225	[ 1.26315054e-18 -3.39824405e-19]	1.7110299204110386e-36	28928
226	[8.69690899e-19 3.76123249e-19]	8.978309583872378e-37	29056
227	[8.69690899e-19 3.76123249e-19]	8.978309583872378e-37	29184
228	[-6.35543977e-19 -2.09620169e-19]	4.478567621197253e-37	29312
229	[ 5.30904828e-19 -3.35462426e-19]	3.943949751808827e-37	29440
230	[ 5.30904828e-19 -3.35462426e-19]	3.943949751808827e-37	29568
231	[3.58910115e-19 2.21440280e-19]	1.7785226821313913e-37	29696
232	[3.58910115e-19 2.21440280e-19]	1.7785226821313913e-37	29824
233	[-8.11482053e-20 -3.91896243e-19]	1.6016769624263807e-37	29952
234	[ 3.38182717e-19 -1.11480293e-19]	1.267954055530518e-37	30080
235	[-4.99130767e-20  2.18504871e-19]	5.023569371249068e-38	30208
236	[-4.99130767e-20  2.18504871e-19]	5.023569371249068e-38	30336
237	[-9.74751537e-20  1.80946113e-20]	9.828820552351813e-39	30464
238	[-9.74751537e-20  1.80946113e-20]	9.828820552351813e-39	30592
239	[-9.74751537e-20  1.80946113e-20]	9.828820552351813e-39	30720
240	[9.09160871e-20 3.09357383e-20]	9.222754791216182e-39	30848
241	[9.09160871e-20 3.09357383e-20]	9.222754791216182e-39	30976
242	[-6.78412461e-20  7.14338471e-21]	4.653462612543962e-39	31104
243	[-6.78412461e-20  7.14338471e-21]	4.653462612543962e-39	31232
244	[-2.64955643e-20  1.25640822e-20]	8.598710905431576e-40	31360
245	[-1.09070789e-20 -2.13294795e-20]	5.739110664254483e-40	31488
246	[-1.09070789e-20 -2.13294795e-20]	5.739110664254483e-40	31616
247	[ 3.79972159e-21 -9.49237951e-22]	1.5338936887105408e-41	31744
248	[ 3.79972159e-21 -9.49237951e-22]	1.5338936887105408e-41	31872
249	[ 3.79972159e-21 -9.49237951e-22]	1.5338936887105408e-41	32000
250	[ 3.79972159e-21 -9.49237951e-22]	1.5338936887105408e-41	32128
251	[ 3.79972159e-21 -9.49237951e-22]	1.5338936887105408e-41	32256
252	[ 3.79972159e-21 -9.49237951e-22]	1.5338936887105408e-41	32384
253	[ 3.79972159e-21 -9.49237951e-22]	1.5338936887105408e-41	32512
254	[ 3.79972159e-21 -9.49237951e-22]	1.5338936887105408e-41	32640
255	[ 3.79972159e-21 -9.49237951e-22]	1.5338936887105408e-41	32768
256	[ 3.79972159e-21 -9.49237951e-22]	1.5338936887105408e-41	32896
257	[ 3.79972159e-21 -9.49237951e-22]	1.5338936887105408e-41	33024
258	[-7.76688085e-22  2.66797875e-21]	7.721355005537359e-42	33152
259	[-7.76688085e-22  2.66797875e-21]	7.721355005537359e-42	33280
260	[ 1.13412130e-21 -1.15956806e-21]	2.6308292215321084e-42	33408
261	[ 9.66893129e-22 -4.57574284e-22]	1.1442565475577203e-42	33536
262	[ 9.66893129e-22 -4.57574284e-22]	1.1442565475577203e-42	33664
263	[-4.49032227e-22  8.85175022e-22]	9.851647607271729e-43	33792
264	[-4.49032227e-22  8.85175022e-22]	9.851647607271729e-43	33920
265	[6.40437873e-22 3.49044118e-22]	5.3199246552077935e-43	34048
266	[6.40437873e-22 3.49044118e-22]	5.3199246552077935e-43	34176
267	[6.40437873e-22 3.49044118e-22]	5.3199246552077935e-43	34304
268	[6.40437873e-22 3.49044118e-22]	5.3199246552077935e-43	34432
269	[6.40437873e-22 3.49044118e-22]	5.3199246552077935e-43	34560
270	[2.30985374e-22 1.56935579e-22]	7.798301898445928e-44	34688
271	[ 7.76347282e-23 -1.98966154e-22]	4.561468129451443e-44	34816
272	[ 7.76347282e-23 -1.98966154e-22]	4.561468129451443e-44	34944
273	[ 7.76347282e-23 -1.98966154e-22]	4.561468129451443e-44	35072
274	[-7.97529030e-23  4.27027718e-23]	8.184052253934117e-45	35200
275	[-7.97529030e-23  4.27027718e-23]	8.184052253934117e-45	35328
276	[-7.97529030e-23  4.27027718e-23]	8.184052253934117e-45	35456
277	[-7.97529030e-23  4.27027718e-23]	8.184052253934117e-45	35584
278	[6.80287503e-24 6.60665179e-23]	4.411063897524802e-45	35712
279	[5.08589540e-23 3.98374673e-23]	4.17365700189244e-45	35840
280	[5.08589540e-23 3.98374673e-23]	4.17365700189244e-45	35968
281	[-2.56498336e-23  3.70791395e-23]	2.03277654789537e-45	36096
282	[-2.56498336e-23  3.70791395e-23]	2.03277654789537e-45	36224
283	[-1.76901088e-23  3.12996839e-23]	1.2926101595277503e-45	36352
284	[-1.76901088e-23  3.12996839e-23]	1.2926101595277503e-45	36480
285	[1.98421406e-23 1.35396996e-24]	3.955437783111277e-46	36608
286	[1.98421406e-23 1.35396996e-24]	3.955437783111277e-46	36736
287	[1.98421406e-23 1.35396996e-24]	3.955437783111277e-46	36864
288	[1.98421406e-23 1.35396996e-24]	3.955437783111277e-46	36992
289	[-1.45305261e-23 -7.19441732e-24]	2.6289582877886087e-46	37120
290	[-9.73778093e-24  5.72700005e-25]	9.515236272427281e-47	37248
291	[-9.73778093e-24  5.72700005e-25]	9.515236272427281e-47	37376
292	[-9.73778093e-24  5.72700005e-25]	9.515236272427281e-47	37504
293	[-3.28183331e-24  4.88065935e-24]	3.4591265596557823e-47	37632
294	[-3.28183331e-24  4.88065935e-24]	3.4591265596557823e-47	37760
295	[ 7.96113008e-26 -3.40610031e-25]	1.2235315221745373e-49	37888
296	[ 7.96113008e-26 -3.40610031e-25]	1.2235315221745373e-49	38016
297	[ 7.96113008e-26 -3.40610031e-25]	1.2235315221745373e-49	38144
298	[ 7.96113008e-26 -3.40610031e-25]	1.2235315221745373e-49	38272
299	[ 7.96113008e-26 -3.40610031e-25]	1.2235315221745373e-49	38400
300	[ 7.96113008e-26 -3.40610031e-25]	1.2235315221745373e-49	38528
301	[ 7.96113008e-26 -3.40610031e-25]	1.2235315221745373e-49	38656
302	[ 7.96113008e-26 -3.40610031e-25]	1.2235315221745373e-49	38784
303	[ 7.96113008e-26 -3.40610031e-25]	1.2235315221745373e-49	38912
304	[ 3.20207514e-25 -1.08371473e-25]	1.14277228480446e-49	39040
305	[ 3.20207514e-25 -1.08371473e-25]	1.14277228480446e-49	39168
306	[ 3.20207514e-25 -1.08371473e-25]	1.14277228480446e-49	39296
307	[ 3.20207514e-25 -1.08371473e-25]	1.14277228480446e-49	39424
308	[ 3.20207514e-25 -1.08371473e-25]	1.14277228480446e-49	39552
309	[ 3.20207514e-25 -1.08371473e-25]	1.14277228480446e-49	39680
310	[ 1.39803051e-25 -1.40938971e-25]	3.940868666735882e-50	39808
311	[ 1.39803051e-25 -1.40938971e-25]	3.940868666735882e-50	39936
312	[-1.76341109e-25  6.28614230e-26]	3.5047745150468463e-50	40064
313	[-1.76341109e-25  6.28614230e-26]	3.5047745150468463e-50	40192
314	[1.57987499e-25 1.95644538e-26]	2.5342817537185913e-50	40320
315	[2.49631565e-26 6.98824980e-26]	5.506722705563997e-51	40448
316	[-6.87169892e-26  7.83018980e-27]	4.783336471173144e-51	40576
317	[-6.87169892e-26  7.83018980e-27]	4.783336471173144e-51	40704
318	[-2.90425740e-26  8.08055032e-27]	9.087663988697246e-52	40832
319	[-2.90425740e-26  8.08055032e-27]	9.087663988697246e-52	40960
320	[-2.90425740e-26  8.08055032e-27]	9.087663988697246e-52	41088
321	[-2.90425740e-26  8.08055032e-27]	9.087663988697246e-52	41216
322	[-2.90425740e-26  8.08055032e-27]	9.087663988697246e-52	41344
323	[-2.90425740e-26  8.08055032e-27]	9.087663988697246e-52	41472
324	[2.49631565e-26 7.16369744e-27]	6.744777417548082e-52	41600
325	[2.49631565e-26 7.16369744e-27]	6.744777417548082e-52	41728
326	[2.49631565e-26 7.16369744e-27]	6.744777417548082e-52	41856
327	[-1.54945070e-26  8.02226783e-27]	3.044365283082e-52	41984
328	[2.63572914e-27 5.99341177e-27]	4.286805280018764e-53	42112
329	[2.63572914e-27 5.99341177e-27]	4.286805280018764e-53	42240
330	[2.63572914e-27 5.99341177e-27]	4.286805280018764e-53	42368
331	[2.63572914e-27 5.99341177e-27]	4.286805280018764e-53	42496
332	[ 2.89432991e-27 -7.31706950e-29]	8.382499553361e-54	42624
333	[ 2.89432991e-27 -7.31706950e-29]	8.382499553361e-54	42752
334	[-1.66442971e-27  1.73266529e-27]	5.772455264754609e-54	42880
335	[-1.66442971e-27  1.73266529e-27]	5.772455264754609e-54	43008
336	[-1.66442971e-27 -3.51352445e-28]	2.893774812181708e-54	43136
337	[-1.66442971e-27 -3.51352445e-28]	2.893774812181708e-54	43264
338	[-1.66442971e-27 -3.51352445e-28]	2.893774812181708e-54	43392
339	[-1.66442971e-27 -3.51352445e-28]	2.893774812181708e-54	43520
340	[ 7.73849546e-28 -3.51352445e-28]	7.222916602972588e-55	43648
341	[ 7.73849546e-28 -3.51352445e-28]	7.222916602972588e-55	43776
342	[ 5.54425002e-28 -5.56687692e-28]	6.1728826870251916e-55	43904
343	[ 5.54425002e-28 -5.56687692e-28]	6.1728826870251916e-55	44032
344	[ 5.54425002e-28 -5.56687692e-28]	6.1728826870251916e-55	44160
345	[ 5.54425002e-28 -5.56687692e-28]	6.1728826870251916e-55	44288
346	[ 5.54425002e-28 -5.56687692e-28]	6.1728826870251916e-55	44416
347	[ 5.54425002e-28 -5.56687692e-28]	6.1728826870251916e-55	44544
348	[8.40522835e-29 7.66661475e-28]	5.948346033522383e-55	44672
349	[-4.60645834e-31  1.63611575e-28]	2.6768959743924094e-56	44800
350	[-4.47334951e-29  3.54723709e-29]	3.259374679833078e-57	44928
351	[-4.47334951e-29  3.54723709e-29]	3.259374679833078e-57	45056
352	[-4.47334951e-29  3.54723709e-29]	3.259374679833078e-57	45184
353	[-4.47334951e-29  3.54723709e-29]	3.259374679833078e-57	45312
354	[-4.47334951e-29  3.54723709e-29]	3.259374679833078e-57	45440
355	[-4.47334951e-29  3.54723709e-29]	3.259374679833078e-57	45568
356	[-4.47334951e-29  3.54723709e-29]	3.259374679833078e-57	45696
357	[-4.60645834e-31  4.31839993e-29]	1.8650699924574948e-57	45824
358	[-4.60645834e-31  4.31839993e-29]	1.8650699924574948e-57	45952
359	[-4.60645834e-31  4.31839993e-29]	1.8650699924574948e-57	46080
360	[-4.60645834e-31  4.31839993e-29]	1.8650699924574948e-57	46208
361	[-4.60645834e-31  4.31839993e-29]	1.8650699924574948e-57	46336
362	[ 3.76952115e-30 -2.38928865e-29]	5.850793166461004e-58	46464
363	[-9.64796801e-30  4.37676809e-30]	1.122393856181052e-58	46592
364	[-9.64796801e-30  4.37676809e-30]	1.122393856181052e-58	46720
365	[-9.64796801e-30  4.37676809e-30]	1.122393856181052e-58	46848
366	[-4.73416971e-30 -9.16867063e-31]	2.325300808095227e-59	46976
367	[-4.73416971e-30 -9.16867063e-31]	2.325300808095227e-59	47104
368	[-4.73416971e-30 -9.16867063e-31]	2.325300808095227e-59	47232
369	[-4.73416971e-30 -9.16867063e-31]	2.325300808095227e-59	47360
370	[-4.73416971e-30 -9.16867063e-31]	2.325300808095227e-59	47488
371	[-4.73416971e-30 -9.16867063e-31]	2.325300808095227e-59	47616
372	[-4.73416971e-30 -9.16867063e-31]	2.325300808095227e-59	47744
373	[-1.69600660e-30  2.50950274e-30]	9.174042373004054e-60	47872
374	[ 1.57613034e-30 -2.06441279e-30]	6.745987026639362e-60	48000
375	[ 1.57613034e-30 -2.06441279e-30]	6.745987026639362e-60	48128
376	[ 6.81206389e-31 -1.24620167e-30]	2.0170607517101996e-60	48256
377	[ 6.81206389e-31 -1.24620167e-30]	2.0170607517101996e-60	48384
378	[ 7.02657497e-31 -8.78979743e-31]	1.2663329456887433e-60	48512
379	[ 7.02657497e-31 -8.78979743e-31]	1.2663329456887433e-60	48640
380	[ 5.71544953e-31 -7.07093546e-31]	8.266449150619287e-61	48768
381	[ 5.71544953e-31 -7.07093546e-31]	8.266449150619287e-61	48896
382	[ 5.71544953e-31 -7.07093546e-31]	8.266449150619287e-61	49024
383	[ 5.71544953e-31 -7.07093546e-31]	8.266449150619287e-61	49152
384	[-4.03023119e-31  3.57625235e-31]	2.903234424194123e-61	49280
385	[5.94564648e-32 3.07790863e-31]	9.827028642201233e-62	49408
386	[5.94564648e-32 3.07790863e-31]	9.827028642201233e-62	49536
387	[ 1.3441791e-31 -5.8579170e-32]	2.1499693591044506e-62	49664
388	[ 1.3441791e-31 -5.8579170e-32]	2.1499693591044506e-62	49792
389	[ 1.3441791e-31 -5.8579170e-32]	2.1499693591044506e-62	49920
390	[-7.82383516e-32 -1.22725800e-31]	2.1182861580407293e-62	50048
391	[-7.82383516e-32 -1.22725800e-31]	2.1182861580407293e-62	50176
392	[-7.82383516e-32 -1.22725800e-31]	2.1182861580407293e-62	50304
393	[-7.82383516e-32 -1.22725800e-31]	2.1182861580407293e-62	50432
394	[-7.82383516e-32 -1.22725800e-31]	2.1182861580407293e-62	50560
395	[ 2.52903647e-32 -6.57548759e-32]	4.963306245441723e-63	50688
396	[ 2.52903647e-32 -6.57548759e-32]	4.963306245441723e-63	50816
397	[ 2.52903647e-32 -6.57548759e-32]	4.963306245441723e-63	50944
398	[ 1.34085779e-32 -3.14454809e-32]	1.1686082282986184e-63	51072
399	[ 1.34085779e-32 -3.14454809e-32]	1.1686082282986184e-63	51200
400	[ 1.34085779e-32 -3.14454809e-32]	1.1686082282986184e-63	51328
401	[ 1.34085779e-32 -3.14454809e-32]	1.1686082282986184e-63	51456
402	[ 1.34085779e-32 -3.14454809e-32]	1.1686082282986184e-63	51584
403	[-1.59201079e-32 -1.06624414e-32]	3.671374904777657e-64	51712
404	[-1.59201079e-32 -2.30317243e-33]	2.5875443799416067e-64	51840
405	[-1.59201079e-32 -2.30317243e-33]	2.5875443799416067e-64	51968
406	[-1.59201079e-32 -2.30317243e-33]	2.5875443799416067e-64	52096
407	[4.16725418e-33 3.31694434e-33]	2.8368127143698942e-65	52224
408	[4.16725418e-33 3.31694434e-33]	2.8368127143698942e-65	52352
409	[4.16725418e-33 3.31694434e-33]	2.8368127143698942e-65	52480
410	[4.16725418e-33 3.31694434e-33]	2.8368127143698942e-65	52608
411	[4.16725418e-33 3.31694434e-33]	2.8368127143698942e-65	52736
412	[4.16725418e-33 3.31694434e-33]	2.8368127143698942e-65	52864
413	[-1.85449676e-33 -4.12490844e-33]	2.045402784894217e-65	52992
414	[ 4.5113349e-34 -1.7449780e-33]	3.2484696604206954e-66	53120
415	[ 4.5113349e-34 -1.7449780e-33]	3.2484696604206954e-66	53248
416	[ 4.5113349e-34 -1.7449780e-33]	3.2484696604206954e-66	53376
417	[ 4.5113349e-34 -1.7449780e-33]	3.2484696604206954e-66	53504
418	[-2.17304127e-34 -1.18343063e-33]	1.447729142317268e-66	53632
419	[-2.17304127e-34 -1.18343063e-33]	1.447729142317268e-66	53760
420	[-2.17304127e-34 -1.18343063e-33]	1.447729142317268e-66	53888
421	[-2.17304127e-34 -1.18343063e-33]	1.447729142317268e-66	54016
422	[-2.17304127e-34 -1.18343063e-33]	1.447729142317268e-66	54144
423	[-2.17304127e-34 -1.18343063e-33]	1.447729142317268e-66	54272
424	[-4.70074795e-34  8.81965646e-34]	9.988337143920472e-67	54400
425	[-4.70074795e-34  8.81965646e-34]	9.988337143920472e-67	54528
426	[-4.24615881e-34  2.74140051e-34]	2.5545141384037152e-67	54656
427	[-8.83651296e-35  2.39798762e-35]	8.383430586358556e-69	54784
428	[-8.83651296e-35  2.39798762e-35]	8.383430586358556e-69	54912
429	[-8.83651296e-35  2.39798762e-35]	8.383430586358556e-69	55040
430	[-8.83651296e-35  2.39798762e-35]	8.383430586358556e-69	55168
431	[-8.83651296e-35  2.39798762e-35]	8.383430586358556e-69	55296
432	[3.35849882e-36 1.64051333e-35]	2.804079117831253e-70	55424
433	[3.35849882e-36 1.64051333e-35]	2.804079117831253e-70	55552
434	[3.35849882e-36 1.64051333e-35]	2.804079117831253e-70	55680
435	[3.35849882e-36 1.64051333e-35]	2.804079117831253e-70	55808
436	[3.35849882e-36 1.64051333e-35]	2.804079117831253e-70	55936
437	[3.35849882e-36 1.64051333e-35]	2.804079117831253e-70	56064
438	[3.35849882e-36 1.64051333e-35]	2.804079117831253e-70	56192
439	[-5.50350563e-36 -1.42764840e-35]	2.341065705366946e-70	56320
440	[-5.50350563e-36 -1.42764840e-35]	2.341065705366946e-70	56448
441	[-5.50350563e-36 -1.42764840e-35]	2.341065705366946e-70	56576
442	[-5.50350563e-36 -1.42764840e-35]	2.341065705366946e-70	56704
443	[1.35174820e-35 5.46707664e-36]	2.1261124571116322e-70	56832
444	[1.35174820e-35 5.46707664e-36]	2.1261124571116322e-70	56960
445	[-1.67220555e-36  1.33648416e-35]	1.8141526236380458e-70	57088
446	[ 1.20394961e-35 -1.04490454e-36]	1.4604129221729013e-70	57216
447	[-1.09805045e-36 -2.69885719e-36]	8.489544913946697e-72	57344
448	[-1.09805045e-36 -2.69885719e-36]	8.489544913946697e-72	57472
449	[-1.09805045e-36 -2.69885719e-36]	8.489544913946697e-72	57600
450	[-1.09805045e-36 -2.69885719e-36]	8.489544913946697e-72	57728
451	[-1.09805045e-36 -2.69885719e-36]	8.489544913946697e-72	57856
452	[-1.22243500e-36  1.72405167e-36]	4.46670149417412e-72	57984
453	[-1.22243500e-36  1.72405167e-36]	4.46670149417412e-72	58112
454	[-1.22243500e-36  1.72405167e-36]	4.46670149417412e-72	58240
455	[-1.79801801e-37  1.35149500e-36]	1.858867429513927e-72	58368
456	[-1.79801801e-37  1.35149500e-36]	1.858867429513927e-72	58496
457	[-4.92527024e-37  6.20626138e-37]	6.27759673109549e-73	58624
458	[-4.92527024e-37  6.20626138e-37]	6.27759673109549e-73	58752
459	[-4.92527024e-37  6.20626138e-37]	6.27759673109549e-73	58880
460	[-4.92527024e-37  6.20626138e-37]	6.27759673109549e-73	59008
461	[-4.92527024e-37  6.20626138e-37]	6.27759673109549e-73	59136
462	[ 8.11332510e-38 -4.06899161e-37]	1.7214953173484545e-73	59264
463	[-2.37858589e-37  1.30882620e-37]	7.37069683316332e-74	59392
464	[-3.24629799e-38  9.53028300e-38]	1.0136474467802215e-74	59520
465	[-3.24629799e-38  9.53028300e-38]	1.0136474467802215e-74	59648
466	[-3.24629799e-38  9.53028300e-38]	1.0136474467802215e-74	59776
467	[-3.24629799e-38  9.53028300e-38]	1.0136474467802215e-74	59904
468	[-3.24629799e-38  9.53028300e-38]	1.0136474467802215e-74	60032
469	[-3.24629799e-38  9.53028300e-38]	1.0136474467802215e-74	60160
470	[-2.28269328e-38  9.72148538e-38]	9.971796668392524e-75	60288
471	[-2.28269328e-38  9.72148538e-38]	9.971796668392524e-75	60416
472	[-2.28269328e-38  9.72148538e-38]	9.971796668392524e-75	60544
473	[-2.28269328e-38  9.72148538e-38]	9.971796668392524e-75	60672
474	[-2.28269328e-38  9.72148538e-38]	9.971796668392524e-75	60800
475	[ 1.90112191e-38 -2.02273081e-38]	7.705704427802926e-76	60928
476	[ 1.90112191e-38 -2.02273081e-38]	7.705704427802926e-76	61056
477	[-1.67561164e-38 -3.27367402e-39]	2.9148437683798676e-76	61184
478	[-1.67561164e-38 -3.27367402e-39]	2.9148437683798676e-76	61312
479	[-1.67561164e-38 -3.27367402e-39]	2.9148437683798676e-76	61440
480	[-1.67561164e-38 -3.27367402e-39]	2.9148437683798676e-76	61568
481	[-1.67561164e-38 -3.27367402e-39]	2.9148437683798676e-76	61696
482	[-9.37987675e-39 -8.77182467e-39]	1.6492699582785015e-76	61824
483	[-9.37987675e-39 -8.77182467e-39]	1.6492699582785015e-76	61952
484	[ 5.96293371e-39 -2.08006943e-39]	3.988326719767627e-77	62080
485	[ 5.96293371e-39 -2.08006943e-39]	3.988326719767627e-77	62208
486	[ 5.96293371e-39 -2.08006943e-39]	3.988326719767627e-77	62336
487	[-4.99290046e-39  2.29352946e-39]	3.0189332389644023e-77	62464
488	[-4.00714940e-39 -1.52034521e-40]	1.608036078508e-77	62592
489	[-4.00714940e-39 -1.52034521e-40]	1.608036078508e-77	62720
490	[-7.05668158e-40  1.89714946e-39]	4.0971436378677334e-78	62848
491	[-7.05668158e-40  1.89714946e-39]	4.0971436378677334e-78	62976
492	[-7.05668158e-40  1.89714946e-39]	4.0971436378677334e-78	63104
493	[5.99779364e-40 9.53228037e-40]	1.2683789769503805e-78	63232
494	[-5.31037400e-40 -6.60832383e-40]	7.18700159167826e-79	63360
495	[-5.31037400e-40 -6.60832383e-40]	7.18700159167826e-79	63488
496	[-4.92235882e-40 -3.36873784e-40]	3.5578011007783957e-79	63616
497	[-4.92235882e-40 -3.36873784e-40]	3.5578011007783957e-79	63744
498	[-1.5056811e-40 -5.6935128e-40]	3.4683163630612934e-79	63872
499	[-1.5056811e-40 -5.6935128e-40]	3.4683163630612934e-79	64000
500	[-1.5056811e-40 -5.6935128e-40]	3.4683163630612934e-79	64128
501	[-1.5056811e-40 -5.6935128e-40]	3.4683163630612934e-79	64256
502	[-1.5056811e-40 -5.6935128e-40]	3.4683163630612934e-79	64384
503	[-4.27636631e-40 -2.81133078e-40]	2.6190889559349643e-79	64512
504	[ 1.92702147e-40 -1.84126409e-41]	3.747314272057086e-80	64640
505	[ 2.85355796e-41 -1.84126409e-41]	1.1533046499386695e-81	64768
506	[ 2.85355796e-41 -1.84126409e-41]	1.1533046499386695e-81	64896
507	[ 2.85355796e-41 -1.84126409e-41]	1.1533046499386695e-81	65024
508	[ 2.85355796e-41 -1.84126409e-41]	1.1533046499386695e-81	65152
509	[ 2.85355796e-41 -1.84126409e-41]	1.1533046499386695e-81	65280
510	[ 2.85355796e-41 -1.84126409e-41]	1.1533046499386695e-81	65408
511	[ 2.85355796e-41 -1.84126409e-41]	1.1533046499386695e-81	65536
512	[ 2.18902831e-41 -2.34032802e-42]	4.846616296678017e-82	65664
513	[ 2.18902831e-41 -2.34032802e-42]	4.846616296678017e-82	65792
514	[ 2.18902831e-41 -2.34032802e-42]	4.846616296678017e-82	65920
515	[ 2.18902831e-41 -2.34032802e-42]	4.846616296678017e-82	66048
516	[ 2.18902831e-41 -2.34032802e-42]	4.846616296678017e-82	66176
517	[ 2.18902831e-41 -2.34032802e-42]	4.846616296678017e-82	66304
518	[ 2.18902831e-41 -2.34032802e-42]	4.846616296678017e-82	66432
519	[5.27522974e-42 2.12685837e-41]	4.8018070345308925e-82	66560
520	[-1.64292629e-41 -8.16362078e-42]	3.365653820865491e-82	66688
521	[ 1.22019719e-41 -2.34032802e-42]	1.543652535309351e-82	66816
522	[ 1.22019719e-41 -2.34032802e-42]	1.543652535309351e-82	66944
523	[2.68188402e-42 2.33690495e-42]	1.2653626622647709e-83	67072
524	[2.68188402e-42 2.33690495e-42]	1.2653626622647709e-83	67200
525	[2.68188402e-42 2.33690495e-42]	1.2653626622647709e-83	67328
526	[2.68188402e-42 2.33690495e-42]	1.2653626622647709e-83	67456
527	[2.68188402e-42 2.33690495e-42]	1.2653626622647709e-83	67584
528	[ 3.48980811e-42 -2.90354307e-43]	1.226306628661062e-83	67712
529	[ 3.48980811e-42 -2.90354307e-43]	1.226306628661062e-83	67840
530	[2.93214867e-42 3.10519848e-43]	8.693918408317858e-84	67968
531	[2.25565670e-42 4.73475363e-44]	5.090228926803666e-84	68096
532	[2.25565670e-42 4.73475363e-44]	5.090228926803666e-84	68224
533	[2.25565670e-42 4.73475363e-44]	5.090228926803666e-84	68352
534	[-7.29071505e-43 -3.32304507e-43]	6.419715444373502e-85	68480
535	[-7.29071505e-43 -3.32304507e-43]	6.419715444373502e-85	68608
536	[-7.29071505e-43 -3.32304507e-43]	6.419715444373502e-85	68736
537	[-7.29071505e-43 -3.32304507e-43]	6.419715444373502e-85	68864
538	[-7.29071505e-43 -3.32304507e-43]	6.419715444373502e-85	68992
539	[-7.29071505e-43 -3.32304507e-43]	6.419715444373502e-85	69120
540	[-7.29071505e-43 -3.32304507e-43]	6.419715444373502e-85	69248
541	[ 4.09885371e-44 -4.69800365e-43]	2.2239244268475457e-85	69376
542	[ 4.09885371e-44 -4.69800365e-43]	2.2239244268475457e-85	69504
543	[ 4.09885371e-44 -4.69800365e-43]	2.2239244268475457e-85	69632
544	[ 3.83454676e-44 -4.26619324e-43]	1.834744226944421e-85	69760
545	[-3.44356679e-43 -1.06139159e-43]	1.2984704319900403e-85	69888
546	[1.40160809e-43 2.34023169e-43]	7.441189600604483e-86	70016
547	[-3.16652602e-44 -6.89668193e-44]	5.759110867931422e-87	70144
548	[-3.16652602e-44 -6.89668193e-44]	5.759110867931422e-87	70272
549	[-3.16652602e-44 -6.89668193e-44]	5.759110867931422e-87	70400
550	[-3.16652602e-44 -6.89668193e-44]	5.759110867931422e-87	70528
551	[-7.65017283e-45  1.00539820e-44]	1.5960769786738884e-88	70656
552	[-7.65017283e-45  1.00539820e-44]	1.5960769786738884e-88	70784
553	[-7.65017283e-45  1.00539820e-44]	1.5960769786738884e-88	70912
554	[-7.65017283e-45  1.00539820e-44]	1.5960769786738884e-88	71040
555	[-7.65017283e-45  1.00539820e-44]	1.5960769786738884e-88	71168
556	[2.64090599e-45 1.00539820e-44]	1.0805693798288034e-88	71296
557	[2.64090599e-45 1.00539820e-44]	1.0805693798288034e-88	71424
558	[2.64090599e-45 1.00539820e-44]	1.0805693798288034e-88	71552
559	[2.64090599e-45 1.00539820e-44]	1.0805693798288034e-88	71680
560	[-8.47398198e-45  1.73094208e-45]	7.480453101805981e-89	71808
561	[-8.47398198e-45  1.73094208e-45]	7.480453101805981e-89	71936
562	[2.81380943e-45 7.47744621e-45]	6.38297252517774e-89	72064
563	[2.81380943e-45 7.47744621e-45]	6.38297252517774e-89	72192
564	[2.81380943e-45 7.47744621e-45]	6.38297252517774e-89	72320
565	[2.81380943e-45 7.47744621e-45]	6.38297252517774e-89	72448
566	[2.64090599e-45 3.72871865e-45]	2.0877727188987627e-89	72576
567	[2.64090599e-45 3.72871865e-45]	2.0877727188987627e-89	72704
568	[-1.13741105e-45  3.89309000e-45]	1.6449853655166363e-89	72832
569	[-4.01428141e-46  2.49502541e-45]	6.386296325301558e-90	72960
570	[ 1.33436325e-46 -1.89266511e-46]	5.362706502232682e-92	73088
571	[ 1.33436325e-46 -1.89266511e-46]	5.362706502232682e-92	73216
572	[ 1.33436325e-46 -1.89266511e-46]	5.362706502232682e-92	73344
573	[ 1.33436325e-46 -1.89266511e-46]	5.362706502232682e-92	73472
574	[ 1.33436325e-46 -1.89266511e-46]	5.362706502232682e-92	73600
575	[ 1.33436325e-46 -1.89266511e-46]	5.362706502232682e-92	73728
576	[ 1.33436325e-46 -1.89266511e-46]	5.362706502232682e-92	73856
577	[ 1.33436325e-46 -1.89266511e-46]	5.362706502232682e-92	73984
578	[ 1.33436325e-46 -1.89266511e-46]	5.362706502232682e-92	74112
579	[ 1.33436325e-46 -1.89266511e-46]	5.362706502232682e-92	74240
580	[ 1.33436325e-46 -1.89266511e-46]	5.362706502232682e-92	74368
581	[2.26834399e-47 1.18485944e-46]	1.4553457304630514e-92	74496
582	[2.26834399e-47 1.18485944e-46]	1.4553457304630514e-92	74624
583	[2.26834399e-47 1.18485944e-46]	1.4553457304630514e-92	74752
584	[2.26834399e-47 1.18485944e-46]	1.4553457304630514e-92	74880
585	[2.26834399e-47 1.18485944e-46]	1.4553457304630514e-92	75008
586	[2.26834399e-47 1.18485944e-46]	1.4553457304630514e-92	75136
587	[-2.13090265e-47  5.64701158e-48]	4.859633518832787e-94	75264
588	[-2.13090265e-47  5.64701158e-48]	4.859633518832787e-94	75392
589	[-2.13090265e-47  5.64701158e-48]	4.859633518832787e-94	75520
590	[-2.13090265e-47  5.64701158e-48]	4.859633518832787e-94	75648
591	[-2.13090265e-47  5.64701158e-48]	4.859633518832787e-94	75776
592	[-2.13090265e-47  5.64701158e-48]	4.859633518832787e-94	75904
593	[-2.13090265e-47  5.64701158e-48]	4.859633518832787e-94	76032
594	[-2.13090265e-47  5.64701158e-48]	4.859633518832787e-94	76160
595	[-2.13090265e-47  5.64701158e-48]	4.859633518832787e-94	76288
596	[-6.38492056e-48  1.30720162e-47]	2.1164481922156395e-94	76416
597	[-6.38492056e-48  1.30720162e-47]	2.1164481922156395e-94	76544
598	[-8.75471679e-48  8.14143252e-48]	1.429279896778007e-94	76672
599	[5.11996189e-49 2.17646922e-48]	4.99915836618065e-96	76800
600	[5.11996189e-49 2.17646922e-48]	4.99915836618065e-96	76928
601	[5.11996189e-49 2.17646922e-48]	4.99915836618065e-96	77056
602	[5.11996189e-49 2.17646922e-48]	4.99915836618065e-96	77184
603	[5.11996189e-49 2.17646922e-48]	4.99915836618065e-96	77312
604	[5.11996189e-49 2.17646922e-48]	4.99915836618065e-96	77440
605	[5.11996189e-49 2.17646922e-48]	4.99915836618065e-96	77568
606	[5.11996189e-49 2.17646922e-48]	4.99915836618065e-96	77696
607	[5.11996189e-49 2.17646922e-48]	4.99915836618065e-96	77824
608	[5.11996189e-49 2.17646922e-48]	4.99915836618065e-96	77952
609	[5.11996189e-49 2.17646922e-48]	4.99915836618065e-96	78080
610	[-9.62240577e-49 -9.08360488e-49]	1.7510257028677688e-96	78208
611	[-9.62240577e-49 -9.08360488e-49]	1.7510257028677688e-96	78336
612	[-9.62240577e-49 -9.08360488e-49]	1.7510257028677688e-96	78464
613	[-9.62240577e-49 -9.08360488e-49]	1.7510257028677688e-96	78592
614	[-1.20156953e-48  1.01736715e-49]	1.4541196882922302e-96	78720
615	[7.86710066e-49 1.34201275e-49]	6.369227106499166e-97	78848
616	[7.86710066e-49 1.34201275e-49]	6.369227106499166e-97	78976
617	[ 1.31981306e-49 -2.55388396e-49]	8.264229785909074e-98	79104
618	[ 1.31981306e-49 -2.55388396e-49]	8.264229785909074e-98	79232
619	[ 1.31981306e-49 -2.55388396e-49]	8.264229785909074e-98	79360
620	[-9.88981995e-51 -2.11187023e-49]	4.4697767284111293e-98	79488
621	[-9.88981995e-51 -2.11187023e-49]	4.4697767284111293e-98	79616
622	[-9.88981995e-51 -2.11187023e-49]	4.4697767284111293e-98	79744
623	[-9.88981995e-51 -2.11187023e-49]	4.4697767284111293e-98	79872
624	[-9.88981995e-51 -2.11187023e-49]	4.4697767284111293e-98	80000
625	[-2.19235709e-50  9.56922209e-50]	9.637644105007913e-99	80128
626	[-2.28669776e-50  8.55159330e-50]	7.835873465469461e-99	80256
627	[-1.97128605e-50  6.16191419e-50]	4.185515519716287e-99	80384
628	[-1.97128605e-50  6.16191419e-50]	4.185515519716287e-99	80512
629	[-2.36024147e-50  1.74288307e-50]	8.608381172924965e-100	80640
630	[-2.36024147e-50  1.74288307e-50]	8.608381172924965e-100	80768
631	[-2.36024147e-50  1.74288307e-50]	8.608381172924965e-100	80896
632	[ 2.60915520e-50 -6.09350921e-53]	6.807728004029321e-100	81024
633	[ 2.60915520e-50 -6.09350921e-53]	6.807728004029321e-100	81152
634	[-8.45986725e-51 -8.63373171e-51]	1.4611067718762287e-100	81280
635	[-8.45986725e-51 -8.63373171e-51]	1.4611067718762287e-100	81408
636	[-4.19884464e-51 -9.29713472e-51]	1.0406701036437003e-100	81536
637	[-4.19884464e-51 -9.29713472e-51]	1.0406701036437003e-100	81664
638	[-4.19884464e-51 -9.29713472e-51]	1.0406701036437003e-100	81792
639	[-4.19884464e-51 -9.29713472e-51]	1.0406701036437003e-100	81920
640	[-4.19884464e-51 -9.29713472e-51]	1.0406701036437003e-100	82048
641	[ 2.83705910e-52 -3.66171822e-51]	1.3488669401342743e-101	82176
642	[-1.49763851e-51  6.28812665e-52]	2.6383264792551467e-102	82304
643	[-1.49763851e-51  6.28812665e-52]	2.6383264792551467e-102	82432
644	[-1.49763851e-51  6.28812665e-52]	2.6383264792551467e-102	82560
645	[-1.49763851e-51  6.28812665e-52]	2.6383264792551467e-102	82688
646	[-1.49763851e-51  6.28812665e-52]	2.6383264792551467e-102	82816
647	[ 3.33520074e-52 -1.23731971e-51]	1.6421957025242014e-102	82944
648	[ 3.33520074e-52 -1.23731971e-51]	1.6421957025242014e-102	83072
649	[ 3.33520074e-52 -1.23731971e-51]	1.6421957025242014e-102	83200
650	[ 3.33520074e-52 -6.30858771e-52]	5.092184282874638e-103	83328
651	[ 3.33520074e-52 -6.30858771e-52]	5.092184282874638e-103	83456
652	[ 3.33520074e-52 -6.30858771e-52]	5.092184282874638e-103	83584
653	[ 3.33520074e-52 -6.30858771e-52]	5.092184282874638e-103	83712
654	[-4.82087646e-53 -2.38107013e-52]	5.90190348583905e-104	83840
655	[-4.82087646e-53 -2.38107013e-52]	5.90190348583905e-104	83968
656	[1.98768372e-53 5.92318444e-54]	4.3017276999094655e-106	84096
657	[1.98768372e-53 5.92318444e-54]	4.3017276999094655e-106	84224
658	[1.98768372e-53 5.92318444e-54]	4.3017276999094655e-106	84352
659	[1.98768372e-53 5.92318444e-54]	4.3017276999094655e-106	84480
660	[1.98768372e-53 5.92318444e-54]	4.3017276999094655e-106	84608
661	[1.98768372e-53 5.92318444e-54]	4.3017276999094655e-106	84736
662	[1.98768372e-53 5.92318444e-54]	4.3017276999094655e-106	84864
663	[1.98768372e-53 5.92318444e-54]	4.3017276999094655e-106	84992
664	[1.98768372e-53 5.92318444e-54]	4.3017276999094655e-106	85120
665	[1.98768372e-53 5.92318444e-54]	4.3017276999094655e-106	85248
666	[1.98768372e-53 5.92318444e-54]	4.3017276999094655e-106	85376
667	[1.98768372e-53 5.92318444e-54]	4.3017276999094655e-106	85504
668	[1.98768372e-53 5.92318444e-54]	4.3017276999094655e-106	85632
669	[1.98768372e-53 5.92318444e-54]	4.3017276999094655e-106	85760
670	[1.98768372e-53 5.92318444e-54]	4.3017276999094655e-106	85888
671	[1.98768372e-53 5.92318444e-54]	4.3017276999094655e-106	86016
672	[1.98768372e-53 5.92318444e-54]	4.3017276999094655e-106	86144
673	[6.52684769e-54 1.56767741e-53]	2.883609857365675e-106	86272
674	[6.52684769e-54 1.56767741e-53]	2.883609857365675e-106	86400
675	[6.52684769e-54 1.56767741e-53]	2.883609857365675e-106	86528
676	[8.61102843e-54 1.41809670e-53]	2.7524963432015416e-106	86656
677	[-8.54521388e-54  7.49353111e-54]	1.2917368875532505e-106	86784
678	[-2.65465747e-54 -1.76743610e-54]	1.0171036651800713e-107	86912
679	[-2.65465747e-54 -1.76743610e-54]	1.0171036651800713e-107	87040
680	[-2.65465747e-54 -1.76743610e-54]	1.0171036651800713e-107	87168
681	[-2.00782608e-54  1.80103969e-55]	4.063803012474347e-108	87296
682	[-2.00782608e-54  1.80103969e-55]	4.063803012474347e-108	87424
683	[-2.00782608e-54  1.80103969e-55]	4.063803012474347e-108	87552
684	[-2.00782608e-54  1.80103969e-55]	4.063803012474347e-108	87680
685	[-2.00782608e-54  1.80103969e-55]	4.063803012474347e-108	87808
686	[1.21196430e-54 6.66750096e-55]	1.9134131623525445e-108	87936
687	[ 1.20302868e-54 -1.39007206e-55]	1.466601015470445e-108	88064
688	[ 1.20302868e-54 -1.39007206e-55]	1.466601015470445e-108	88192
689	[-3.80799264e-55 -9.84146285e-55]	1.1135519889128909e-108	88320
690	[-3.80799264e-55 -9.84146285e-55]	1.1135519889128909e-108	88448
691	[-3.80799264e-55 -9.84146285e-55]	1.1135519889128909e-108	88576
692	[-3.80799264e-55 -9.84146285e-55]	1.1135519889128909e-108	88704
693	[4.26916813e-55 1.88343198e-55]	2.177311251934902e-109	88832
694	[2.88326276e-55 3.56106747e-55]	2.0994405621534076e-109	88960
695	[2.88326276e-55 3.56106747e-55]	2.0994405621534076e-109	89088
696	[1.21396292e-55 1.27928632e-55]	3.110279457621598e-110	89216
697	[5.48521698e-56 6.04486389e-56]	6.66279848223851e-111	89344
698	[5.48521698e-56 6.04486389e-56]	6.66279848223851e-111	89472
699	[5.48521698e-56 6.04486389e-56]	6.66279848223851e-111	89600
700	[5.48521698e-56 6.04486389e-56]	6.66279848223851e-111	89728
701	[5.48521698e-56 6.04486389e-56]	6.66279848223851e-111	89856
702	[5.48521698e-56 6.04486389e-56]	6.66279848223851e-111	89984
703	[5.48521698e-56 6.04486389e-56]	6.66279848223851e-111	90112
704	[5.48521698e-56 6.04486389e-56]	6.66279848223851e-111	90240
705	[-1.99765337e-56 -1.66482728e-56]	6.76226885591373e-112	90368
706	[-1.99765337e-56 -1.66482728e-56]	6.76226885591373e-112	90496
707	[-1.99765337e-56 -1.66482728e-56]	6.76226885591373e-112	90624
708	[-1.99765337e-56 -1.66482728e-56]	6.76226885591373e-112	90752
709	[-1.99765337e-56 -1.66482728e-56]	6.76226885591373e-112	90880
710	[-1.99765337e-56 -1.66482728e-56]	6.76226885591373e-112	91008
711	[2.32399682e-57 1.21554572e-57]	6.878512626132381e-114	91136
712	[2.32399682e-57 1.21554572e-57]	6.878512626132381e-114	91264
713	[2.32399682e-57 1.21554572e-57]	6.878512626132381e-114	91392
714	[2.32399682e-57 1.21554572e-57]	6.878512626132381e-114	91520
715	[2.32399682e-57 1.21554572e-57]	6.878512626132381e-114	91648
716	[2.32399682e-57 1.21554572e-57]	6.878512626132381e-114	91776
717	[6.17907731e-58 4.34899171e-58]	5.709472532594474e-115	91904
718	[6.17907731e-58 4.34899171e-58]	5.709472532594474e-115	92032
719	[6.17907731e-58 4.34899171e-58]	5.709472532594474e-115	92160
720	[6.17907731e-58 4.34899171e-58]	5.709472532594474e-115	92288
721	[6.17907731e-58 4.34899171e-58]	5.709472532594474e-115	92416
722	[6.17907731e-58 4.34899171e-58]	5.709472532594474e-115	92544
723	[6.17907731e-58 4.34899171e-58]	5.709472532594474e-115	92672
724	[6.17907731e-58 4.34899171e-58]	5.709472532594474e-115	92800
725	[6.17907731e-58 4.34899171e-58]	5.709472532594474e-115	92928
726	[6.17907731e-58 4.34899171e-58]	5.709472532594474e-115	93056
727	[6.17907731e-58 4.34899171e-58]	5.709472532594474e-115	93184
728	[6.17907731e-58 4.34899171e-58]	5.709472532594474e-115	93312
729	[6.17907731e-58 4.34899171e-58]	5.709472532594474e-115	93440
730	[6.17907731e-58 4.34899171e-58]	5.709472532594474e-115	93568
731	[1.98912410e-58 4.21795536e-58]	2.174776207564871e-115	93696
732	[ 3.93662664e-58 -2.38553460e-58]	2.1187804661104657e-115	93824
733	[ 3.93662664e-58 -2.38553460e-58]	2.1187804661104657e-115	93952
734	[ 1.12141673e-58 -3.80672134e-58]	1.5748702809674666e-115	94080
735	[7.58635194e-59 2.75654783e-58]	8.174083271261421e-116	94208
736	[7.58635194e-59 2.75654783e-58]	8.174083271261421e-116	94336
737	[7.78623491e-59 2.51705416e-59]	6.696101566542573e-117	94464
738	[7.78623491e-59 2.51705416e-59]	6.696101566542573e-117	94592
739	[7.78623491e-59 2.51705416e-59]	6.696101566542573e-117	94720
740	[7.78623491e-59 2.51705416e-59]	6.696101566542573e-117	94848
741	[7.78623491e-59 2.51705416e-59]	6.696101566542573e-117	94976
742	[7.78623491e-59 2.51705416e-59]	6.696101566542573e-117	95104
743	[7.78623491e-59 2.51705416e-59]	6.696101566542573e-117	95232
744	[4.45501354e-59 6.56599694e-60]	2.0278268800801074e-117	95360
745	[4.45501354e-59 6.56599694e-60]	2.0278268800801074e-117	95488
746	[4.45501354e-59 6.56599694e-60]	2.0278268800801074e-117	95616
747	[4.45501354e-59 6.56599694e-60]	2.0278268800801074e-117	95744
748	[4.45501354e-59 6.56599694e-60]	2.0278268800801074e-117	95872
749	[ 1.19302584e-59 -1.02168480e-59]	2.467150500170133e-118	96000
750	[ 1.19302584e-59 -1.02168480e-59]	2.467150500170133e-118	96128
751	[-1.02150512e-59 -3.87960750e-60]	1.1939862609149656e-118	96256
752	[-1.02150512e-59 -3.87960750e-60]	1.1939862609149656e-118	96384
753	[-1.02150512e-59 -3.87960750e-60]	1.1939862609149656e-118	96512
754	[-1.02150512e-59 -3.87960750e-60]	1.1939862609149656e-118	96640
755	[-1.02150512e-59 -3.87960750e-60]	1.1939862609149656e-118	96768
756	[ 8.45197743e-60 -4.51432213e-60]	9.181502683552083e-119	96896
757	[2.59526269e-60 2.29737702e-60]	1.2013329571204485e-119	97024
758	[2.59526269e-60 2.29737702e-60]	1.2013329571204485e-119	97152
759	[ 3.12991933e-60 -1.14578768e-60]	1.1109224416814485e-119	97280
760	[ 3.12991933e-60 -1.14578768e-60]	1.1109224416814485e-119	97408
761	[ 3.12991933e-60 -1.14578768e-60]	1.1109224416814485e-119	97536
762	[ 3.12991933e-60 -1.14578768e-60]	1.1109224416814485e-119	97664
763	[ 3.12991933e-60 -1.14578768e-60]	1.1109224416814485e-119	97792
764	[-1.41357217e-60  1.64624379e-60]	4.708304890664523e-120	97920
765	[-1.41357217e-60  1.64624379e-60]	4.708304890664523e-120	98048
766	[-1.41357217e-60  1.64624379e-60]	4.708304890664523e-120	98176
767	[-1.41357217e-60  1.64624379e-60]	4.708304890664523e-120	98304
768	[-1.41357217e-60  1.64624379e-60]	4.708304890664523e-120	98432
769	[ 2.03635339e-60 -4.73616745e-61]	4.3710479647654644e-120	98560
770	[ 5.29458690e-61 -2.03060476e-62]	2.8073883963802975e-121	98688
771	[ 3.96934813e-61 -1.08249713e-61]	1.6927524606764708e-121	98816
772	[-2.07130046e-61  1.31930888e-61]	6.030861513909132e-122	98944
773	[-2.07130046e-61  1.31930888e-61]	6.030861513909132e-122	99072
774	[-2.07130046e-61  1.31930888e-61]	6.030861513909132e-122	99200
775	[ 2.07411180e-61 -1.08249713e-61]	5.473739803872538e-122	99328
776	[ 2.07411180e-61 -1.08249713e-61]	5.473739803872538e-122	99456
777	[ 2.07411180e-61 -1.08249713e-61]	5.473739803872538e-122	99584
778	[ 1.7490809e-61 -1.0477266e-61]	4.1570150338125254e-122	99712
779	[-7.71868412e-62 -5.91187934e-62]	9.45284018384564e-123	99840
780	[-7.71868412e-62 -5.91187934e-62]	9.45284018384564e-123	99968
781	[-7.71868412e-62 -5.91187934e-62]	9.45284018384564e-123	100096
#Result: mean = 0.00038232042671566683	std = 0.008781132595904883