#GEN	x_best	f(x_best)	#eval
0	[0.03051406 0.45168497]	0.20495041636673278	128
1	[-0.07111579 -0.30022136]	0.09519031871563148	256
2	[-0.07111579 -0.30022136]	0.09519031871563148	384
3	[-0.07111579 -0.30022136]	0.09519031871563148	512
4	[-0.07111579 -0.30022136]	0.09519031871563148	640
5	[-0.07111579 -0.30022136]	0.09519031871563148	768
6	[-0.11633888  0.06857296]	0.01823698524257127	896
7	[-0.11633888  0.06857296]	0.01823698524257127	1024
8	[-0.11633888  0.06857296]	0.01823698524257127	1152
9	[-0.07444311  0.10257173]	0.016062736060220476	1280
10	[-0.07444311  0.10257173]	0.016062736060220476	1408
11	[0.08173435 0.05953205]	0.010224570035975121	1536
12	[-0.08731355 -0.04409158]	0.00956772303512796	1664
13	[-0.07444311  0.05211556]	0.008257808260913761	1792
14	[-0.07444311  0.05211556]	0.008257808260913761	1920
15	[-0.01858244  0.07429702]	0.0058653540115433675	2048
16	[0.0028495  0.06458514]	0.004179360091288619	2176
17	[0.03355397 0.03736492]	0.0025220065630561757	2304
18	[ 0.02975321 -0.01202974]	0.0010299681474882551	2432
19	[ 0.00339029 -0.00772753]	7.120874355557886e-05	2560
20	[ 0.00339029 -0.00772753]	7.120874355557886e-05	2688
21	[ 0.00339029 -0.00772753]	7.120874355557886e-05	2816
22	[ 0.00339029 -0.00772753]	7.120874355557886e-05	2944
23	[-0.00264151  0.002751  ]	1.4545548787308007e-05	3072
24	[-0.00264151  0.002751  ]	1.4545548787308007e-05	3200
25	[-2.64150577e-03 -1.12366370e-05]	6.977679018616236e-06	3328
26	[-2.64150577e-03 -1.12366370e-05]	6.977679018616236e-06	3456
27	[ 0.00037137 -0.00052759]	4.162698182831999e-07	3584
28	[ 0.00037137 -0.00052759]	4.162698182831999e-07	3712
29	[ 0.00037137 -0.00052759]	4.162698182831999e-07	3840
30	[ 0.00037137 -0.00052759]	4.162698182831999e-07	3968
31	[ 0.00037137 -0.00052759]	4.162698182831999e-07	4096
32	[ 0.00037137 -0.00052759]	4.162698182831999e-07	4224
33	[ 0.00037137 -0.00052759]	4.162698182831999e-07	4352
34	[ 0.00037137 -0.00052759]	4.162698182831999e-07	4480
35	[ 0.00037137 -0.00052759]	4.162698182831999e-07	4608
36	[ 0.00037137 -0.00052759]	4.162698182831999e-07	4736
37	[-8.70236709e-05  4.48173105e-04]	2.0843225117128976e-07	4864
38	[3.81728948e-05 3.35295459e-05]	2.581400347635488e-09	4992
39	[3.81728948e-05 3.35295459e-05]	2.581400347635488e-09	5120
40	[3.81728948e-05 3.35295459e-05]	2.581400347635488e-09	5248
41	[3.81728948e-05 3.35295459e-05]	2.581400347635488e-09	5376
42	[3.81728948e-05 3.35295459e-05]	2.581400347635488e-09	5504
43	[3.81728948e-05 3.35295459e-05]	2.581400347635488e-09	5632
44	[3.81728948e-05 3.35295459e-05]	2.581400347635488e-09	5760
45	[3.81728948e-05 3.35295459e-05]	2.581400347635488e-09	5888
46	[3.81728948e-05 3.35295459e-05]	2.581400347635488e-09	6016
47	[3.81728948e-05 3.35295459e-05]	2.581400347635488e-09	6144
48	[3.81728948e-05 3.35295459e-05]	2.581400347635488e-09	6272
49	[3.81728948e-05 3.35295459e-05]	2.581400347635488e-09	6400
50	[3.81728948e-05 3.35295459e-05]	2.581400347635488e-09	6528
51	[3.81728948e-05 3.35295459e-05]	2.581400347635488e-09	6656
52	[3.81728948e-05 3.35295459e-05]	2.581400347635488e-09	6784
53	[9.63165565e-07 2.33160589e-05]	5.445662923582442e-10	6912
54	[9.63165565e-07 2.33160589e-05]	5.445662923582442e-10	7040
55	[9.63165565e-07 2.33160589e-05]	5.445662923582442e-10	7168
56	[9.63165565e-07 2.33160589e-05]	5.445662923582442e-10	7296
57	[9.63165565e-07 2.33160589e-05]	5.445662923582442e-10	7424
58	[-4.36093805e-07 -1.06876035e-05]	1.1441504660265858e-10	7552
59	[-4.36093805e-07 -1.06876035e-05]	1.1441504660265858e-10	7680
60	[-4.36093805e-07 -1.06876035e-05]	1.1441504660265858e-10	7808
61	[-4.36093805e-07 -1.06876035e-05]	1.1441504660265858e-10	7936
62	[ 4.02826895e-07 -5.00457664e-06]	2.520805684664402e-11	8064
63	[ 4.02826895e-07 -5.00457664e-06]	2.520805684664402e-11	8192
64	[ 4.02826895e-07 -5.00457664e-06]	2.520805684664402e-11	8320
65	[-3.73551029e-08  1.81403305e-06]	3.292111318900027e-12	8448
66	[-3.73551029e-08  1.81403305e-06]	3.292111318900027e-12	8576
67	[-3.73551029e-08  1.81403305e-06]	3.292111318900027e-12	8704
68	[-1.47175979e-06  6.21098895e-07]	2.5518407291367866e-12	8832
69	[-1.47175979e-06  6.21098895e-07]	2.5518407291367866e-12	8960
70	[-1.47175979e-06  6.21098895e-07]	2.5518407291367866e-12	9088
71	[-1.47175979e-06  6.21098895e-07]	2.5518407291367866e-12	9216
72	[-1.47175979e-06  6.21098895e-07]	2.5518407291367866e-12	9344
73	[-1.47175979e-06  6.21098895e-07]	2.5518407291367866e-12	9472
74	[ 9.18944674e-08 -8.93172054e-07]	8.062009115537409e-13	9600
75	[ 3.07222142e-07 -9.67065950e-08]	1.0373760980692024e-13	9728
76	[-1.87261221e-07  1.43415742e-07]	5.5634840010010744e-14	9856
77	[-1.87261221e-07  1.43415742e-07]	5.5634840010010744e-14	9984
78	[-1.87261221e-07  1.43415742e-07]	5.5634840010010744e-14	10112
79	[-1.87261221e-07  1.43415742e-07]	5.5634840010010744e-14	10240
80	[-1.87261221e-07  1.43415742e-07]	5.5634840010010744e-14	10368
81	[-1.87261221e-07  1.43415742e-07]	5.5634840010010744e-14	10496
82	[-1.87261221e-07  1.43415742e-07]	5.5634840010010744e-14	10624
83	[-1.87261221e-07  1.43415742e-07]	5.5634840010010744e-14	10752
84	[ 5.00393933e-08 -1.06917448e-07]	1.3935281565793422e-14	10880
85	[ 5.00393933e-08 -1.06917448e-07]	1.3935281565793422e-14	11008
86	[4.83195580e-08 4.45482796e-08]	4.319328904453012e-15	11136
87	[ 6.84567100e-10 -4.98238844e-08]	2.4828880839719134e-15	11264
88	[ 6.84567100e-10 -4.98238844e-08]	2.4828880839719134e-15	11392
89	[3.05506642e-08 1.46518496e-08]	1.1480197757326596e-15	11520
90	[3.05506642e-08 1.46518496e-08]	1.1480197757326596e-15	11648
91	[3.05506642e-08 1.46518496e-08]	1.1480197757326596e-15	11776
92	[3.05506642e-08 1.46518496e-08]	1.1480197757326596e-15	11904
93	[3.05506642e-08 1.46518496e-08]	1.1480197757326596e-15	12032
94	[1.42105771e-08 8.84614284e-10]	2.0272304262208533e-16	12160
95	[-1.06326435e-09 -6.33706097e-09]	4.128887284439335e-17	12288
96	[-1.06326435e-09 -6.33706097e-09]	4.128887284439335e-17	12416
97	[-1.06326435e-09 -6.33706097e-09]	4.128887284439335e-17	12544
98	[-1.06326435e-09 -6.33706097e-09]	4.128887284439335e-17	12672
99	[-1.06326435e-09 -6.33706097e-09]	4.128887284439335e-17	12800
100	[-1.06326435e-09 -6.33706097e-09]	4.128887284439335e-17	12928
101	[-2.28349142e-09 -4.58121956e-09]	2.620190571740397e-17	13056
102	[-2.28349142e-09 -4.58121956e-09]	2.620190571740397e-17	13184
103	[-2.28349142e-09 -4.58121956e-09]	2.620190571740397e-17	13312
104	[1.39768880e-09 3.73000087e-09]	1.586644045229002e-17	13440
105	[1.39768880e-09 3.73000087e-09]	1.586644045229002e-17	13568
106	[1.39768880e-09 3.73000087e-09]	1.586644045229002e-17	13696
107	[6.79261529e-10 3.48912726e-09]	1.263540522987935e-17	13824
108	[-7.70486041e-10 -1.42797143e-09]	2.6327511450588606e-18	13952
109	[-1.06326435e-09  1.04150047e-09]	2.2152543012918328e-18	14080
110	[-1.06326435e-09  1.04150047e-09]	2.2152543012918328e-18	14208
111	[1.07144083e-09 1.00276462e-09]	2.153522328638281e-18	14336
112	[-8.85089304e-10  2.34831088e-10]	8.385287161390018e-19	14464
113	[ 2.54632677e-10 -7.36961405e-10]	6.079499133345188e-19	14592
114	[-6.75463744e-11 -7.04208758e-10]	5.004724880676468e-19	14720
115	[-6.75463744e-11 -7.04208758e-10]	5.004724880676468e-19	14848
116	[-6.75463744e-11 -7.04208758e-10]	5.004724880676468e-19	14976
117	[-4.27528203e-10 -6.55097780e-11]	1.870718953166312e-19	15104
118	[-2.18946132e-10  5.92574804e-11]	5.144885766522123e-20	15232
119	[-2.18946132e-10  5.92574804e-11]	5.144885766522123e-20	15360
120	[-2.18946132e-10  5.92574804e-11]	5.144885766522123e-20	15488
121	[-2.72803054e-11 -6.42727715e-11]	4.8752042222097826e-21	15616
122	[-2.72803054e-11 -6.42727715e-11]	4.8752042222097826e-21	15744
123	[-2.72803054e-11  1.13212828e-11]	8.723865042597086e-22	15872
124	[-2.72803054e-11  1.13212828e-11]	8.723865042597086e-22	16000
125	[-2.72803054e-11  1.13212828e-11]	8.723865042597086e-22	16128
126	[-2.72803054e-11  1.13212828e-11]	8.723865042597086e-22	16256
127	[-2.72803054e-11  1.13212828e-11]	8.723865042597086e-22	16384
128	[-2.72803054e-11  1.13212828e-11]	8.723865042597086e-22	16512
129	[-2.72803054e-11  1.13212828e-11]	8.723865042597086e-22	16640
130	[-2.72803054e-11  1.13212828e-11]	8.723865042597086e-22	16768
131	[1.48276304e-11 2.20580785e-11]	7.064174515208803e-22	16896
132	[1.48276304e-11 2.20580785e-11]	7.064174515208803e-22	17024
133	[-3.37176726e-12 -2.42531126e-11]	5.9958228286585805e-22	17152
134	[-6.68034734e-12 -3.99214187e-12]	6.056423724804511e-23	17280
135	[-6.68034734e-12 -3.99214187e-12]	6.056423724804511e-23	17408
136	[-6.68034734e-12 -3.99214187e-12]	6.056423724804511e-23	17536
137	[3.44913404e-12 6.78125117e-13]	1.2356379277083531e-23	17664
138	[3.44913404e-12 6.78125117e-13]	1.2356379277083531e-23	17792
139	[3.44913404e-12 6.78125117e-13]	1.2356379277083531e-23	17920
140	[3.44913404e-12 6.78125117e-13]	1.2356379277083531e-23	18048
141	[3.44913404e-12 6.78125117e-13]	1.2356379277083531e-23	18176
142	[3.44913404e-12 6.78125117e-13]	1.2356379277083531e-23	18304
143	[3.44913404e-12 6.78125117e-13]	1.2356379277083531e-23	18432
144	[ 2.67496050e-13 -1.87386169e-12]	3.582911763707008e-24	18560
145	[ 2.67496050e-13 -1.87386169e-12]	3.582911763707008e-24	18688
146	[ 2.67496050e-13 -1.87386169e-12]	3.582911763707008e-24	18816
147	[ 2.67496050e-13 -1.87386169e-12]	3.582911763707008e-24	18944
148	[6.02568806e-14 7.57648177e-13]	5.776616515741703e-25	19072
149	[6.02568806e-14 7.57648177e-13]	5.776616515741703e-25	19200
150	[ 5.77299320e-13 -9.90439313e-14]	3.43084205584663e-25	19328
151	[ 5.77299320e-13 -9.90439313e-14]	3.43084205584663e-25	19456
152	[ 5.77299320e-13 -9.90439313e-14]	3.43084205584663e-25	19584
153	[ 1.52081211e-13 -5.34460642e-13]	3.0877687288882555e-25	19712
154	[-2.67052404e-14  2.77745718e-13]	7.785585347456778e-26	19840
155	[4.17460627e-14 9.83551938e-14]	1.141647790143034e-26	19968
156	[4.17460627e-14 9.83551938e-14]	1.141647790143034e-26	20096
157	[4.17460627e-14 9.83551938e-14]	1.141647790143034e-26	20224
158	[4.17460627e-14 9.83551938e-14]	1.141647790143034e-26	20352
159	[4.17460627e-14 9.83551938e-14]	1.141647790143034e-26	20480
160	[4.17460627e-14 9.83551938e-14]	1.141647790143034e-26	20608
161	[9.51555489e-14 1.66900643e-14]	9.333136735279307e-27	20736
162	[9.51555489e-14 1.66900643e-14]	9.333136735279307e-27	20864
163	[2.71392199e-14 2.95144660e-14]	1.6076409564897086e-27	20992
164	[2.71392199e-14 2.95144660e-14]	1.6076409564897086e-27	21120
165	[2.71392199e-14 2.95144660e-14]	1.6076409564897086e-27	21248
166	[2.71392199e-14 2.95144660e-14]	1.6076409564897086e-27	21376
167	[-1.64975915e-14  1.71659674e-14]	5.668409643153315e-28	21504
168	[-1.64975915e-14  1.71659674e-14]	5.668409643153315e-28	21632
169	[-2.08834173e-14 -1.14079680e-14]	5.662588513029758e-28	21760
170	[-2.08834173e-14 -1.14079680e-14]	5.662588513029758e-28	21888
171	[-2.08834173e-14 -1.14079680e-14]	5.662588513029758e-28	22016
172	[-2.08834173e-14 -1.14079680e-14]	5.662588513029758e-28	22144
173	[9.61641752e-15 6.37723111e-15]	1.3314456258005672e-28	22272
174	[-3.16953329e-15  4.72186791e-15]	3.234197780111568e-29	22400
175	[-3.16953329e-15  4.72186791e-15]	3.234197780111568e-29	22528
176	[-3.16953329e-15  4.72186791e-15]	3.234197780111568e-29	22656
177	[-3.16953329e-15  4.72186791e-15]	3.234197780111568e-29	22784
178	[ 5.42546643e-16 -3.80431832e-15]	1.476719474356481e-29	22912
179	[ 5.42546643e-16 -3.80431832e-15]	1.476719474356481e-29	23040
180	[-2.62281598e-15 -2.53857381e-16]	6.94360724582587e-30	23168
181	[1.03940922e-15 4.12647453e-16]	1.2506494441695816e-30	23296
182	[1.03940922e-15 4.12647453e-16]	1.2506494441695816e-30	23424
183	[1.03940922e-15 4.12647453e-16]	1.2506494441695816e-30	23552
184	[1.03940922e-15 4.12647453e-16]	1.2506494441695816e-30	23680
185	[1.03940922e-15 4.12647453e-16]	1.2506494441695816e-30	23808
186	[1.03940922e-15 4.12647453e-16]	1.2506494441695816e-30	23936
187	[1.03940922e-15 4.12647453e-16]	1.2506494441695816e-30	24064
188	[-1.27615475e-16 -6.52792625e-16]	4.424239201042165e-31	24192
189	[-1.27615475e-16 -6.52792625e-16]	4.424239201042165e-31	24320
190	[ 1.29509013e-16 -4.62944887e-17]	1.8915764137622183e-32	24448
191	[ 1.29509013e-16 -4.62944887e-17]	1.8915764137622183e-32	24576
192	[ 1.29509013e-16 -4.62944887e-17]	1.8915764137622183e-32	24704
193	[ 1.29509013e-16 -4.62944887e-17]	1.8915764137622183e-32	24832
194	[ 1.29509013e-16 -4.62944887e-17]	1.8915764137622183e-32	24960
195	[ 1.29509013e-16 -4.62944887e-17]	1.8915764137622183e-32	25088
196	[-3.43154030e-17 -9.00616763e-17]	9.288652424997284e-33	25216
197	[-3.43154030e-17 -9.00616763e-17]	9.288652424997284e-33	25344
198	[-3.43154030e-17 -9.00616763e-17]	9.288652424997284e-33	25472
199	[-3.43154030e-17 -9.00616763e-17]	9.288652424997284e-33	25600
200	[-5.27259232e-17 -1.80559192e-17]	3.106039197213421e-33	25728
201	[-5.27259232e-17 -1.80559192e-17]	3.106039197213421e-33	25856
202	[-5.27259232e-17 -1.80559192e-17]	3.106039197213421e-33	25984
203	[-3.40781214e-17  1.42044006e-17]	1.3630833561109889e-33	26112
204	[-3.40781214e-17  1.42044006e-17]	1.3630833561109889e-33	26240
205	[-3.40781214e-17  1.42044006e-17]	1.3630833561109889e-33	26368
206	[-3.40781214e-17  1.42044006e-17]	1.3630833561109889e-33	26496
207	[-9.46031467e-18  1.63648112e-17]	3.573045985852681e-34	26624
208	[-9.46031467e-18  1.63648112e-17]	3.573045985852681e-34	26752
209	[-9.46031467e-18  1.63648112e-17]	3.573045985852681e-34	26880
210	[-9.46031467e-18  1.63648112e-17]	3.573045985852681e-34	27008
211	[-9.46031467e-18  1.63648112e-17]	3.573045985852681e-34	27136
212	[4.17200721e-18 6.24136007e-18]	5.636021972507001e-35	27264
213	[4.17200721e-18 6.24136007e-18]	5.636021972507001e-35	27392
214	[-4.90827570e-19  3.54805184e-19]	3.6679842144059636e-37	27520
215	[-4.90827570e-19  3.54805184e-19]	3.6679842144059636e-37	27648
216	[-4.90827570e-19  3.54805184e-19]	3.6679842144059636e-37	27776
217	[-4.90827570e-19  3.54805184e-19]	3.6679842144059636e-37	27904
218	[-4.90827570e-19  3.54805184e-19]	3.6679842144059636e-37	28032
219	[-4.90827570e-19  3.54805184e-19]	3.6679842144059636e-37	28160
220	[-4.90827570e-19  3.54805184e-19]	3.6679842144059636e-37	28288
221	[-4.90827570e-19  3.54805184e-19]	3.6679842144059636e-37	28416
222	[-4.90827570e-19  3.54805184e-19]	3.6679842144059636e-37	28544
223	[-4.90827570e-19  3.54805184e-19]	3.6679842144059636e-37	28672
224	[-4.90827570e-19  3.54805184e-19]	3.6679842144059636e-37	28800
225	[-4.90827570e-19  3.54805184e-19]	3.6679842144059636e-37	28928
226	[-4.90827570e-19  3.54805184e-19]	3.6679842144059636e-37	29056
227	[-4.90827570e-19  3.54805184e-19]	3.6679842144059636e-37	29184
228	[-3.71069780e-19  2.58634055e-19]	2.045843558903408e-37	29312
229	[2.88345495e-19 3.19944867e-19]	1.8550784230818942e-37	29440
230	[2.88345495e-19 3.19944867e-19]	1.8550784230818942e-37	29568
231	[2.88345495e-19 3.19944867e-19]	1.8550784230818942e-37	29696
232	[2.88345495e-19 3.19944867e-19]	1.8550784230818942e-37	29824
233	[2.88345495e-19 3.19944867e-19]	1.8550784230818942e-37	29952
234	[-1.99431934e-20  2.39046992e-19]	5.75411951581155e-38	30080
235	[-1.59069020e-19  1.29713459e-20]	2.547120891318516e-38	30208
236	[-1.59069020e-19  1.29713459e-20]	2.547120891318516e-38	30336
237	[-9.00163119e-20  9.46091880e-20]	1.7053834852163479e-38	30464
238	[-2.97673444e-21 -8.11811351e-20]	6.599237638873889e-39	30592
239	[-2.97673444e-21 -8.11811351e-20]	6.599237638873889e-39	30720
240	[-2.97673444e-21 -8.11811351e-20]	6.599237638873889e-39	30848
241	[-2.97673444e-21 -8.11811351e-20]	6.599237638873889e-39	30976
242	[-2.97673444e-21 -8.11811351e-20]	6.599237638873889e-39	31104
243	[2.81567202e-20 2.81137635e-21]	8.007047296392303e-40	31232
244	[2.81567202e-20 2.81137635e-21]	8.007047296392303e-40	31360
245	[2.81567202e-20 2.81137635e-21]	8.007047296392303e-40	31488
246	[ 1.04429638e-20 -1.62159277e-20]	3.720118032566869e-40	31616
247	[ 7.09989822e-21 -8.98911932e-21]	1.3121282073711453e-40	31744
248	[ 7.09989822e-21 -8.98911932e-21]	1.3121282073711453e-40	31872
249	[ 7.09989822e-21 -8.98911932e-21]	1.3121282073711453e-40	32000
250	[3.82199974e-21 4.84301604e-21]	3.8062486414772173e-41	32128
251	[3.82199974e-21 4.84301604e-21]	3.8062486414772173e-41	32256
252	[2.30922434e-21 4.44927169e-21]	2.5128535654903254e-41	32384
253	[2.30922434e-21 4.44927169e-21]	2.5128535654903254e-41	32512
254	[2.30922434e-21 4.44927169e-21]	2.5128535654903254e-41	32640
255	[2.30922434e-21 4.44927169e-21]	2.5128535654903254e-41	32768
256	[2.30922434e-21 4.44927169e-21]	2.5128535654903254e-41	32896
257	[2.30922434e-21 4.44927169e-21]	2.5128535654903254e-41	33024
258	[3.98123109e-21 1.48729563e-21]	1.806224928401538e-41	33152
259	[3.98123109e-21 1.48729563e-21]	1.806224928401538e-41	33280
260	[3.98123109e-21 1.48729563e-21]	1.806224928401538e-41	33408
261	[4.81508309e-22 8.50434121e-22]	9.550884452826132e-43	33536
262	[4.81508309e-22 8.50434121e-22]	9.550884452826132e-43	33664
263	[4.81508309e-22 8.50434121e-22]	9.550884452826132e-43	33792
264	[4.81508309e-22 8.50434121e-22]	9.550884452826132e-43	33920
265	[-6.31611265e-22 -3.53327748e-23]	4.001811946048918e-43	34048
266	[ 1.21591369e-22 -8.56016542e-23]	2.2112104112526103e-44	34176
267	[ 1.21591369e-22 -8.56016542e-23]	2.2112104112526103e-44	34304
268	[ 1.21591369e-22 -8.56016542e-23]	2.2112104112526103e-44	34432
269	[ 1.21591369e-22 -8.56016542e-23]	2.2112104112526103e-44	34560
270	[ 1.21591369e-22 -8.56016542e-23]	2.2112104112526103e-44	34688
271	[ 1.21591369e-22 -8.56016542e-23]	2.2112104112526103e-44	34816
272	[ 1.21591369e-22 -8.56016542e-23]	2.2112104112526103e-44	34944
273	[ 1.21591369e-22 -8.56016542e-23]	2.2112104112526103e-44	35072
274	[ 1.21591369e-22 -8.56016542e-23]	2.2112104112526103e-44	35200
275	[ 1.21591369e-22 -8.56016542e-23]	2.2112104112526103e-44	35328
276	[ 1.21591369e-22 -8.56016542e-23]	2.2112104112526103e-44	35456
277	[ 1.21591369e-22 -8.56016542e-23]	2.2112104112526103e-44	35584
278	[ 3.73119013e-23 -1.04577469e-22]	1.2328624946303422e-44	35712
279	[-6.99384976e-23 -6.66583544e-23]	9.334729664308145e-45	35840
280	[5.37338503e-23 2.34277065e-23]	3.4361840977011804e-45	35968
281	[5.37338503e-23 2.34277065e-23]	3.4361840977011804e-45	36096
282	[5.37338503e-23 2.34277065e-23]	3.4361840977011804e-45	36224
283	[5.37338503e-23 2.34277065e-23]	3.4361840977011804e-45	36352
284	[5.37338503e-23 2.34277065e-23]	3.4361840977011804e-45	36480
285	[ 2.90786493e-23 -2.21554330e-23]	1.3364310563679844e-45	36608
286	[ 2.90786493e-23 -2.21554330e-23]	1.3364310563679844e-45	36736
287	[-9.21479499e-24  2.89512366e-23]	9.230865458206985e-46	36864
288	[-9.21479499e-24  2.89512366e-23]	9.230865458206985e-46	36992
289	[7.75029893e-24 6.96441747e-24]	1.0857024415379646e-46	37120
290	[7.75029893e-24 6.96441747e-24]	1.0857024415379646e-46	37248
291	[-5.51916897e-24  7.14933663e-24]	8.157424036656731e-47	37376
292	[-5.51916897e-24  7.14933663e-24]	8.157424036656731e-47	37504
293	[-5.51916897e-24  7.14933663e-24]	8.157424036656731e-47	37632
294	[-2.52134810e-24 -3.70667491e-24]	2.0096635168380748e-47	37760
295	[-2.52134810e-24 -3.70667491e-24]	2.0096635168380748e-47	37888
296	[-2.52134810e-24 -3.70667491e-24]	2.0096635168380748e-47	38016
297	[-2.52134810e-24 -3.70667491e-24]	2.0096635168380748e-47	38144
298	[-1.36217239e-25  4.95508629e-25]	2.6408393781761893e-49	38272
299	[-1.36217239e-25  4.95508629e-25]	2.6408393781761893e-49	38400
300	[-1.36217239e-25  4.95508629e-25]	2.6408393781761893e-49	38528
301	[-1.36217239e-25  4.95508629e-25]	2.6408393781761893e-49	38656
302	[-1.36217239e-25  4.95508629e-25]	2.6408393781761893e-49	38784
303	[-1.36217239e-25  4.95508629e-25]	2.6408393781761893e-49	38912
304	[-1.36217239e-25  4.95508629e-25]	2.6408393781761893e-49	39040
305	[-1.36217239e-25  4.95508629e-25]	2.6408393781761893e-49	39168
306	[-1.36217239e-25  4.95508629e-25]	2.6408393781761893e-49	39296
307	[-1.36217239e-25  4.95508629e-25]	2.6408393781761893e-49	39424
308	[-1.36217239e-25  4.95508629e-25]	2.6408393781761893e-49	39552
309	[-1.36217239e-25  4.95508629e-25]	2.6408393781761893e-49	39680
310	[-1.36217239e-25  4.95508629e-25]	2.6408393781761893e-49	39808
311	[-3.44163713e-25  1.63933904e-25]	1.4532298652608506e-49	39936
312	[-3.44163713e-25  1.63933904e-25]	1.4532298652608506e-49	40064
313	[-3.37249324e-25 -1.08312234e-25]	1.2546864635088388e-49	40192
314	[-6.08860344e-26 -3.04348434e-26]	4.6333888791817425e-51	40320
315	[-6.08860344e-26 -3.04348434e-26]	4.6333888791817425e-51	40448
316	[-6.08860344e-26 -3.04348434e-26]	4.6333888791817425e-51	40576
317	[-6.08860344e-26 -3.04348434e-26]	4.6333888791817425e-51	40704
318	[-6.08860344e-26 -3.04348434e-26]	4.6333888791817425e-51	40832
319	[-6.08860344e-26 -3.04348434e-26]	4.6333888791817425e-51	40960
320	[-6.08860344e-26 -3.04348434e-26]	4.6333888791817425e-51	41088
321	[3.25455702e-26 5.19735720e-26]	3.760466330684029e-51	41216
322	[3.25455702e-26 5.19735720e-26]	3.760466330684029e-51	41344
323	[3.25455702e-26 5.19735720e-26]	3.760466330684029e-51	41472
324	[2.50870010e-26 4.20931878e-26]	2.4011940786938212e-51	41600
325	[ 2.51713365e-27 -1.08039595e-26]	1.2306150314316019e-52	41728
326	[ 2.51713365e-27 -1.08039595e-26]	1.2306150314316019e-52	41856
327	[ 2.51713365e-27 -1.08039595e-26]	1.2306150314316019e-52	41984
328	[-4.73328378e-27 -9.79477350e-27]	1.1834156316036096e-52	42112
329	[-4.73328378e-27 -9.79477350e-27]	1.1834156316036096e-52	42240
330	[-4.73328378e-27 -9.79477350e-27]	1.1834156316036096e-52	42368
331	[-4.73328378e-27 -9.79477350e-27]	1.1834156316036096e-52	42496
332	[-4.73328378e-27 -9.79477350e-27]	1.1834156316036096e-52	42624
333	[4.75442692e-27 5.55912883e-27]	5.350848865125533e-53	42752
334	[4.75442692e-27 5.55912883e-27]	5.350848865125533e-53	42880
335	[-1.11494147e-27 -3.95438077e-27]	1.6880221732435073e-53	43008
336	[-1.11494147e-27 -3.95438077e-27]	1.6880221732435073e-53	43136
337	[-3.01098975e-28 -1.25338779e-27]	1.6616415542715928e-54	43264
338	[-3.01098975e-28 -1.25338779e-27]	1.6616415542715928e-54	43392
339	[-3.01098975e-28 -1.25338779e-27]	1.6616415542715928e-54	43520
340	[-3.01098975e-28 -1.25338779e-27]	1.6616415542715928e-54	43648
341	[-3.01098975e-28 -1.25338779e-27]	1.6616415542715928e-54	43776
342	[-3.01098975e-28 -1.25338779e-27]	1.6616415542715928e-54	43904
343	[-8.31358137e-28 -4.70458949e-28]	9.124879749957622e-55	44032
344	[-8.31358137e-28 -4.70458949e-28]	9.124879749957622e-55	44160
345	[8.16875913e-28 4.92266444e-28]	9.096125094552445e-55	44288
346	[-2.33912313e-28 -5.26519400e-28]	3.319376486644001e-55	44416
347	[-2.33912313e-28 -5.26519400e-28]	3.319376486644001e-55	44544
348	[-2.43109874e-28  3.85869384e-28]	2.0799759199106886e-55	44672
349	[3.30851572e-28 1.86331190e-28]	1.44182075197096e-55	44800
350	[ 3.26197350e-28 -5.90448093e-29]	1.0989100038094765e-55	44928
351	[ 3.26197350e-28 -5.90448093e-29]	1.0989100038094765e-55	45056
352	[-1.33735335e-28  1.74864479e-29]	1.8190915686732966e-56	45184
353	[-1.33735335e-28  1.74864479e-29]	1.8190915686732966e-56	45312
354	[-1.33735335e-28  1.74864479e-29]	1.8190915686732966e-56	45440
355	[-5.78791356e-29  7.74790990e-29]	9.353005124638413e-57	45568
356	[-5.78791356e-29  7.74790990e-29]	9.353005124638413e-57	45696
357	[-5.78791356e-29  7.74790990e-29]	9.353005124638413e-57	45824
358	[-5.78791356e-29  7.74790990e-29]	9.353005124638413e-57	45952
359	[-8.17571544e-29  4.54522668e-29]	8.750140851456002e-57	46080
360	[-8.17571544e-29  4.54522668e-29]	8.750140851456002e-57	46208
361	[ 1.34444041e-29 -8.96140062e-29]	8.211422114190699e-57	46336
362	[ 3.10490558e-29 -2.59386478e-29]	1.6368573169347904e-57	46464
363	[ 3.10490558e-29 -2.59386478e-29]	1.6368573169347904e-57	46592
364	[1.83725102e-29 2.61695630e-29]	1.0223951571313643e-57	46720
365	[ 9.85997440e-30 -2.08138574e-29]	5.304357542876877e-58	46848
366	[6.70933070e-30 9.10142632e-30]	1.278510794526648e-58	46976
367	[6.70933070e-30 9.10142632e-30]	1.278510794526648e-58	47104
368	[6.70933070e-30 9.10142632e-30]	1.278510794526648e-58	47232
369	[6.70933070e-30 9.10142632e-30]	1.278510794526648e-58	47360
370	[6.70933070e-30 9.10142632e-30]	1.278510794526648e-58	47488
371	[6.15414224e-30 9.05947528e-30]	1.1994755906927337e-58	47616
372	[-2.35356498e-30  1.44582419e-30]	7.629675725834437e-60	47744
373	[-2.35356498e-30  1.44582419e-30]	7.629675725834437e-60	47872
374	[-2.35356498e-30  1.44582419e-30]	7.629675725834437e-60	48000
375	[-2.35356498e-30  1.44582419e-30]	7.629675725834437e-60	48128
376	[-2.35356498e-30  1.44582419e-30]	7.629675725834437e-60	48256
377	[-2.35356498e-30  1.44582419e-30]	7.629675725834437e-60	48384
378	[-2.35356498e-30  1.44582419e-30]	7.629675725834437e-60	48512
379	[-2.35356498e-30  1.44582419e-30]	7.629675725834437e-60	48640
380	[-7.51875359e-31 -1.16374015e-30]	1.9196076986100038e-60	48768
381	[-6.04320072e-31 -7.13493884e-31]	8.742762724974958e-61	48896
382	[-6.04320072e-31 -7.13493884e-31]	8.742762724974958e-61	49024
383	[-5.58195418e-31 -3.35796433e-31]	4.2434136929039296e-61	49152
384	[-5.58195418e-31 -3.35796433e-31]	4.2434136929039296e-61	49280
385	[-1.18179094e-31 -5.68183442e-32]	1.7194622573964844e-62	49408
386	[-1.18179094e-31 -5.68183442e-32]	1.7194622573964844e-62	49536
387	[-1.18179094e-31 -5.68183442e-32]	1.7194622573964844e-62	49664
388	[-1.18179094e-31 -5.68183442e-32]	1.7194622573964844e-62	49792
389	[-1.18179094e-31 -5.68183442e-32]	1.7194622573964844e-62	49920
390	[-1.18179094e-31 -5.68183442e-32]	1.7194622573964844e-62	50048
391	[-1.18179094e-31 -5.68183442e-32]	1.7194622573964844e-62	50176
392	[5.82159293e-32 1.06718144e-31]	1.4777856625169573e-62	50304
393	[5.82159293e-32 1.06718144e-31]	1.4777856625169573e-62	50432
394	[-1.18557432e-33  1.00380147e-31]	1.0077579457715358e-62	50560
395	[ 6.00509315e-32 -7.25295459e-32]	8.866649397057717e-63	50688
396	[1.34171641e-32 2.46291746e-32]	7.866165357251964e-64	50816
397	[1.34171641e-32 2.46291746e-32]	7.866165357251964e-64	50944
398	[1.34171641e-32 2.46291746e-32]	7.866165357251964e-64	51072
399	[1.34171641e-32 2.46291746e-32]	7.866165357251964e-64	51200
400	[1.34171641e-32 2.46291746e-32]	7.866165357251964e-64	51328
401	[1.34171641e-32 2.46291746e-32]	7.866165357251964e-64	51456
402	[1.34171641e-32 2.46291746e-32]	7.866165357251964e-64	51584
403	[ 1.49082500e-32 -4.87022446e-33]	2.4597500563998168e-64	51712
404	[ 1.45731856e-33 -5.12176782e-33]	2.835628300025675e-65	51840
405	[ 1.45731856e-33 -5.12176782e-33]	2.835628300025675e-65	51968
406	[3.11924762e-33 3.05379493e-34]	9.822962331209482e-66	52096
407	[3.11924762e-33 3.05379493e-34]	9.822962331209482e-66	52224
408	[3.11924762e-33 3.05379493e-34]	9.822962331209482e-66	52352
409	[3.11924762e-33 3.05379493e-34]	9.822962331209482e-66	52480
410	[3.11924762e-33 3.05379493e-34]	9.822962331209482e-66	52608
411	[3.11924762e-33 3.05379493e-34]	9.822962331209482e-66	52736
412	[3.11924762e-33 3.05379493e-34]	9.822962331209482e-66	52864
413	[3.11924762e-33 3.05379493e-34]	9.822962331209482e-66	52992
414	[8.13022766e-34 4.62868485e-34]	8.752532517997684e-67	53120
415	[8.13022766e-34 4.62868485e-34]	8.752532517997684e-67	53248
416	[8.13022766e-34 4.62868485e-34]	8.752532517997684e-67	53376
417	[8.13022766e-34 4.62868485e-34]	8.752532517997684e-67	53504
418	[2.10963244e-34 7.89308650e-34]	6.675136345986666e-67	53632
419	[2.10963244e-34 7.89308650e-34]	6.675136345986666e-67	53760
420	[-4.64538599e-34 -2.10717918e-34]	2.6019815087586288e-67	53888
421	[-2.06635361e-34  2.78057471e-34]	1.2001413003749352e-67	54016
422	[-2.06635361e-34  2.78057471e-34]	1.2001413003749352e-67	54144
423	[-2.06635361e-34  2.78057471e-34]	1.2001413003749352e-67	54272
424	[-6.55958946e-35 -1.45328438e-34]	2.5423176129337747e-68	54400
425	[-6.55958946e-35 -1.45328438e-34]	2.5423176129337747e-68	54528
426	[-6.55958946e-35 -1.45328438e-34]	2.5423176129337747e-68	54656
427	[-6.55958946e-35 -1.45328438e-34]	2.5423176129337747e-68	54784
428	[1.92421793e-35 3.32519687e-35]	1.4759548878599663e-69	54912
429	[1.92421793e-35 3.32519687e-35]	1.4759548878599663e-69	55040
430	[1.92421793e-35 3.32519687e-35]	1.4759548878599663e-69	55168
431	[1.92421793e-35 3.32519687e-35]	1.4759548878599663e-69	55296
432	[1.92421793e-35 3.32519687e-35]	1.4759548878599663e-69	55424
433	[1.92421793e-35 3.32519687e-35]	1.4759548878599663e-69	55552
434	[1.92421793e-35 3.32519687e-35]	1.4759548878599663e-69	55680
435	[-1.08157914e-35  2.58645783e-35]	7.859577538166754e-70	55808
436	[-1.08157914e-35  2.58645783e-35]	7.859577538166754e-70	55936
437	[ 1.03892526e-35 -1.33868450e-35]	2.871441899794778e-70	56064
438	[ 1.03892526e-35 -1.33868450e-35]	2.871441899794778e-70	56192
439	[-1.31453576e-35 -3.14816420e-36]	1.8271136524018174e-70	56320
440	[9.22268167e-36 8.77802730e-36]	1.6211162036313936e-70	56448
441	[9.22268167e-36 8.77802730e-36]	1.6211162036313936e-70	56576
442	[9.22268167e-36 8.77802730e-36]	1.6211162036313936e-70	56704
443	[9.22268167e-36 8.77802730e-36]	1.6211162036313936e-70	56832
444	[ 6.03479475e-36 -9.44023033e-36]	1.2553669634092321e-70	56960
445	[ 6.03479475e-36 -9.44023033e-36]	1.2553669634092321e-70	57088
446	[-1.58990260e-36 -6.40522023e-36]	4.355463646944997e-71	57216
447	[-1.58990260e-36 -6.40522023e-36]	4.355463646944997e-71	57344
448	[-5.12883543e-36 -3.38267729e-36]	3.774745851841262e-71	57472
449	[-5.12883543e-36 -3.38267729e-36]	3.774745851841262e-71	57600
450	[-7.98766185e-37  8.16843998e-37]	1.3052615351828604e-72	57728
451	[-7.98766185e-37  8.16843998e-37]	1.3052615351828604e-72	57856
452	[-7.98766185e-37  8.16843998e-37]	1.3052615351828604e-72	57984
453	[-7.98766185e-37  8.16843998e-37]	1.3052615351828604e-72	58112
454	[-7.98766185e-37  8.16843998e-37]	1.3052615351828604e-72	58240
455	[-7.98766185e-37  8.16843998e-37]	1.3052615351828604e-72	58368
456	[-7.98766185e-37  8.16843998e-37]	1.3052615351828604e-72	58496
457	[ 7.91313628e-37 -3.58660715e-37]	7.548147657557802e-73	58624
458	[ 7.91313628e-37 -3.58660715e-37]	7.548147657557802e-73	58752
459	[ 7.91313628e-37 -3.58660715e-37]	7.548147657557802e-73	58880
460	[ 3.64255070e-37 -2.15223704e-37]	1.7900299855703777e-73	59008
461	[ 3.64255070e-37 -2.15223704e-37]	1.7900299855703777e-73	59136
462	[ 3.64255070e-37 -2.15223704e-37]	1.7900299855703777e-73	59264
463	[ 3.64255070e-37 -2.15223704e-37]	1.7900299855703777e-73	59392
464	[ 3.64255070e-37 -2.15223704e-37]	1.7900299855703777e-73	59520
465	[-2.16174352e-37 -3.05000667e-37]	1.3975675725308261e-73	59648
466	[-2.16174352e-37 -3.05000667e-37]	1.3975675725308261e-73	59776
467	[1.11950517e-37 7.39919151e-38]	1.800772173081074e-74	59904
468	[1.11950517e-37 7.39919151e-38]	1.800772173081074e-74	60032
469	[1.11950517e-37 7.39919151e-38]	1.800772173081074e-74	60160
470	[1.11950517e-37 7.39919151e-38]	1.800772173081074e-74	60288
471	[8.65934503e-38 8.98634878e-38]	1.5573872072033395e-74	60416
472	[-8.69339214e-38  3.13730857e-38]	8.5417771895098265e-75	60544
473	[ 5.11308523e-38 -4.12770396e-38]	4.3181580552523164e-75	60672
474	[-1.58139455e-38 -2.27044676e-39]	2.5523580025770228e-76	60800
475	[-1.58139455e-38 -2.27044676e-39]	2.5523580025770228e-76	60928
476	[-1.58139455e-38 -2.27044676e-39]	2.5523580025770228e-76	61056
477	[-1.58139455e-38 -2.27044676e-39]	2.5523580025770228e-76	61184
478	[-1.58139455e-38 -2.27044676e-39]	2.5523580025770228e-76	61312
479	[-1.58139455e-38 -2.27044676e-39]	2.5523580025770228e-76	61440
480	[-1.58139455e-38 -2.27044676e-39]	2.5523580025770228e-76	61568
481	[-1.58139455e-38 -2.27044676e-39]	2.5523580025770228e-76	61696
482	[ 3.90715373e-39 -6.13211598e-39]	5.2868696731971954e-77	61824
483	[ 3.90715373e-39 -6.13211598e-39]	5.2868696731971954e-77	61952
484	[ 3.90715373e-39 -6.13211598e-39]	5.2868696731971954e-77	62080
485	[ 3.90715373e-39 -6.13211598e-39]	5.2868696731971954e-77	62208
486	[-1.39812498e-39  1.32716532e-39]	3.7161212381501177e-78	62336
487	[-1.39812498e-39  1.32716532e-39]	3.7161212381501177e-78	62464
488	[-1.39812498e-39  1.32716532e-39]	3.7161212381501177e-78	62592
489	[-1.39812498e-39  1.32716532e-39]	3.7161212381501177e-78	62720
490	[-1.39812498e-39  1.32716532e-39]	3.7161212381501177e-78	62848
491	[ 2.77000385e-40 -1.59345425e-39]	2.6158256445182787e-78	62976
492	[ 2.77000385e-40 -1.59345425e-39]	2.6158256445182787e-78	63104
493	[-8.33416770e-41 -1.27748058e-39]	1.6389024652205073e-78	63232
494	[ 9.70876420e-40 -1.87221937e-40]	9.776530767273384e-79	63360
495	[5.39808729e-40 4.17334092e-40]	4.655612082056481e-79	63488
496	[-1.71518050e-40  5.99847284e-41]	3.30166091664594e-80	63616
497	[-1.71518050e-40  5.99847284e-41]	3.30166091664594e-80	63744
498	[-1.71518050e-40  5.99847284e-41]	3.30166091664594e-80	63872
499	[-1.71518050e-40  5.99847284e-41]	3.30166091664594e-80	64000
500	[-1.71518050e-40  5.99847284e-41]	3.30166091664594e-80	64128
501	[-1.71518050e-40  5.99847284e-41]	3.30166091664594e-80	64256
502	[-1.71518050e-40  5.99847284e-41]	3.30166091664594e-80	64384
503	[-1.71518050e-40  5.99847284e-41]	3.30166091664594e-80	64512
504	[-1.71518050e-40  5.99847284e-41]	3.30166091664594e-80	64640
505	[-1.71518050e-40  5.99847284e-41]	3.30166091664594e-80	64768
506	[-1.71518050e-40  5.99847284e-41]	3.30166091664594e-80	64896
507	[-1.40606431e-40 -6.59656873e-41]	2.4121640440597477e-80	65024
508	[ 1.42957497e-41 -5.17694880e-41]	2.8844483489088104e-81	65152
509	[1.74781644e-41 1.45530886e-41]	5.172786162523293e-82	65280
510	[1.74781644e-41 1.45530886e-41]	5.172786162523293e-82	65408
511	[1.74781644e-41 1.45530886e-41]	5.172786162523293e-82	65536
512	[1.88277070e-41 3.91955668e-42]	3.698454737643179e-82	65664
513	[1.88277070e-41 3.91955668e-42]	3.698454737643179e-82	65792
514	[-8.20591054e-42  1.65809046e-41]	3.422633651277168e-82	65920
515	[ 4.07277592e-42 -1.39469432e-41]	2.1110472831613218e-82	66048
516	[ 4.07277592e-42 -1.39469432e-41]	2.1110472831613218e-82	66176
517	[ 4.07277592e-42 -1.39469432e-41]	2.1110472831613218e-82	66304
518	[ 4.07277592e-42 -1.39469432e-41]	2.1110472831613218e-82	66432
519	[-1.05356452e-41 -4.31038158e-42]	1.2957920980410086e-82	66560
520	[ 3.34553134e-42 -7.72293202e-42]	7.083625899562947e-83	66688
521	[ 3.34553134e-42 -7.72293202e-42]	7.083625899562947e-83	66816
522	[-1.86146887e-42  6.25991118e-42]	4.265155438066108e-83	66944
523	[-1.86146887e-42  6.25991118e-42]	4.265155438066108e-83	67072
524	[-3.81699048e-42  6.17845209e-43]	1.495114899295118e-83	67200
525	[-3.43389022e-44 -3.74833740e-42]	1.4051212445817507e-83	67328
526	[-3.43389022e-44 -3.74833740e-42]	1.4051212445817507e-83	67456
527	[-3.43389022e-44 -3.74833740e-42]	1.4051212445817507e-83	67584
528	[ 1.56837822e-42 -9.58162619e-43]	3.377885860159866e-84	67712
529	[ 1.56837822e-42 -9.58162619e-43]	3.377885860159866e-84	67840
530	[ 1.56837822e-42 -9.58162619e-43]	3.377885860159866e-84	67968
531	[ 1.56837822e-42 -9.58162619e-43]	3.377885860159866e-84	68096
532	[-3.12110654e-43  4.95828805e-43]	3.4325926378082406e-85	68224
533	[-3.12110654e-43  4.95828805e-43]	3.4325926378082406e-85	68352
534	[-3.12110654e-43  4.95828805e-43]	3.4325926378082406e-85	68480
535	[-3.12110654e-43  4.95828805e-43]	3.4325926378082406e-85	68608
536	[-3.12110654e-43  4.95828805e-43]	3.4325926378082406e-85	68736
537	[-3.12110654e-43  4.95828805e-43]	3.4325926378082406e-85	68864
538	[-3.12110654e-43  4.95828805e-43]	3.4325926378082406e-85	68992
539	[-1.49176185e-43 -3.49785048e-43]	1.446031142175273e-85	69120
540	[-1.43600764e-44  1.59896828e-43]	2.577320755648629e-86	69248
541	[-1.43600764e-44  1.59896828e-43]	2.577320755648629e-86	69376
542	[-1.43600764e-44  1.59896828e-43]	2.577320755648629e-86	69504
543	[ 1.45304129e-43 -4.34953037e-44]	2.3005131250334632e-86	69632
544	[ 1.45304129e-43 -4.34953037e-44]	2.3005131250334632e-86	69760
545	[ 1.45304129e-43 -4.34953037e-44]	2.3005131250334632e-86	69888
546	[1.16767615e-43 5.41751910e-44]	1.6569627327708423e-86	70016
547	[1.16767615e-43 5.41751910e-44]	1.6569627327708423e-86	70144
548	[1.16767615e-43 5.41751910e-44]	1.6569627327708423e-86	70272
549	[5.47498174e-44 7.51652803e-45]	3.054040700810302e-87	70400
550	[-1.43600764e-44 -4.37870649e-44]	2.1235188461480283e-87	70528
551	[-2.02903159e-44 -1.61495139e-45]	4.143049876154672e-88	70656
552	[-2.02903159e-44 -1.61495139e-45]	4.143049876154672e-88	70784
553	[-2.02903159e-44 -1.61495139e-45]	4.143049876154672e-88	70912
554	[1.24273143e-44 1.08150291e-44]	2.714029956253481e-88	71040
555	[1.24273143e-44 1.08150291e-44]	2.714029956253481e-88	71168
556	[ 1.24273143e-44 -1.80450981e-45]	1.5769439727787344e-88	71296
557	[ 1.24273143e-44 -1.80450981e-45]	1.5769439727787344e-88	71424
558	[4.60498943e-45 1.08244654e-44]	1.383749785888859e-88	71552
559	[4.60498943e-45 1.08244654e-44]	1.383749785888859e-88	71680
560	[4.60498943e-45 1.08244654e-44]	1.383749785888859e-88	71808
561	[4.60498943e-45 1.08244654e-44]	1.383749785888859e-88	71936
562	[-1.01084122e-44 -4.31272336e-45]	1.2077957906543588e-88	72064
563	[-3.12616506e-45 -1.90973350e-45]	1.3419990022015384e-89	72192
564	[-2.93856473e-45 -8.96199530e-46]	9.438336290002898e-90	72320
565	[-2.93856473e-45 -8.96199530e-46]	9.438336290002898e-90	72448
566	[-1.70034849e-45 -4.14160967e-46]	3.062714282395423e-90	72576
567	[-1.70034849e-45 -4.14160967e-46]	3.062714282395423e-90	72704
568	[-1.70034849e-45 -4.14160967e-46]	3.062714282395423e-90	72832
569	[6.73239074e-46 8.88194504e-46]	1.242140327828697e-90	72960
570	[5.61911754e-46 5.08372807e-46]	5.741877294252687e-91	73088
571	[5.61911754e-46 5.08372807e-46]	5.741877294252687e-91	73216
572	[5.61911754e-46 5.08372807e-46]	5.741877294252687e-91	73344
573	[5.61911754e-46 5.08372807e-46]	5.741877294252687e-91	73472
574	[-2.28356995e-46  5.74937921e-46]	3.827005300780002e-91	73600
575	[4.37411136e-46 8.47066762e-47]	1.9850372290542638e-91	73728
576	[4.37411136e-46 8.47066762e-47]	1.9850372290542638e-91	73856
577	[-7.11366396e-47  1.52312506e-46]	2.8259520967361412e-92	73984
578	[-7.11366396e-47  1.52312506e-46]	2.8259520967361412e-92	74112
579	[-7.11366396e-47  1.52312506e-46]	2.8259520967361412e-92	74240
580	[-1.23751306e-46 -1.09584679e-46]	2.7323187775953225e-92	74368
581	[-1.23751306e-46 -1.09584679e-46]	2.7323187775953225e-92	74496
582	[5.87144043e-47 6.33803386e-47]	7.4644486011013964e-93	74624
583	[5.87144043e-47 6.33803386e-47]	7.4644486011013964e-93	74752
584	[5.87144043e-47 6.33803386e-47]	7.4644486011013964e-93	74880
585	[5.87144043e-47 6.33803386e-47]	7.4644486011013964e-93	75008
586	[5.87144043e-47 6.33803386e-47]	7.4644486011013964e-93	75136
587	[5.87144043e-47 6.33803386e-47]	7.4644486011013964e-93	75264
588	[-2.73910459e-47 -5.65904410e-47]	3.952747403370211e-93	75392
589	[-2.73910459e-47 -5.65904410e-47]	3.952747403370211e-93	75520
590	[ 1.92431619e-47 -5.07723364e-47]	2.9481294204110196e-93	75648
591	[ 1.92431619e-47 -5.07723364e-47]	2.9481294204110196e-93	75776
592	[-2.50356358e-47  3.44220212e-47]	1.81165860384242e-93	75904
593	[-2.50356358e-47  3.44220212e-47]	1.81165860384242e-93	76032
594	[-2.50356358e-47  3.44220212e-47]	1.81165860384242e-93	76160
595	[2.17202353e-47 1.58372471e-47]	7.225870182012317e-94	76288
596	[-1.20575461e-47 -5.04278298e-48]	1.7081407935352174e-94	76416
597	[-1.20575461e-47 -5.04278298e-48]	1.7081407935352174e-94	76544
598	[-1.20575461e-47 -5.04278298e-48]	1.7081407935352174e-94	76672
599	[-3.84570163e-48 -1.88507244e-50]	1.4789776401611316e-95	76800
600	[-3.84570163e-48 -1.88507244e-50]	1.4789776401611316e-95	76928
601	[-3.84570163e-48 -1.88507244e-50]	1.4789776401611316e-95	77056
602	[-3.84570163e-48 -1.88507244e-50]	1.4789776401611316e-95	77184
603	[-3.84570163e-48 -1.88507244e-50]	1.4789776401611316e-95	77312
604	[-3.84570163e-48 -1.88507244e-50]	1.4789776401611316e-95	77440
605	[-3.84570163e-48 -1.88507244e-50]	1.4789776401611316e-95	77568
606	[-2.49418710e-48 -1.30570035e-48]	7.925822685688555e-96	77696
607	[-2.49418710e-48 -1.30570035e-48]	7.925822685688555e-96	77824
608	[8.84470481e-49 1.02253588e-48]	1.8278676481924396e-96	77952
609	[8.84470481e-49 1.02253588e-48]	1.8278676481924396e-96	78080
610	[1.00062995e-49 9.33470680e-49]	8.813801134626998e-97	78208
611	[1.00062995e-49 9.33470680e-49]	8.813801134626998e-97	78336
612	[1.00062995e-49 9.33470680e-49]	8.813801134626998e-97	78464
613	[-1.58529798e-49  1.65384046e-49]	5.248357970787524e-98	78592
614	[-1.58529798e-49  1.65384046e-49]	5.248357970787524e-98	78720
615	[-1.58529798e-49  1.65384046e-49]	5.248357970787524e-98	78848
616	[-1.58529798e-49  1.65384046e-49]	5.248357970787524e-98	78976
617	[-1.58529798e-49  1.65384046e-49]	5.248357970787524e-98	79104
618	[ 1.86039774e-49 -2.72326585e-50]	3.535241531406398e-98	79232
619	[ 1.86039774e-49 -2.72326585e-50]	3.535241531406398e-98	79360
620	[ 1.86039774e-49 -2.72326585e-50]	3.535241531406398e-98	79488
621	[ 1.86039774e-49 -2.72326585e-50]	3.535241531406398e-98	79616
622	[ 1.86039774e-49 -2.72326585e-50]	3.535241531406398e-98	79744
623	[ 1.86039774e-49 -2.72326585e-50]	3.535241531406398e-98	79872
624	[-1.58408623e-49 -7.61193102e-50]	3.088744134044744e-98	80000
625	[ 1.47287566e-49 -3.60444441e-50]	2.299282894863687e-98	80128
626	[ 1.47287566e-49 -3.60444441e-50]	2.299282894863687e-98	80256
627	[-9.77570468e-50  4.06875764e-50]	1.1211919074424222e-98	80384
628	[-9.77570468e-50  4.06875764e-50]	1.1211919074424222e-98	80512
629	[-1.16999797e-50  4.64274383e-50]	2.2923965518085025e-99	80640
630	[-1.16999797e-50  4.64274383e-50]	2.2923965518085025e-99	80768
631	[-1.16999797e-50  4.64274383e-50]	2.2923965518085025e-99	80896
632	[ 3.14500079e-51 -1.58741445e-50]	2.618794936317812e-100	81024
633	[ 3.14500079e-51 -1.58741445e-50]	2.618794936317812e-100	81152
634	[ 3.14500079e-51 -1.58741445e-50]	2.618794936317812e-100	81280
635	[ 3.14500079e-51 -1.58741445e-50]	2.618794936317812e-100	81408
636	[ 3.14500079e-51 -1.58741445e-50]	2.618794936317812e-100	81536
637	[9.81734328e-51 9.56316655e-51]	1.8783438349981694e-100	81664
638	[9.81734328e-51 9.56316655e-51]	1.8783438349981694e-100	81792
639	[ 7.93047945e-51 -6.07672815e-51]	9.981912931851338e-101	81920
640	[ 7.93047945e-51 -6.07672815e-51]	9.981912931851338e-101	82048
641	[-8.53541030e-51 -2.39864773e-51]	7.860673995779231e-101	82176
642	[2.85219008e-51 4.74698109e-52]	8.360326526054434e-102	82304
643	[2.85219008e-51 4.74698109e-52]	8.360326526054434e-102	82432
644	[2.85219008e-51 4.74698109e-52]	8.360326526054434e-102	82560
645	[2.85219008e-51 4.74698109e-52]	8.360326526054434e-102	82688
646	[2.85219008e-51 4.74698109e-52]	8.360326526054434e-102	82816
647	[2.85219008e-51 4.74698109e-52]	8.360326526054434e-102	82944
648	[2.85219008e-51 4.74698109e-52]	8.360326526054434e-102	83072
649	[ 1.79267325e-51 -1.16557045e-51]	4.57223185746386e-102	83200
650	[ 1.79267325e-51 -1.16557045e-51]	4.57223185746386e-102	83328
651	[-8.56273193e-52  1.94578988e-51]	4.519302035505651e-102	83456
652	[-1.70473123e-51  1.93844855e-52]	2.943684384584314e-102	83584
653	[-1.70473123e-51  1.93844855e-52]	2.943684384584314e-102	83712
654	[-5.36631084e-52 -1.84334845e-52]	3.219522552763212e-103	83840
655	[-5.36631084e-52 -1.84334845e-52]	3.219522552763212e-103	83968
656	[-5.36631084e-52 -1.84334845e-52]	3.219522552763212e-103	84096
657	[ 1.05859493e-52 -3.78183602e-52]	1.5422906902472601e-103	84224
658	[1.36621309e-52 3.63335970e-52]	1.5067840930688024e-103	84352
659	[1.36621309e-52 3.63335970e-52]	1.5067840930688024e-103	84480
660	[1.36621309e-52 3.63335970e-52]	1.5067840930688024e-103	84608
661	[1.29660876e-52 9.16823931e-53]	2.5217603851740655e-104	84736
662	[ 7.80625205e-53 -3.95976223e-53]	7.661728797036787e-105	84864
663	[ 7.80625205e-53 -3.95976223e-53]	7.661728797036787e-105	84992
664	[ 7.80625205e-53 -3.95976223e-53]	7.661728797036787e-105	85120
665	[-2.06909155e-53 -8.05149311e-53]	6.910768105219376e-105	85248
666	[-2.06909155e-53 -8.05149311e-53]	6.910768105219376e-105	85376
667	[-6.19929681e-53  5.04701892e-53]	6.390368088034448e-105	85504
668	[ 4.04617444e-53 -5.05173387e-53]	4.189154268468354e-105	85632
669	[ 4.04617444e-53 -5.05173387e-53]	4.189154268468354e-105	85760
670	[ 4.04617444e-53 -5.05173387e-53]	4.189154268468354e-105	85888
671	[-5.43208862e-53 -1.19068495e-53]	3.0925317372551606e-105	86016
672	[-2.96663951e-54 -3.40007966e-53]	1.1648551198548724e-105	86144
673	[-2.96663951e-54 -3.40007966e-53]	1.1648551198548724e-105	86272
674	[-5.52568510e-54  1.39339124e-53]	2.246871100466098e-106	86400
675	[-1.14449075e-53 -6.15745452e-54]	1.689001530569339e-106	86528
676	[-1.14449075e-53 -6.15745452e-54]	1.689001530569339e-106	86656
677	[-1.14449075e-53 -6.15745452e-54]	1.689001530569339e-106	86784
678	[-6.06742864e-54  5.85500762e-54]	7.109480453542861e-107	86912
679	[-6.06742864e-54  5.85500762e-54]	7.109480453542861e-107	87040
680	[-7.93536288e-54  7.58459632e-55]	6.354524497521504e-107	87168
681	[ 6.45422645e-54 -8.31753863e-55]	4.2348853588818395e-107	87296
682	[ 3.67853110e-54 -3.75998932e-54]	2.766911076355657e-107	87424
683	[ 3.67853110e-54 -3.75998932e-54]	2.766911076355657e-107	87552
684	[-6.94299225e-55 -7.48796030e-55]	1.0427469079001295e-108	87680
685	[-6.94299225e-55 -7.48796030e-55]	1.0427469079001295e-108	87808
686	[-6.94299225e-55 -7.48796030e-55]	1.0427469079001295e-108	87936
687	[-6.94299225e-55 -7.48796030e-55]	1.0427469079001295e-108	88064
688	[1.31484313e-56 4.54054206e-55]	2.0633810342199964e-109	88192
689	[1.31484313e-56 4.54054206e-55]	2.0633810342199964e-109	88320
690	[1.31484313e-56 4.54054206e-55]	2.0633810342199964e-109	88448
691	[1.31484313e-56 4.54054206e-55]	2.0633810342199964e-109	88576
692	[1.31484313e-56 4.54054206e-55]	2.0633810342199964e-109	88704
693	[1.31484313e-56 4.54054206e-55]	2.0633810342199964e-109	88832
694	[1.31484313e-56 4.54054206e-55]	2.0633810342199964e-109	88960
695	[1.31484313e-56 4.54054206e-55]	2.0633810342199964e-109	89088
696	[1.31484313e-56 4.54054206e-55]	2.0633810342199964e-109	89216
697	[3.15162474e-55 2.85112240e-55]	1.806163747005406e-109	89344
698	[-1.13763372e-55 -2.41293114e-55]	7.116447184408147e-110	89472
699	[-2.37430189e-55 -3.54194031e-56]	5.762762870294135e-110	89600
700	[-2.37430189e-55 -3.54194031e-56]	5.762762870294135e-110	89728
701	[-2.47430875e-56  8.56982082e-56]	7.956403265046582e-111	89856
702	[-2.47430875e-56  8.56982082e-56]	7.956403265046582e-111	89984
703	[-2.47430875e-56  8.56982082e-56]	7.956403265046582e-111	90112
704	[-2.47430875e-56  8.56982082e-56]	7.956403265046582e-111	90240
705	[-2.47430875e-56  8.56982082e-56]	7.956403265046582e-111	90368
706	[-2.47430875e-56  8.56982082e-56]	7.956403265046582e-111	90496
707	[-2.47430875e-56  8.56982082e-56]	7.956403265046582e-111	90624
708	[7.57757648e-56 3.36135853e-58]	5.742079512091547e-111	90752
709	[2.28036700e-56 1.45449533e-56]	7.315630335817445e-112	90880
710	[2.28036700e-56 1.45449533e-56]	7.315630335817445e-112	91008
711	[2.28036700e-56 1.45449533e-56]	7.315630335817445e-112	91136
712	[2.28036700e-56 1.45449533e-56]	7.315630335817445e-112	91264
713	[2.28036700e-56 1.45449533e-56]	7.315630335817445e-112	91392
714	[-6.53913435e-57 -2.02975226e-56]	4.547497004382781e-112	91520
715	[-6.53913435e-57 -2.02975226e-56]	4.547497004382781e-112	91648
716	[-6.53913435e-57 -2.02975226e-56]	4.547497004382781e-112	91776
717	[ 6.80327658e-57 -9.10424293e-57]	1.2917181152773525e-112	91904
718	[8.64865555e-58 9.14574803e-57]	8.439269954788569e-113	92032
719	[8.64865555e-58 9.14574803e-57]	8.439269954788569e-113	92160
720	[8.64865555e-58 9.14574803e-57]	8.439269954788569e-113	92288
721	[8.64865555e-58 9.14574803e-57]	8.439269954788569e-113	92416
722	[6.72100128e-57 1.05767601e-57]	4.629053673796938e-113	92544
723	[6.72100128e-57 1.05767601e-57]	4.629053673796938e-113	92672
724	[4.11064294e-57 2.32908728e-57]	2.2322032953416654e-113	92800
725	[ 2.42187586e-57 -1.11041573e-57]	7.09850575888407e-114	92928
726	[ 1.40269789e-57 -2.04821502e-57]	6.1627461688670344e-114	93056
727	[7.16673152e-58 1.88110262e-57]	4.0521674870720666e-114	93184
728	[7.16673152e-58 1.88110262e-57]	4.0521674870720666e-114	93312
729	[7.16673152e-58 1.88110262e-57]	4.0521674870720666e-114	93440
730	[ 4.20548599e-58 -6.41698839e-58]	5.886385234599368e-115	93568
731	[ 4.20548599e-58 -6.41698839e-58]	5.886385234599368e-115	93696
732	[ 3.17707202e-58 -6.52641130e-58]	5.268783101880986e-115	93824
733	[ 3.17707202e-58 -6.52641130e-58]	5.268783101880986e-115	93952
734	[ 3.17707202e-58 -6.52641130e-58]	5.268783101880986e-115	94080
735	[ 3.17707202e-58 -6.52641130e-58]	5.268783101880986e-115	94208
736	[-2.52929097e-58  2.51879523e-58]	1.2741642239809158e-115	94336
737	[-1.38931800e-59 -9.72914423e-59]	9.658645202564642e-117	94464
738	[-1.38931800e-59 -9.72914423e-59]	9.658645202564642e-117	94592
739	[-1.38931800e-59 -9.72914423e-59]	9.658645202564642e-117	94720
740	[-1.38931800e-59 -9.72914423e-59]	9.658645202564642e-117	94848
741	[-1.38931800e-59 -9.72914423e-59]	9.658645202564642e-117	94976
742	[-1.38931800e-59 -9.72914423e-59]	9.658645202564642e-117	95104
743	[ 3.07685749e-59 -4.88922897e-59]	3.337161194719114e-117	95232
744	[ 4.75581038e-59 -1.02088191e-59]	2.3659932226803387e-117	95360
745	[ 3.46974714e-59 -9.96931114e-60]	1.3033016859766557e-117	95488
746	[ 3.46974714e-59 -9.96931114e-60]	1.3033016859766557e-117	95616
747	[ 3.46974714e-59 -9.96931114e-60]	1.3033016859766557e-117	95744
748	[-1.06840985e-59 -9.62011369e-60]	2.0669654800848244e-118	95872
749	[-1.06840985e-59 -9.62011369e-60]	2.0669654800848244e-118	96000
750	[-1.42156762e-59  1.95127579e-60]	2.058929268724222e-118	96128
751	[-1.42156762e-59  1.95127579e-60]	2.058929268724222e-118	96256
752	[-1.42156762e-59  1.95127579e-60]	2.058929268724222e-118	96384
753	[8.45050983e-60 6.42520426e-60]	1.1269436618238255e-118	96512
754	[8.45050983e-60 6.42520426e-60]	1.1269436618238255e-118	96640
755	[8.45050983e-60 6.42520426e-60]	1.1269436618238255e-118	96768
756	[-1.29966586e-60 -4.18290531e-60]	1.918582820684299e-119	96896
757	[-2.01110768e-60  4.17838941e-61]	4.219143468750265e-120	97024
758	[-2.01110768e-60  4.17838941e-61]	4.219143468750265e-120	97152
759	[-2.01110768e-60  4.17838941e-61]	4.219143468750265e-120	97280
760	[6.86225930e-61 8.90326361e-61]	1.2635870564431183e-120	97408
761	[6.86225930e-61 8.90326361e-61]	1.2635870564431183e-120	97536
762	[6.86225930e-61 8.90326361e-61]	1.2635870564431183e-120	97664
763	[6.86225930e-61 8.90326361e-61]	1.2635870564431183e-120	97792
764	[6.86225930e-61 8.90326361e-61]	1.2635870564431183e-120	97920
765	[6.86225930e-61 8.90326361e-61]	1.2635870564431183e-120	98048
766	[6.86225930e-61 8.90326361e-61]	1.2635870564431183e-120	98176
767	[-8.73492908e-61  3.05229056e-61]	8.561546369445635e-121	98304
768	[-8.73492908e-61  3.05229056e-61]	8.561546369445635e-121	98432
769	[-8.73492908e-61  3.05229056e-61]	8.561546369445635e-121	98560
770	[-8.73492908e-61  3.05229056e-61]	8.561546369445635e-121	98688
771	[2.81855616e-61 3.74892468e-61]	2.1998695106074087e-121	98816
772	[2.81855616e-61 3.74892468e-61]	2.1998695106074087e-121	98944
773	[ 1.48164507e-62 -2.32850087e-61]	5.443869012868582e-122	99072
774	[ 1.48164507e-62 -2.32850087e-61]	5.443869012868582e-122	99200
775	[ 1.48164507e-62 -2.32850087e-61]	5.443869012868582e-122	99328
776	[ 1.48164507e-62 -2.32850087e-61]	5.443869012868582e-122	99456
777	[ 1.48164507e-62 -2.32850087e-61]	5.443869012868582e-122	99584
778	[-2.07207824e-61  2.48052246e-62]	4.3550381404847306e-122	99712
779	[-2.07207824e-61  2.48052246e-62]	4.3550381404847306e-122	99840
780	[-7.68858918e-62 -1.20538295e-61]	2.0440920874617585e-122	99968
781	[-7.68858918e-62 -1.20538295e-61]	2.0440920874617585e-122	100096
#Result: mean = 0.0010460042592881419	std = 0.010629821895624164