#GEN	x_best	f(x_best)	#eval
0	[-0.00289184  0.61065014]	0.3729019590473096	128
1	[-0.00289184  0.61065014]	0.3729019590473096	256
2	[-0.00289184  0.61065014]	0.3729019590473096	384
3	[0.05172705 0.2192717 ]	0.050755766453247	512
4	[0.1478608  0.13488507]	0.040056798244329686	640
5	[0.1478608  0.13488507]	0.040056798244329686	768
6	[0.1478608  0.13488507]	0.040056798244329686	896
7	[0.1478608  0.13488507]	0.040056798244329686	1024
8	[-0.00526235 -0.07427908]	0.005545074425307347	1152
9	[0.07136836 0.0081334 ]	0.005159595046741885	1280
10	[0.07136836 0.0081334 ]	0.005159595046741885	1408
11	[0.01798018 0.00505469]	0.00034883670513655726	1536
12	[0.00235465 0.00304426]	1.4811906009012948e-05	1664
13	[0.00235465 0.00304426]	1.4811906009012948e-05	1792
14	[0.00235465 0.00304426]	1.4811906009012948e-05	1920
15	[0.00235465 0.00304426]	1.4811906009012948e-05	2048
16	[0.00235465 0.00304426]	1.4811906009012948e-05	2176
17	[0.00235465 0.00304426]	1.4811906009012948e-05	2304
18	[0.00235465 0.00304426]	1.4811906009012948e-05	2432
19	[0.00235465 0.00304426]	1.4811906009012948e-05	2560
20	[0.00235465 0.00304426]	1.4811906009012948e-05	2688
21	[0.00235465 0.00304426]	1.4811906009012948e-05	2816
22	[0.00235465 0.00304426]	1.4811906009012948e-05	2944
23	[-0.00164525  0.00072693]	3.2352619934571228e-06	3072
24	[-0.00164525  0.00072693]	3.2352619934571228e-06	3200
25	[-0.00164525  0.00072693]	3.2352619934571228e-06	3328
26	[-0.00164525  0.00072693]	3.2352619934571228e-06	3456
27	[ 0.00075355 -0.00105936]	1.6900710211342555e-06	3584
28	[0.00107614 0.00053918]	1.4487925616435958e-06	3712
29	[0.00107614 0.00053918]	1.4487925616435958e-06	3840
30	[ 0.00081728 -0.00049164]	9.096472319848577e-07	3968
31	[-0.00050452 -0.00025888]	3.2155588522999886e-07	4096
32	[-0.00050452 -0.00025888]	3.2155588522999886e-07	4224
33	[ 0.00047154 -0.0001121 ]	2.3491557465871045e-07	4352
34	[ 0.00047154 -0.0001121 ]	2.3491557465871045e-07	4480
35	[ 0.00047154 -0.0001121 ]	2.3491557465871045e-07	4608
36	[ 0.00047154 -0.0001121 ]	2.3491557465871045e-07	4736
37	[-0.0004027  -0.00013831]	1.8130084932729813e-07	4864
38	[-1.56251468e-04 -5.00128200e-05]	2.6915803333608434e-08	4992
39	[-1.56251468e-04 -5.00128200e-05]	2.6915803333608434e-08	5120
40	[-1.56251468e-04 -5.00128200e-05]	2.6915803333608434e-08	5248
41	[-1.56251468e-04 -5.00128200e-05]	2.6915803333608434e-08	5376
42	[1.14877131e-04 4.20278642e-05]	1.496309661234017e-08	5504
43	[-2.23076816e-05  1.14166070e-04]	1.3531524236321771e-08	5632
44	[-2.23076816e-05  1.14166070e-04]	1.3531524236321771e-08	5760
45	[-2.23076816e-05  1.14166070e-04]	1.3531524236321771e-08	5888
46	[-3.82717488e-05 -5.00128200e-05]	3.9660089169292175e-09	6016
47	[ 1.32358285e-05 -3.90511998e-05]	1.7001833610395662e-09	6144
48	[ 1.32358285e-05 -3.90511998e-05]	1.7001833610395662e-09	6272
49	[ 1.32358285e-05 -3.90511998e-05]	1.7001833610395662e-09	6400
50	[ 1.32358285e-05 -3.90511998e-05]	1.7001833610395662e-09	6528
51	[ 1.32358285e-05 -3.90511998e-05]	1.7001833610395662e-09	6656
52	[-6.69454832e-06 -2.34224314e-05]	5.93427272209773e-10	6784
53	[-6.69454832e-06 -2.34224314e-05]	5.93427272209773e-10	6912
54	[-6.69454832e-06 -2.34224314e-05]	5.93427272209773e-10	7040
55	[6.11631745e-06 1.55429021e-05]	2.7899114544641027e-10	7168
56	[6.11631745e-06 1.55429021e-05]	2.7899114544641027e-10	7296
57	[6.11631745e-06 1.55429021e-05]	2.7899114544641027e-10	7424
58	[ 6.56833348e-06 -5.05439431e-07]	4.339847378202245e-11	7552
59	[-1.30367837e-06  3.48952752e-06]	1.3876379587204457e-11	7680
60	[-1.30367837e-06  3.48952752e-06]	1.3876379587204457e-11	7808
61	[-1.30367837e-06  3.48952752e-06]	1.3876379587204457e-11	7936
62	[-1.30367837e-06  3.48952752e-06]	1.3876379587204457e-11	8064
63	[-1.30367837e-06  3.48952752e-06]	1.3876379587204457e-11	8192
64	[ 6.07305781e-07 -2.82561963e-07]	4.486615740352244e-13	8320
65	[ 6.07305781e-07 -2.82561963e-07]	4.486615740352244e-13	8448
66	[ 6.07305781e-07 -2.82561963e-07]	4.486615740352244e-13	8576
67	[ 6.07305781e-07 -2.82561963e-07]	4.486615740352244e-13	8704
68	[ 6.07305781e-07 -2.82561963e-07]	4.486615740352244e-13	8832
69	[ 6.07305781e-07 -2.82561963e-07]	4.486615740352244e-13	8960
70	[ 6.07305781e-07 -2.82561963e-07]	4.486615740352244e-13	9088
71	[ 6.07305781e-07 -2.82561963e-07]	4.486615740352244e-13	9216
72	[-2.71128460e-07  4.19579344e-07]	2.4955746743244563e-13	9344
73	[-2.71128460e-07  4.19579344e-07]	2.4955746743244563e-13	9472
74	[-3.21364726e-07 -1.94479945e-07]	1.4109773633935888e-13	9600
75	[-3.21364726e-07 -1.94479945e-07]	1.4109773633935888e-13	9728
76	[-3.21364726e-07 -1.94479945e-07]	1.4109773633935888e-13	9856
77	[ 8.66669177e-08 -1.94479945e-07]	4.533360364168706e-14	9984
78	[ 8.66669177e-08 -1.94479945e-07]	4.533360364168706e-14	10112
79	[ 8.66669177e-08 -1.94479945e-07]	4.533360364168706e-14	10240
80	[ 8.66669177e-08 -1.94479945e-07]	4.533360364168706e-14	10368
81	[ 8.66669177e-08 -1.94479945e-07]	4.533360364168706e-14	10496
82	[1.92242317e-08 2.41989641e-08]	9.55160947024408e-16	10624
83	[1.92242317e-08 2.41989641e-08]	9.55160947024408e-16	10752
84	[1.92242317e-08 2.41989641e-08]	9.55160947024408e-16	10880
85	[1.92242317e-08 2.41989641e-08]	9.55160947024408e-16	11008
86	[ 1.92242317e-08 -5.68315425e-09]	4.018693250265154e-16	11136
87	[ 1.92242317e-08 -5.68315425e-09]	4.018693250265154e-16	11264
88	[ 1.92242317e-08 -5.68315425e-09]	4.018693250265154e-16	11392
89	[ 1.92242317e-08 -5.68315425e-09]	4.018693250265154e-16	11520
90	[ 1.92242317e-08 -5.68315425e-09]	4.018693250265154e-16	11648
91	[ 4.59776205e-09 -3.33211774e-09]	3.224242448084363e-17	11776
92	[ 4.59776205e-09 -3.33211774e-09]	3.224242448084363e-17	11904
93	[ 4.59776205e-09 -3.33211774e-09]	3.224242448084363e-17	12032
94	[ 4.59776205e-09 -3.33211774e-09]	3.224242448084363e-17	12160
95	[ 4.59776205e-09 -3.33211774e-09]	3.224242448084363e-17	12288
96	[ 3.57221211e-09 -1.85870622e-09]	1.6215488165072415e-17	12416
97	[ 3.57221211e-09 -1.85870622e-09]	1.6215488165072415e-17	12544
98	[ 3.57221211e-09 -1.85870622e-09]	1.6215488165072415e-17	12672
99	[1.81166206e-09 1.95919921e-09]	7.120580970283339e-18	12800
100	[1.81166206e-09 1.95919921e-09]	7.120580970283339e-18	12928
101	[1.81166206e-09 1.95919921e-09]	7.120580970283339e-18	13056
102	[1.81166206e-09 1.95919921e-09]	7.120580970283339e-18	13184
103	[-1.79384820e-09 -1.81447114e-09]	6.510196881163154e-18	13312
104	[-4.40680022e-10 -6.13922732e-10]	5.711000026564744e-19	13440
105	[2.62846963e-10 2.99137475e-11]	6.99833580774924e-20	13568
106	[2.62846963e-10 2.99137475e-11]	6.99833580774924e-20	13696
107	[2.62846963e-10 2.99137475e-11]	6.99833580774924e-20	13824
108	[2.62846963e-10 2.99137475e-11]	6.99833580774924e-20	13952
109	[2.62846963e-10 2.99137475e-11]	6.99833580774924e-20	14080
110	[2.62846963e-10 2.99137475e-11]	6.99833580774924e-20	14208
111	[2.62846963e-10 2.99137475e-11]	6.99833580774924e-20	14336
112	[2.62846963e-10 2.99137475e-11]	6.99833580774924e-20	14464
113	[2.62846963e-10 2.99137475e-11]	6.99833580774924e-20	14592
114	[2.62846963e-10 2.99137475e-11]	6.99833580774924e-20	14720
115	[2.62846963e-10 2.99137475e-11]	6.99833580774924e-20	14848
116	[2.62846963e-10 2.99137475e-11]	6.99833580774924e-20	14976
117	[2.62846963e-10 2.99137475e-11]	6.99833580774924e-20	15104
118	[-6.60660565e-11 -1.42830363e-10]	2.476523628826372e-20	15232
119	[-6.60660565e-11 -1.42830363e-10]	2.476523628826372e-20	15360
120	[-6.60660565e-11 -1.42830363e-10]	2.476523628826372e-20	15488
121	[-3.49967877e-11 -2.52454724e-11]	1.8621090265763708e-21	15616
122	[-3.49967877e-11 -2.52454724e-11]	1.8621090265763708e-21	15744
123	[-3.49967877e-11 -2.52454724e-11]	1.8621090265763708e-21	15872
124	[-3.49967877e-11 -2.52454724e-11]	1.8621090265763708e-21	16000
125	[-6.00343534e-12  4.33056035e-12]	5.47949888327508e-23	16128
126	[-6.00343534e-12  4.33056035e-12]	5.47949888327508e-23	16256
127	[-6.00343534e-12  4.33056035e-12]	5.47949888327508e-23	16384
128	[-6.00343534e-12  4.33056035e-12]	5.47949888327508e-23	16512
129	[-6.00343534e-12  4.33056035e-12]	5.47949888327508e-23	16640
130	[-6.00343534e-12  4.33056035e-12]	5.47949888327508e-23	16768
131	[-6.00343534e-12  4.33056035e-12]	5.47949888327508e-23	16896
132	[-6.00343534e-12  4.33056035e-12]	5.47949888327508e-23	17024
133	[-1.09470637e-12 -6.27524144e-12]	4.0577037124464533e-23	17152
134	[-1.09470637e-12 -6.27524144e-12]	4.0577037124464533e-23	17280
135	[-2.83222789e-12  2.76939407e-12]	1.5691058352352366e-23	17408
136	[-2.83222789e-12  2.76939407e-12]	1.5691058352352366e-23	17536
137	[-2.83222789e-12  2.76939407e-12]	1.5691058352352366e-23	17664
138	[ 3.20948696e-12 -1.34329483e-12]	1.2105247530909374e-23	17792
139	[ 3.20948696e-12 -1.34329483e-12]	1.2105247530909374e-23	17920
140	[2.24994901e-12 6.88740859e-13]	5.536634523596337e-24	18048
141	[2.24994901e-12 6.88740859e-13]	5.536634523596337e-24	18176
142	[2.24994901e-12 6.88740859e-13]	5.536634523596337e-24	18304
143	[7.50296137e-13 9.71848771e-13]	1.5074343265758491e-24	18432
144	[4.13740649e-13 4.07511994e-13]	3.372473500820518e-25	18560
145	[4.13740649e-13 4.07511994e-13]	3.372473500820518e-25	18688
146	[1.04052905e-13 4.30705056e-14]	1.268207554507385e-26	18816
147	[1.04052905e-13 4.30705056e-14]	1.268207554507385e-26	18944
148	[1.04052905e-13 4.30705056e-14]	1.268207554507385e-26	19072
149	[1.04052905e-13 4.30705056e-14]	1.268207554507385e-26	19200
150	[1.04052905e-13 4.30705056e-14]	1.268207554507385e-26	19328
151	[1.04052905e-13 4.30705056e-14]	1.268207554507385e-26	19456
152	[1.04052905e-13 4.30705056e-14]	1.268207554507385e-26	19584
153	[1.04052905e-13 4.30705056e-14]	1.268207554507385e-26	19712
154	[1.04052905e-13 4.30705056e-14]	1.268207554507385e-26	19840
155	[1.04052905e-13 4.30705056e-14]	1.268207554507385e-26	19968
156	[1.04052905e-13 4.30705056e-14]	1.268207554507385e-26	20096
157	[1.04052905e-13 4.30705056e-14]	1.268207554507385e-26	20224
158	[-8.22885453e-14 -5.00781340e-14]	9.279224193317144e-27	20352
159	[-8.22885453e-14 -5.00781340e-14]	9.279224193317144e-27	20480
160	[-2.95324706e-16 -5.31069835e-14]	2.82043891532759e-27	20608
161	[-3.32715511e-14  1.12789487e-14]	1.2342107974932903e-27	20736
162	[-3.32715511e-14  1.12789487e-14]	1.2342107974932903e-27	20864
163	[-1.48208555e-14 -7.42658763e-15]	2.748119616903592e-28	20992
164	[-1.48208555e-14 -7.42658763e-15]	2.748119616903592e-28	21120
165	[-1.48208555e-14 -7.42658763e-15]	2.748119616903592e-28	21248
166	[-1.48208555e-14 -7.42658763e-15]	2.748119616903592e-28	21376
167	[-1.48208555e-14 -7.42658763e-15]	2.748119616903592e-28	21504
168	[-1.16880854e-14 -1.04507781e-14]	2.458301018353781e-28	21632
169	[-1.16880854e-14 -1.04507781e-14]	2.458301018353781e-28	21760
170	[-6.48423127e-15  6.33544668e-15]	8.218313977875895e-29	21888
171	[-6.48423127e-15  6.33544668e-15]	8.218313977875895e-29	22016
172	[2.66536233e-15 1.66818985e-15]	9.887013730301009e-30	22144
173	[2.66536233e-15 1.66818985e-15]	9.887013730301009e-30	22272
174	[2.66536233e-15 1.66818985e-15]	9.887013730301009e-30	22400
175	[2.66536233e-15 1.66818985e-15]	9.887013730301009e-30	22528
176	[2.66536233e-15 1.66818985e-15]	9.887013730301009e-30	22656
177	[2.66536233e-15 1.66818985e-15]	9.887013730301009e-30	22784
178	[-1.77643715e-15  2.17927786e-15]	7.904980934260263e-30	22912
179	[-1.77643715e-15  2.17927786e-15]	7.904980934260263e-30	23040
180	[1.37842613e-15 7.98307504e-16]	2.5373534530954132e-30	23168
181	[-5.21747494e-16  1.18668527e-15]	1.680442384435204e-30	23296
182	[-5.21747494e-16  1.18668527e-15]	1.680442384435204e-30	23424
183	[-4.62575033e-16  1.04638038e-15]	1.308887553000078e-30	23552
184	[-1.02821378e-15  2.49556833e-16]	1.1195021834208803e-30	23680
185	[-1.02821378e-15  2.49556833e-16]	1.1195021834208803e-30	23808
186	[-5.11049972e-16 -2.72453707e-16]	3.354030969465343e-31	23936
187	[-1.1557124e-16 -4.7073439e-16]	2.3494757761155207e-31	24064
188	[-1.1557124e-16 -4.7073439e-16]	2.3494757761155207e-31	24192
189	[-1.1557124e-16 -4.7073439e-16]	2.3494757761155207e-31	24320
190	[-1.75431115e-16  4.48348175e-16]	2.3179216243990993e-31	24448
191	[-1.75431115e-16  4.48348175e-16]	2.3179216243990993e-31	24576
192	[-3.45910069e-16  2.14943985e-16]	1.6585469257421108e-31	24704
193	[-2.21260299e-17  1.94040694e-16]	3.814135197157792e-32	24832
194	[-2.21260299e-17  1.94040694e-16]	3.814135197157792e-32	24960
195	[-2.21260299e-17  1.94040694e-16]	3.814135197157792e-32	25088
196	[1.23007952e-16 1.15234020e-16]	2.8409835746499997e-32	25216
197	[ 4.64987430e-17 -2.64536011e-17]	2.8619261108751887e-33	25344
198	[ 4.64987430e-17 -2.64536011e-17]	2.8619261108751887e-33	25472
199	[ 4.64987430e-17 -2.64536011e-17]	2.8619261108751887e-33	25600
200	[ 4.64987430e-17 -2.64536011e-17]	2.8619261108751887e-33	25728
201	[ 4.64987430e-17 -2.64536011e-17]	2.8619261108751887e-33	25856
202	[ 4.64987430e-17 -2.64536011e-17]	2.8619261108751887e-33	25984
203	[ 4.64987430e-17 -2.64536011e-17]	2.8619261108751887e-33	26112
204	[1.22057223e-17 9.45687279e-18]	2.3841209995330063e-34	26240
205	[1.22057223e-17 9.45687279e-18]	2.3841209995330063e-34	26368
206	[1.22057223e-17 9.45687279e-18]	2.3841209995330063e-34	26496
207	[1.22057223e-17 9.45687279e-18]	2.3841209995330063e-34	26624
208	[1.00567286e-17 4.57938585e-18]	1.2210856533458497e-34	26752
209	[1.00567286e-17 4.57938585e-18]	1.2210856533458497e-34	26880
210	[-8.85375248e-18  4.57938585e-18]	9.935970781656011e-35	27008
211	[-8.85375248e-18  4.57938585e-18]	9.935970781656011e-35	27136
212	[-8.85375248e-18  4.57938585e-18]	9.935970781656011e-35	27264
213	[ 5.42186252e-18 -3.27743576e-18]	4.013817830286208e-35	27392
214	[ 5.42186252e-18 -3.27743576e-18]	4.013817830286208e-35	27520
215	[-3.28904663e-18  1.49762847e-18]	1.306071875721835e-35	27648
216	[-1.02234321e-18  8.27738660e-20]	1.0520371563617173e-36	27776
217	[-1.02234321e-18  8.27738660e-20]	1.0520371563617173e-36	27904
218	[-1.02234321e-18  8.27738660e-20]	1.0520371563617173e-36	28032
219	[-1.02234321e-18  8.27738660e-20]	1.0520371563617173e-36	28160
220	[-1.02234321e-18  8.27738660e-20]	1.0520371563617173e-36	28288
221	[-1.02234321e-18  8.27738660e-20]	1.0520371563617173e-36	28416
222	[-1.02234321e-18  8.27738660e-20]	1.0520371563617173e-36	28544
223	[-1.02234321e-18  8.27738660e-20]	1.0520371563617173e-36	28672
224	[-4.90424063e-19 -7.22414453e-19]	7.623984033921475e-37	28800
225	[-4.11169598e-19 -5.53800556e-19]	4.757554934023517e-37	28928
226	[ 2.74950545e-21 -1.13974602e-19]	1.29977696292276e-38	29056
227	[ 2.74950545e-21 -1.13974602e-19]	1.29977696292276e-38	29184
228	[ 2.74950545e-21 -1.13974602e-19]	1.29977696292276e-38	29312
229	[ 2.74950545e-21 -1.13974602e-19]	1.29977696292276e-38	29440
230	[ 2.74950545e-21 -1.13974602e-19]	1.29977696292276e-38	29568
231	[ 2.74950545e-21 -1.13974602e-19]	1.29977696292276e-38	29696
232	[ 2.74950545e-21 -1.13974602e-19]	1.29977696292276e-38	29824
233	[-5.52867544e-20  7.24273988e-20]	8.302353309638177e-39	29952
234	[-3.72060296e-20 -4.51157913e-20]	3.419723267271324e-39	30080
235	[-3.72060296e-20 -4.51157913e-20]	3.419723267271324e-39	30208
236	[-5.28113482e-21  5.89206235e-22]	2.823754895689744e-41	30336
237	[-5.28113482e-21  5.89206235e-22]	2.823754895689744e-41	30464
238	[-5.28113482e-21  5.89206235e-22]	2.823754895689744e-41	30592
239	[-5.28113482e-21  5.89206235e-22]	2.823754895689744e-41	30720
240	[-5.28113482e-21  5.89206235e-22]	2.823754895689744e-41	30848
241	[-5.28113482e-21  5.89206235e-22]	2.823754895689744e-41	30976
242	[-5.28113482e-21  5.89206235e-22]	2.823754895689744e-41	31104
243	[-5.28113482e-21  5.89206235e-22]	2.823754895689744e-41	31232
244	[-5.28113482e-21  5.89206235e-22]	2.823754895689744e-41	31360
245	[-5.28113482e-21  5.89206235e-22]	2.823754895689744e-41	31488
246	[-5.28113482e-21  5.89206235e-22]	2.823754895689744e-41	31616
247	[-3.34325803e-21  3.38538087e-21]	2.263817786087924e-41	31744
248	[-3.34325803e-21  3.38538087e-21]	2.263817786087924e-41	31872
249	[-3.34325803e-21  3.38538087e-21]	2.263817786087924e-41	32000
250	[-3.34325803e-21  3.38538087e-21]	2.263817786087924e-41	32128
251	[-3.34325803e-21  3.38538087e-21]	2.263817786087924e-41	32256
252	[-2.60808991e-21  1.63465968e-21]	9.474245275807472e-42	32384
253	[-2.60808991e-21  1.63465968e-21]	9.474245275807472e-42	32512
254	[ 2.41385838e-22 -1.86844919e-21]	3.54936948209269e-42	32640
255	[ 2.41385838e-22 -1.86844919e-21]	3.54936948209269e-42	32768
256	[ 2.41385838e-22 -1.86844919e-21]	3.54936948209269e-42	32896
257	[-1.25421630e-21  5.25236551e-22]	1.848931969412216e-42	33024
258	[-1.25421630e-21  5.25236551e-22]	1.848931969412216e-42	33152
259	[-2.75247051e-22  1.45024784e-22]	9.679312696622091e-44	33280
260	[-2.75247051e-22  1.45024784e-22]	9.679312696622091e-44	33408
261	[-2.75247051e-22  1.45024784e-22]	9.679312696622091e-44	33536
262	[-3.97799972e-23  3.03071794e-22]	9.343496076510103e-44	33664
263	[-3.97799972e-23  3.03071794e-22]	9.343496076510103e-44	33792
264	[-3.97799972e-23  3.03071794e-22]	9.343496076510103e-44	33920
265	[-2.20010359e-22  5.47954590e-23]	5.140710051893946e-44	34048
266	[ 1.92256522e-22 -8.74930594e-23]	4.461760552731891e-44	34176
267	[ 1.92256522e-22 -8.74930594e-23]	4.461760552731891e-44	34304
268	[ 1.92256522e-22 -8.74930594e-23]	4.461760552731891e-44	34432
269	[ 1.92256522e-22 -8.74930594e-23]	4.461760552731891e-44	34560
270	[-1.51175695e-22 -6.00302536e-23]	2.645772223801209e-44	34688
271	[-3.97799972e-23 -2.45327185e-23]	2.1843024573894996e-45	34816
272	[-3.97799972e-23 -2.45327185e-23]	2.1843024573894996e-45	34944
273	[-3.97799972e-23 -2.45327185e-23]	2.1843024573894996e-45	35072
274	[-2.68224235e-24  3.11804732e-23]	9.794163349947376e-46	35200
275	[-2.68224235e-24  3.11804732e-23]	9.794163349947376e-46	35328
276	[-2.68224235e-24  3.11804732e-23]	9.794163349947376e-46	35456
277	[-2.68224235e-24  1.12108653e-23]	1.3287792394897925e-46	35584
278	[-2.68224235e-24  1.12108653e-23]	1.3287792394897925e-46	35712
279	[-2.68224235e-24  1.12108653e-23]	1.3287792394897925e-46	35840
280	[-2.68224235e-24  1.12108653e-23]	1.3287792394897925e-46	35968
281	[ 6.62154829e-24 -4.94485968e-24]	6.829653905857475e-47	36096
282	[ 6.62154829e-24 -4.94485968e-24]	6.829653905857475e-47	36224
283	[ 6.62154829e-24 -4.94485968e-24]	6.829653905857475e-47	36352
284	[ 6.62154829e-24 -4.94485968e-24]	6.829653905857475e-47	36480
285	[-1.05225967e-24  7.66564330e-24]	5.986933754837068e-47	36608
286	[-1.05225967e-24  7.66564330e-24]	5.986933754837068e-47	36736
287	[4.73361611e-24 5.63394425e-24]	5.414844926542061e-47	36864
288	[-2.43217609e-24 -6.59002257e-24]	4.934387799120204e-47	36992
289	[ 2.25889150e-24 -5.01778717e-24]	3.0280778832971815e-47	37120
290	[ 2.25889150e-24 -5.01778717e-24]	3.0280778832971815e-47	37248
291	[ 3.20373739e-24 -4.34517226e-24]	2.9144455244302875e-47	37376
292	[ 1.62926111e-24 -2.03031525e-24]	6.776671767904161e-48	37504
293	[ 1.62926111e-24 -2.03031525e-24]	6.776671767904161e-48	37632
294	[ 1.62926111e-24 -2.03031525e-24]	6.776671767904161e-48	37760
295	[-3.96606154e-25 -2.79807135e-25]	2.3558847372363532e-49	37888
296	[-3.96606154e-25 -2.79807135e-25]	2.3558847372363532e-49	38016
297	[-3.96606154e-25 -2.79807135e-25]	2.3558847372363532e-49	38144
298	[ 3.02371225e-25 -1.76082355e-27]	9.14314580502144e-50	38272
299	[ 3.02371225e-25 -1.76082355e-27]	9.14314580502144e-50	38400
300	[ 3.02371225e-25 -1.76082355e-27]	9.14314580502144e-50	38528
301	[ 3.02371225e-25 -1.76082355e-27]	9.14314580502144e-50	38656
302	[ 3.02371225e-25 -1.76082355e-27]	9.14314580502144e-50	38784
303	[ 3.02371225e-25 -1.76082355e-27]	9.14314580502144e-50	38912
304	[ 3.02371225e-25 -1.76082355e-27]	9.14314580502144e-50	39040
305	[-2.83107704e-25  6.12046807e-26]	8.389598493254134e-50	39168
306	[7.66595371e-26 5.80158203e-26]	9.242520028530024e-51	39296
307	[7.66595371e-26 5.80158203e-26]	9.242520028530024e-51	39424
308	[7.66595371e-26 5.80158203e-26]	9.242520028530024e-51	39552
309	[7.66595371e-26 5.80158203e-26]	9.242520028530024e-51	39680
310	[7.66595371e-26 5.80158203e-26]	9.242520028530024e-51	39808
311	[7.66595371e-26 5.80158203e-26]	9.242520028530024e-51	39936
312	[7.66595371e-26 5.80158203e-26]	9.242520028530024e-51	40064
313	[5.15470398e-26 4.87835729e-26]	5.0369342905569173e-51	40192
314	[-9.20662854e-27  6.02984884e-27]	1.2112108605592882e-52	40320
315	[-9.20662854e-27  6.02984884e-27]	1.2112108605592882e-52	40448
316	[-9.20662854e-27  6.02984884e-27]	1.2112108605592882e-52	40576
317	[-9.20662854e-27  6.02984884e-27]	1.2112108605592882e-52	40704
318	[-9.20662854e-27  6.02984884e-27]	1.2112108605592882e-52	40832
319	[-9.20662854e-27  6.02984884e-27]	1.2112108605592882e-52	40960
320	[-9.20662854e-27  6.02984884e-27]	1.2112108605592882e-52	41088
321	[-9.20662854e-27  3.72972423e-27]	9.867285185605456e-53	41216
322	[-9.20662854e-27  3.72972423e-27]	9.867285185605456e-53	41344
323	[-9.20662854e-27  3.72972423e-27]	9.867285185605456e-53	41472
324	[-9.20662854e-27  3.72972423e-27]	9.867285185605456e-53	41600
325	[-9.20662854e-27  3.72972423e-27]	9.867285185605456e-53	41728
326	[2.21964175e-27 7.40130358e-28]	5.47460243993418e-54	41856
327	[2.21964175e-27 7.40130358e-28]	5.47460243993418e-54	41984
328	[2.21964175e-27 7.40130358e-28]	5.47460243993418e-54	42112
329	[2.21964175e-27 7.40130358e-28]	5.47460243993418e-54	42240
330	[2.21964175e-27 7.40130358e-28]	5.47460243993418e-54	42368
331	[-1.31579401e-27  1.93868493e-28]	1.7688988614178207e-54	42496
332	[-1.31579401e-27  1.93868493e-28]	1.7688988614178207e-54	42624
333	[-1.31579401e-27  1.93868493e-28]	1.7688988614178207e-54	42752
334	[-1.31579401e-27  1.93868493e-28]	1.7688988614178207e-54	42880
335	[-7.32564602e-28 -6.25356598e-28]	9.277217719618061e-55	43008
336	[-7.32564602e-28 -6.25356598e-28]	9.277217719618061e-55	43136
337	[-7.32564602e-28 -6.25356598e-28]	9.277217719618061e-55	43264
338	[1.91973967e-28 7.53540529e-28]	6.046773330265393e-55	43392
339	[1.91973967e-28 7.53540529e-28]	6.046773330265393e-55	43520
340	[-3.99615721e-28 -5.64606697e-28]	4.7847344677355515e-55	43648
341	[-3.99615721e-28 -5.64606697e-28]	4.7847344677355515e-55	43776
342	[ 3.62828586e-28 -9.40812337e-29]	1.404958611422777e-55	43904
343	[ 2.00270632e-28 -2.40664952e-29]	4.0687522399284056e-56	44032
344	[9.75971404e-30 7.10174235e-30]	1.4568676249061273e-58	44160
345	[9.75971404e-30 7.10174235e-30]	1.4568676249061273e-58	44288
346	[9.75971404e-30 7.10174235e-30]	1.4568676249061273e-58	44416
347	[9.75971404e-30 7.10174235e-30]	1.4568676249061273e-58	44544
348	[9.75971404e-30 7.10174235e-30]	1.4568676249061273e-58	44672
349	[9.75971404e-30 7.10174235e-30]	1.4568676249061273e-58	44800
350	[9.75971404e-30 7.10174235e-30]	1.4568676249061273e-58	44928
351	[9.75971404e-30 7.10174235e-30]	1.4568676249061273e-58	45056
352	[9.75971404e-30 7.10174235e-30]	1.4568676249061273e-58	45184
353	[9.75971404e-30 7.10174235e-30]	1.4568676249061273e-58	45312
354	[9.75971404e-30 7.10174235e-30]	1.4568676249061273e-58	45440
355	[9.75971404e-30 7.10174235e-30]	1.4568676249061273e-58	45568
356	[9.75971404e-30 7.10174235e-30]	1.4568676249061273e-58	45696
357	[9.75971404e-30 7.10174235e-30]	1.4568676249061273e-58	45824
358	[9.75971404e-30 7.10174235e-30]	1.4568676249061273e-58	45952
359	[9.75971404e-30 7.10174235e-30]	1.4568676249061273e-58	46080
360	[ 1.03706253e-29 -2.40979873e-30]	1.1335699954100334e-58	46208
361	[ 1.03706253e-29 -2.40979873e-30]	1.1335699954100334e-58	46336
362	[-3.11331248e-30 -1.38513310e-30]	1.1611308290192305e-59	46464
363	[-3.11331248e-30 -1.38513310e-30]	1.1611308290192305e-59	46592
364	[-3.11331248e-30 -1.38513310e-30]	1.1611308290192305e-59	46720
365	[-3.11331248e-30 -1.38513310e-30]	1.1611308290192305e-59	46848
366	[-3.11331248e-30 -1.38513310e-30]	1.1611308290192305e-59	46976
367	[-3.11331248e-30 -1.38513310e-30]	1.1611308290192305e-59	47104
368	[-3.11331248e-30 -1.38513310e-30]	1.1611308290192305e-59	47232
369	[-1.11406100e-31 -1.81863005e-30]	3.319826565410887e-60	47360
370	[-1.11406100e-31 -1.81863005e-30]	3.319826565410887e-60	47488
371	[-1.11406100e-31 -1.81863005e-30]	3.319826565410887e-60	47616
372	[-1.11406100e-31 -1.81863005e-30]	3.319826565410887e-60	47744
373	[2.07781051e-31 1.40643766e-30]	2.0212398642604385e-60	47872
374	[ 1.47870410e-31 -3.82254262e-31]	1.6798397928717774e-61	48000
375	[ 1.47870410e-31 -3.82254262e-31]	1.6798397928717774e-61	48128
376	[ 1.47870410e-31 -3.82254262e-31]	1.6798397928717774e-61	48256
377	[ 1.47870410e-31 -3.82254262e-31]	1.6798397928717774e-61	48384
378	[ 1.47870410e-31 -3.82254262e-31]	1.6798397928717774e-61	48512
379	[ 1.47870410e-31 -3.82254262e-31]	1.6798397928717774e-61	48640
380	[ 1.47870410e-31 -3.82254262e-31]	1.6798397928717774e-61	48768
381	[ 1.47870410e-31 -3.82254262e-31]	1.6798397928717774e-61	48896
382	[ 1.47870410e-31 -3.82254262e-31]	1.6798397928717774e-61	49024
383	[ 3.72937369e-32 -2.28189846e-31]	5.346142883835458e-62	49152
384	[-1.35668050e-31 -1.40595959e-32]	1.8603492034161384e-62	49280
385	[-1.35668050e-31 -1.40595959e-32]	1.8603492034161384e-62	49408
386	[3.61235307e-33 5.40683567e-32]	2.936436295135898e-63	49536
387	[3.61235307e-33 5.40683567e-32]	2.936436295135898e-63	49664
388	[-1.56446777e-32  4.28654189e-32]	2.0822000733768863e-63	49792
389	[-1.56446777e-32  4.28654189e-32]	2.0822000733768863e-63	49920
390	[-1.56446777e-32  4.28654189e-32]	2.0822000733768863e-63	50048
391	[4.45282616e-32 2.06246972e-33]	1.9870198594605385e-63	50176
392	[2.59698314e-33 4.04159227e-32]	1.640191125169146e-63	50304
393	[-1.76598263e-34 -1.40595959e-32]	1.9770342281207832e-64	50432
394	[-1.76598263e-34 -1.40595959e-32]	1.9770342281207832e-64	50560
395	[-1.76598263e-34 -1.40595959e-32]	1.9770342281207832e-64	50688
396	[-1.76598263e-34 -1.40595959e-32]	1.9770342281207832e-64	50816
397	[-1.76598263e-34 -1.40595959e-32]	1.9770342281207832e-64	50944
398	[-7.74568852e-33 -5.57039572e-33]	9.10249991702783e-65	51072
399	[-7.74568852e-33 -5.57039572e-33]	9.10249991702783e-65	51200
400	[-6.94824592e-33  3.57499296e-33]	6.105869611234259e-65	51328
401	[-6.94824592e-33  3.57499296e-33]	6.105869611234259e-65	51456
402	[-3.00408827e-33 -1.07875823e-33]	1.0188265651590825e-65	51584
403	[-3.00408827e-33 -1.07875823e-33]	1.0188265651590825e-65	51712
404	[-6.99113994e-34 -3.28551542e-34]	5.967064920661074e-67	51840
405	[-6.99113994e-34 -3.28551542e-34]	5.967064920661074e-67	51968
406	[-6.99113994e-34 -3.28551542e-34]	5.967064920661074e-67	52096
407	[-6.99113994e-34 -3.28551542e-34]	5.967064920661074e-67	52224
408	[-6.99113994e-34 -3.28551542e-34]	5.967064920661074e-67	52352
409	[-6.99113994e-34 -3.28551542e-34]	5.967064920661074e-67	52480
410	[-6.99113994e-34 -3.28551542e-34]	5.967064920661074e-67	52608
411	[-6.99113994e-34 -3.28551542e-34]	5.967064920661074e-67	52736
412	[-6.99113994e-34 -3.28551542e-34]	5.967064920661074e-67	52864
413	[-6.99113994e-34 -3.28551542e-34]	5.967064920661074e-67	52992
414	[ 6.06182906e-35 -3.69541005e-34]	1.4023513145709824e-67	53120
415	[ 6.06182906e-35 -3.69541005e-34]	1.4023513145709824e-67	53248
416	[-1.27425902e-34 -3.28480993e-34]	1.241371233681853e-67	53376
417	[2.82276782e-34 1.69286633e-34]	1.0833814571149953e-67	53504
418	[2.82276782e-34 1.69286633e-34]	1.0833814571149953e-67	53632
419	[2.82276782e-34 1.69286633e-34]	1.0833814571149953e-67	53760
420	[1.60685823e-34 8.08958069e-36]	2.5885374959052115e-68	53888
421	[1.60685823e-34 8.08958069e-36]	2.5885374959052115e-68	54016
422	[1.60685823e-34 8.08958069e-36]	2.5885374959052115e-68	54144
423	[ 4.94227673e-35 -8.24840439e-35]	9.246227417688822e-69	54272
424	[ 4.94227673e-35 -8.24840439e-35]	9.246227417688822e-69	54400
425	[5.61428403e-35 2.15612442e-35]	3.616905765415567e-69	54528
426	[ 1.23505199e-35 -3.61472233e-35]	1.4591570943250677e-69	54656
427	[ 1.23505199e-35 -3.61472233e-35]	1.4591570943250677e-69	54784
428	[-3.20974181e-35 -1.56558962e-35]	1.2753513369877383e-69	54912
429	[-3.20974181e-35 -1.56558962e-35]	1.2753513369877383e-69	55040
430	[-3.20974181e-35 -1.56558962e-35]	1.2753513369877383e-69	55168
431	[6.64565185e-36 9.89082074e-36]	1.419930234480268e-70	55296
432	[6.64565185e-36 9.89082074e-36]	1.419930234480268e-70	55424
433	[6.64565185e-36 9.89082074e-36]	1.419930234480268e-70	55552
434	[6.64565185e-36 9.89082074e-36]	1.419930234480268e-70	55680
435	[2.94361852e-36 1.03757548e-35]	1.163211773616327e-70	55808
436	[2.94361852e-36 1.03757548e-35]	1.163211773616327e-70	55936
437	[2.94361852e-36 1.03757548e-35]	1.163211773616327e-70	56064
438	[2.94361852e-36 1.03757548e-35]	1.163211773616327e-70	56192
439	[-1.52869735e-36  6.16277772e-36]	4.031674479224227e-71	56320
440	[-1.52869735e-36  6.16277772e-36]	4.031674479224227e-71	56448
441	[-5.85940692e-36  1.05304628e-36]	3.5441555868852864e-71	56576
442	[-5.85940692e-36  1.05304628e-36]	3.5441555868852864e-71	56704
443	[-5.85940692e-36  1.05304628e-36]	3.5441555868852864e-71	56832
444	[-5.85940692e-36  1.05304628e-36]	3.5441555868852864e-71	56960
445	[-2.86710934e-37  2.20689123e-36]	4.952572072310015e-72	57088
446	[ 7.14826964e-37 -1.59865626e-36]	3.0666794240186894e-72	57216
447	[-1.18375383e-36  1.26528687e-36]	3.002224003805097e-72	57344
448	[-1.18375383e-36  1.26528687e-36]	3.002224003805097e-72	57472
449	[6.29600860e-37 1.24363561e-36]	1.9430267622053516e-72	57600
450	[5.73555595e-37 5.54904585e-37]	6.368851184187964e-73	57728
451	[ 2.73498580e-37 -1.28926138e-37]	9.142342239661496e-74	57856
452	[ 2.73498580e-37 -1.28926138e-37]	9.142342239661496e-74	57984
453	[-4.62031626e-38 -5.57766234e-38]	5.245763945303401e-75	58112
454	[-4.62031626e-38 -5.57766234e-38]	5.245763945303401e-75	58240
455	[-4.62031626e-38 -5.57766234e-38]	5.245763945303401e-75	58368
456	[-4.62031626e-38 -5.57766234e-38]	5.245763945303401e-75	58496
457	[-4.62031626e-38 -5.57766234e-38]	5.245763945303401e-75	58624
458	[-4.62031626e-38 -5.57766234e-38]	5.245763945303401e-75	58752
459	[-4.62031626e-38 -5.57766234e-38]	5.245763945303401e-75	58880
460	[-4.62031626e-38 -5.57766234e-38]	5.245763945303401e-75	59008
461	[-3.71398608e-38  2.45449856e-38]	1.9818255800035529e-75	59136
462	[-3.71398608e-38  2.45449856e-38]	1.9818255800035529e-75	59264
463	[-3.71398608e-38  2.45449856e-38]	1.9818255800035529e-75	59392
464	[-1.37710079e-38  3.74865720e-38]	1.594883736284497e-75	59520
465	[-1.37710079e-38  3.74865720e-38]	1.594883736284497e-75	59648
466	[-1.37710079e-38  3.74865720e-38]	1.594883736284497e-75	59776
467	[-1.37710079e-38  3.74865720e-38]	1.594883736284497e-75	59904
468	[-1.37710079e-38  3.74865720e-38]	1.594883736284497e-75	60032
469	[ 1.77696499e-38 -3.36243443e-38]	1.4463569854548407e-75	60160
470	[ 1.77696499e-38 -3.36243443e-38]	1.4463569854548407e-75	60288
471	[ 1.77696499e-38 -3.36243443e-38]	1.4463569854548407e-75	60416
472	[-1.79006700e-38 -1.90673154e-38]	6.839965026769226e-76	60544
473	[-6.45056166e-39 -1.07066995e-38]	1.5624315901275445e-76	60672
474	[-9.04890233e-39  7.31894261e-39]	1.3544955420497102e-76	60800
475	[-6.45056166e-39  2.09219244e-39]	4.5987014914518515e-77	60928
476	[-1.12369710e-39  1.96632047e-41]	1.2630818237062785e-78	61056
477	[-1.12369710e-39  1.96632047e-41]	1.2630818237062785e-78	61184
478	[-1.12369710e-39  1.96632047e-41]	1.2630818237062785e-78	61312
479	[-1.12369710e-39  1.96632047e-41]	1.2630818237062785e-78	61440
480	[-9.96929187e-40 -1.75807499e-40]	1.0247760809103218e-78	61568
481	[-9.96929187e-40 -1.75807499e-40]	1.0247760809103218e-78	61696
482	[-9.96929187e-40 -1.75807499e-40]	1.0247760809103218e-78	61824
483	[-9.96929187e-40 -1.75807499e-40]	1.0247760809103218e-78	61952
484	[-9.96929187e-40 -1.75807499e-40]	1.0247760809103218e-78	62080
485	[-9.96929187e-40 -1.75807499e-40]	1.0247760809103218e-78	62208
486	[-9.96929187e-40 -1.75807499e-40]	1.0247760809103218e-78	62336
487	[ 3.82164754e-40 -9.01545067e-40]	9.588334072585647e-79	62464
488	[ 3.82164754e-40 -9.01545067e-40]	9.588334072585647e-79	62592
489	[-6.22279442e-40 -6.20650031e-40]	7.72438165696689e-79	62720
490	[-5.04454882e-40  6.41205383e-40]	6.656190708982498e-79	62848
491	[-5.04454882e-40  6.41205383e-40]	6.656190708982498e-79	62976
492	[-5.04454882e-40  6.41205383e-40]	6.656190708982498e-79	63104
493	[-8.57496214e-41 -4.71209431e-40]	2.2939132566169488e-79	63232
494	[-8.57496214e-41 -4.71209431e-40]	2.2939132566169488e-79	63360
495	[-1.81077753e-40  2.26869791e-40]	8.425905472225628e-80	63488
496	[-3.32297403e-41 -8.52785077e-41]	8.376639526386262e-81	63616
497	[-3.32297403e-41 -8.52785077e-41]	8.376639526386262e-81	63744
498	[-3.32297403e-41 -8.52785077e-41]	8.376639526386262e-81	63872
499	[-3.32297403e-41 -8.52785077e-41]	8.376639526386262e-81	64000
500	[-3.32297403e-41 -8.52785077e-41]	8.376639526386262e-81	64128
501	[-3.32297403e-41 -8.52785077e-41]	8.376639526386262e-81	64256
502	[2.09252661e-41 1.58431968e-41]	6.888736441683216e-82	64384
503	[2.09252661e-41 1.58431968e-41]	6.888736441683216e-82	64512
504	[2.09252661e-41 1.58431968e-41]	6.888736441683216e-82	64640
505	[2.09252661e-41 1.58431968e-41]	6.888736441683216e-82	64768
506	[2.09252661e-41 1.58431968e-41]	6.888736441683216e-82	64896
507	[2.09252661e-41 1.58431968e-41]	6.888736441683216e-82	65024
508	[ 1.85555567e-41 -9.60823957e-42]	4.366269530295812e-82	65152
509	[ 1.85555567e-41 -9.60823957e-42]	4.366269530295812e-82	65280
510	[ 1.85555567e-41 -9.60823957e-42]	4.366269530295812e-82	65408
511	[4.81643964e-42 1.23676570e-42]	2.4727680214384927e-83	65536
512	[4.81643964e-42 1.23676570e-42]	2.4727680214384927e-83	65664
513	[4.81643964e-42 1.23676570e-42]	2.4727680214384927e-83	65792
514	[4.81643964e-42 1.23676570e-42]	2.4727680214384927e-83	65920
515	[4.81643964e-42 1.23676570e-42]	2.4727680214384927e-83	66048
516	[4.81643964e-42 1.23676570e-42]	2.4727680214384927e-83	66176
517	[4.81643964e-42 1.23676570e-42]	2.4727680214384927e-83	66304
518	[4.81643964e-42 1.23676570e-42]	2.4727680214384927e-83	66432
519	[4.81643964e-42 1.23676570e-42]	2.4727680214384927e-83	66560
520	[ 2.51541171e-42 -8.04100008e-43]	6.973872900646689e-84	66688
521	[ 2.51541171e-42 -8.04100008e-43]	6.973872900646689e-84	66816
522	[-5.02724695e-43 -8.61454020e-43]	9.948351477174383e-85	66944
523	[-5.02724695e-43 -8.61454020e-43]	9.948351477174383e-85	67072
524	[-5.02724695e-43 -8.61454020e-43]	9.948351477174383e-85	67200
525	[-5.02724695e-43 -8.61454020e-43]	9.948351477174383e-85	67328
526	[-5.02724695e-43 -8.61454020e-43]	9.948351477174383e-85	67456
527	[-5.02724695e-43 -8.61454020e-43]	9.948351477174383e-85	67584
528	[-5.02724695e-43 -8.61454020e-43]	9.948351477174383e-85	67712
529	[ 9.93498080e-45 -1.56527846e-43]	2.4599670270726136e-86	67840
530	[ 9.93498080e-45 -1.56527846e-43]	2.4599670270726136e-86	67968
531	[ 9.93498080e-45 -1.56527846e-43]	2.4599670270726136e-86	68096
532	[ 9.93498080e-45 -1.56527846e-43]	2.4599670270726136e-86	68224
533	[ 9.93498080e-45 -1.56527846e-43]	2.4599670270726136e-86	68352
534	[ 9.93498080e-45 -1.56527846e-43]	2.4599670270726136e-86	68480
535	[ 9.93498080e-45 -1.56527846e-43]	2.4599670270726136e-86	68608
536	[ 9.93498080e-45 -1.56527846e-43]	2.4599670270726136e-86	68736
537	[ 9.93498080e-45 -1.56527846e-43]	2.4599670270726136e-86	68864
538	[ 9.93498080e-45 -1.56527846e-43]	2.4599670270726136e-86	68992
539	[-3.08205798e-44 -6.47622152e-44]	5.1440526612392645e-87	69120
540	[-3.08205798e-44 -6.47622152e-44]	5.1440526612392645e-87	69248
541	[-3.00585147e-44  1.21850384e-44]	1.051989466458696e-87	69376
542	[-3.00585147e-44  1.21850384e-44]	1.051989466458696e-87	69504
543	[-3.00585147e-44  1.21850384e-44]	1.051989466458696e-87	69632
544	[ 1.47632195e-44 -2.30281261e-44]	7.48247239009017e-88	69760
545	[ 1.47632195e-44 -2.30281261e-44]	7.48247239009017e-88	69888
546	[ 1.47632195e-44 -2.30281261e-44]	7.48247239009017e-88	70016
547	[ 1.47632195e-44 -2.30281261e-44]	7.48247239009017e-88	70144
548	[ 2.54627000e-45 -2.30281261e-44]	5.367780804605173e-88	70272
549	[ 2.54627000e-45 -2.30281261e-44]	5.367780804605173e-88	70400
550	[ 1.51395120e-45 -1.53460973e-44]	2.377947520151379e-88	70528
551	[ 1.51395120e-45 -1.53460973e-44]	2.377947520151379e-88	70656
552	[ 1.51395120e-45 -1.53460973e-44]	2.377947520151379e-88	70784
553	[ 1.51395120e-45 -1.53460973e-44]	2.377947520151379e-88	70912
554	[-7.64031606e-45  3.28729768e-45]	6.91807555071551e-89	71040
555	[-7.64031606e-45  3.28729768e-45]	6.91807555071551e-89	71168
556	[-7.64031606e-45  3.28729768e-45]	6.91807555071551e-89	71296
557	[-7.64031606e-45  3.28729768e-45]	6.91807555071551e-89	71424
558	[ 4.93551267e-46 -6.07289125e-45]	3.712360104277271e-89	71552
559	[ 1.86281831e-45 -1.00020501e-45]	4.4705021154616355e-90	71680
560	[ 1.86281831e-45 -1.00020501e-45]	4.4705021154616355e-90	71808
561	[ 1.86281831e-45 -1.00020501e-45]	4.4705021154616355e-90	71936
562	[-1.83715792e-45 -2.78779997e-46]	3.452867492689278e-90	72064
563	[-8.87337791e-46 -1.15945028e-45]	2.131693312037237e-90	72192
564	[-8.87337791e-46 -1.15945028e-45]	2.131693312037237e-90	72320
565	[-8.87337791e-46 -1.15945028e-45]	2.131693312037237e-90	72448
566	[-8.87337791e-46 -1.15945028e-45]	2.131693312037237e-90	72576
567	[-8.87337791e-46 -1.15945028e-45]	2.131693312037237e-90	72704
568	[-8.87337791e-46 -1.15945028e-45]	2.131693312037237e-90	72832
569	[-2.50510238e-47  4.53074447e-46]	2.059040081598476e-91	72960
570	[-2.50510238e-47  4.53074447e-46]	2.059040081598476e-91	73088
571	[-2.50510238e-47  4.53074447e-46]	2.059040081598476e-91	73216
572	[-2.50510238e-47  4.53074447e-46]	2.059040081598476e-91	73344
573	[-2.50510238e-47  4.53074447e-46]	2.059040081598476e-91	73472
574	[1.48151037e-46 1.47272601e-46]	4.3637948869899905e-92	73600
575	[1.48151037e-46 1.47272601e-46]	4.3637948869899905e-92	73728
576	[1.48151037e-46 1.47272601e-46]	4.3637948869899905e-92	73856
577	[-9.07049086e-47  1.05760224e-46]	1.941260537250285e-92	73984
578	[-9.07049086e-47  1.05760224e-46]	1.941260537250285e-92	74112
579	[-9.07049086e-47  1.05760224e-46]	1.941260537250285e-92	74240
580	[-6.15315881e-47 -1.18432822e-46]	1.7812469672355827e-92	74368
581	[-6.15315881e-47 -1.18432822e-46]	1.7812469672355827e-92	74496
582	[-6.15315881e-47 -1.18432822e-46]	1.7812469672355827e-92	74624
583	[3.26378538e-47 1.12215497e-46]	1.3657547282250762e-92	74752
584	[3.26378538e-47 1.12215497e-46]	1.3657547282250762e-92	74880
585	[ 6.89196320e-47 -1.08384588e-47]	4.867387865984957e-93	75008
586	[1.53389038e-47 7.50347430e-48]	2.915840966462929e-94	75136
587	[1.53389038e-47 7.50347430e-48]	2.915840966462929e-94	75264
588	[1.53389038e-47 7.50347430e-48]	2.915840966462929e-94	75392
589	[1.53389038e-47 7.50347430e-48]	2.915840966462929e-94	75520
590	[1.53389038e-47 7.50347430e-48]	2.915840966462929e-94	75648
591	[1.53389038e-47 7.50347430e-48]	2.915840966462929e-94	75776
592	[1.54731442e-47 4.82795170e-48]	2.6272730980524553e-94	75904
593	[-1.08377722e-47 -9.47281638e-49]	1.1835464956155214e-94	76032
594	[-1.08377722e-47 -9.47281638e-49]	1.1835464956155214e-94	76160
595	[-1.08377722e-47 -9.47281638e-49]	1.1835464956155214e-94	76288
596	[-1.08377722e-47 -9.47281638e-49]	1.1835464956155214e-94	76416
597	[-1.08377722e-47 -9.47281638e-49]	1.1835464956155214e-94	76544
598	[1.87827966e-48 5.08955459e-48]	2.94315003531842e-95	76672
599	[-1.83536131e-48  5.08955459e-48]	2.9272117016742936e-95	76800
600	[-1.83536131e-48  5.08955459e-48]	2.9272117016742936e-95	76928
601	[-1.83536131e-48  5.08955459e-48]	2.9272117016742936e-95	77056
602	[3.71780513e-48 1.06022371e-48]	1.4946149305606869e-95	77184
603	[3.71780513e-48 1.06022371e-48]	1.4946149305606869e-95	77312
604	[3.71780513e-48 1.06022371e-48]	1.4946149305606869e-95	77440
605	[ 4.45513234e-49 -2.38771913e-48]	5.899684678908929e-96	77568
606	[ 4.45513234e-49 -2.38771913e-48]	5.899684678908929e-96	77696
607	[-5.18355038e-49 -1.41291132e-48]	2.2650103375453086e-96	77824
608	[-5.18355038e-49 -1.41291132e-48]	2.2650103375453086e-96	77952
609	[-2.84261266e-49  1.28010954e-48]	1.7194849054682199e-96	78080
610	[-9.77495214e-49 -7.75624870e-50]	9.61512832574086e-97	78208
611	[2.50123755e-49 8.96555978e-49]	8.663745136595648e-97	78336
612	[-3.06058438e-49  1.58860998e-49]	1.18908584292226e-97	78464
613	[-3.06058438e-49  1.58860998e-49]	1.18908584292226e-97	78592
614	[-3.06058438e-49  1.58860998e-49]	1.18908584292226e-97	78720
615	[-3.06058438e-49  1.58860998e-49]	1.18908584292226e-97	78848
616	[ 2.50907766e-49 -3.97200390e-50]	6.453238865829215e-98	78976
617	[ 5.01170390e-50 -9.50082654e-51]	2.6019833007106344e-99	79104
618	[ 5.01170390e-50 -9.50082654e-51]	2.6019833007106344e-99	79232
619	[ 5.01170390e-50 -9.50082654e-51]	2.6019833007106344e-99	79360
620	[ 5.01170390e-50 -9.50082654e-51]	2.6019833007106344e-99	79488
621	[ 1.17226422e-50 -1.55334105e-50]	3.7870718252348624e-100	79616
622	[ 1.17226422e-50 -1.55334105e-50]	3.7870718252348624e-100	79744
623	[ 1.17226422e-50 -1.55334105e-50]	3.7870718252348624e-100	79872
624	[ 1.17226422e-50 -1.55334105e-50]	3.7870718252348624e-100	80000
625	[ 1.17226422e-50 -1.55334105e-50]	3.7870718252348624e-100	80128
626	[ 1.17226422e-50 -1.55334105e-50]	3.7870718252348624e-100	80256
627	[ 1.17226422e-50 -1.55334105e-50]	3.7870718252348624e-100	80384
628	[ 1.17226422e-50 -1.55334105e-50]	3.7870718252348624e-100	80512
629	[ 1.17226422e-50 -1.55334105e-50]	3.7870718252348624e-100	80640
630	[ 1.17226422e-50 -1.55334105e-50]	3.7870718252348624e-100	80768
631	[ 1.17226422e-50 -1.55334105e-50]	3.7870718252348624e-100	80896
632	[-1.25240798e-50 -2.11685706e-51]	1.613336587673968e-100	81024
633	[ 7.72346921e-51 -7.85620332e-51]	1.2137190720961117e-100	81152
634	[-8.40342512e-51  5.15738755e-51]	9.72162000305026e-101	81280
635	[-8.40342512e-51  5.15738755e-51]	9.72162000305026e-101	81408
636	[-4.27543316e-52 -8.87877992e-52]	9.711206149466926e-103	81536
637	[-4.27543316e-52 -8.87877992e-52]	9.711206149466926e-103	81664
638	[-4.27543316e-52 -8.87877992e-52]	9.711206149466926e-103	81792
639	[-4.27543316e-52 -8.87877992e-52]	9.711206149466926e-103	81920
640	[-4.27543316e-52 -8.87877992e-52]	9.711206149466926e-103	82048
641	[-4.27543316e-52 -8.87877992e-52]	9.711206149466926e-103	82176
642	[-4.27543316e-52 -8.87877992e-52]	9.711206149466926e-103	82304
643	[-4.27543316e-52 -8.87877992e-52]	9.711206149466926e-103	82432
644	[-4.27543316e-52 -8.87877992e-52]	9.711206149466926e-103	82560
645	[-4.27543316e-52 -8.87877992e-52]	9.711206149466926e-103	82688
646	[-4.27543316e-52 -8.87877992e-52]	9.711206149466926e-103	82816
647	[-4.27543316e-52 -8.87877992e-52]	9.711206149466926e-103	82944
648	[-4.27543316e-52 -8.87877992e-52]	9.711206149466926e-103	83072
649	[-4.27543316e-52 -8.87877992e-52]	9.711206149466926e-103	83200
650	[-3.13274564e-52  7.05897678e-52]	5.96432484845967e-103	83328
651	[-6.85761862e-52  3.46091572e-52]	5.900487082366699e-103	83456
652	[5.98454990e-52 4.10974124e-52]	5.270481061107081e-103	83584
653	[-2.59468081e-52 -3.90108962e-53]	6.884553518594396e-104	83712
654	[1.15212810e-52 4.20594261e-53]	1.50429869405467e-104	83840
655	[1.15212810e-52 4.20594261e-53]	1.50429869405467e-104	83968
656	[1.15212810e-52 4.20594261e-53]	1.50429869405467e-104	84096
657	[1.15212810e-52 4.20594261e-53]	1.50429869405467e-104	84224
658	[1.15212810e-52 4.20594261e-53]	1.50429869405467e-104	84352
659	[1.15212810e-52 4.20594261e-53]	1.50429869405467e-104	84480
660	[1.15212810e-52 4.20594261e-53]	1.50429869405467e-104	84608
661	[ 6.59149695e-53 -4.16104698e-53]	6.076214409262557e-105	84736
662	[ 6.59149695e-53 -4.16104698e-53]	6.076214409262557e-105	84864
663	[ 6.59149695e-53 -4.16104698e-53]	6.076214409262557e-105	84992
664	[-2.98371451e-53  1.34906045e-53]	1.0722516395980707e-105	85120
665	[-2.98371451e-53  1.34906045e-53]	1.0722516395980707e-105	85248
666	[-2.98371451e-53  1.34906045e-53]	1.0722516395980707e-105	85376
667	[-6.11485245e-54  5.28675915e-54]	6.534124283798965e-107	85504
668	[-6.11485245e-54  5.28675915e-54]	6.534124283798965e-107	85632
669	[-6.11485245e-54  5.28675915e-54]	6.534124283798965e-107	85760
670	[-6.11485245e-54  5.28675915e-54]	6.534124283798965e-107	85888
671	[-6.11485245e-54  5.28675915e-54]	6.534124283798965e-107	86016
672	[-6.11485245e-54  5.28675915e-54]	6.534124283798965e-107	86144
673	[-6.11485245e-54  5.28675915e-54]	6.534124283798965e-107	86272
674	[ 3.11087207e-54 -5.22932884e-54]	3.7023405186405006e-107	86400
675	[ 3.11087207e-54 -5.22932884e-54]	3.7023405186405006e-107	86528
676	[ 3.11087207e-54 -5.22932884e-54]	3.7023405186405006e-107	86656
677	[ 3.11087207e-54 -5.22932884e-54]	3.7023405186405006e-107	86784
678	[ 3.11087207e-54 -5.22932884e-54]	3.7023405186405006e-107	86912
679	[5.71831398e-54 9.68963276e-55]	3.363800459684132e-107	87040
680	[ 4.53739613e-54 -1.44616529e-54]	2.2679357676041393e-107	87168
681	[ 5.23026322e-55 -1.59962397e-55]	2.991445021187658e-109	87296
682	[ 5.23026322e-55 -1.59962397e-55]	2.991445021187658e-109	87424
683	[ 5.23026322e-55 -1.59962397e-55]	2.991445021187658e-109	87552
684	[ 5.23026322e-55 -1.59962397e-55]	2.991445021187658e-109	87680
685	[ 5.23026322e-55 -1.59962397e-55]	2.991445021187658e-109	87808
686	[ 5.23026322e-55 -1.59962397e-55]	2.991445021187658e-109	87936
687	[ 5.23026322e-55 -1.59962397e-55]	2.991445021187658e-109	88064
688	[ 5.23026322e-55 -1.59962397e-55]	2.991445021187658e-109	88192
689	[ 5.23026322e-55 -1.59962397e-55]	2.991445021187658e-109	88320
690	[ 5.23026322e-55 -1.59962397e-55]	2.991445021187658e-109	88448
691	[-3.75485355e-55 -2.38984652e-55]	1.9810291614833064e-109	88576
692	[-2.66099737e-55  2.06763969e-55]	1.135604088984507e-109	88704
693	[-2.66099737e-55  2.06763969e-55]	1.135604088984507e-109	88832
694	[-2.66099737e-55  2.06763969e-55]	1.135604088984507e-109	88960
695	[-2.66099737e-55  2.06763969e-55]	1.135604088984507e-109	89088
696	[-7.05842516e-56 -1.49000094e-56]	5.2041468612341686e-111	89216
697	[-7.05842516e-56 -1.49000094e-56]	5.2041468612341686e-111	89344
698	[-7.05842516e-56 -1.49000094e-56]	5.2041468612341686e-111	89472
699	[-4.57136239e-56 -5.19417012e-56]	4.787675731381022e-111	89600
700	[-4.57136239e-56 -5.19417012e-56]	4.787675731381022e-111	89728
701	[-1.88272063e-56  2.42044224e-56]	9.403177634453963e-112	89856
702	[-1.88272063e-56  2.42044224e-56]	9.403177634453963e-112	89984
703	[-1.88272063e-56  2.42044224e-56]	9.403177634453963e-112	90112
704	[-1.88272063e-56  2.42044224e-56]	9.403177634453963e-112	90240
705	[-3.00347608e-56 -5.11609527e-58]	9.02348599951292e-112	90368
706	[1.65678633e-57 2.74101563e-58]	2.8200726062421283e-114	90496
707	[1.65678633e-57 2.74101563e-58]	2.8200726062421283e-114	90624
708	[1.65678633e-57 2.74101563e-58]	2.8200726062421283e-114	90752
709	[1.65678633e-57 2.74101563e-58]	2.8200726062421283e-114	90880
710	[1.65678633e-57 2.74101563e-58]	2.8200726062421283e-114	91008
711	[1.65678633e-57 2.74101563e-58]	2.8200726062421283e-114	91136
712	[ 8.68941087e-58 -1.03879860e-57]	1.834161145445301e-114	91264
713	[ 8.68941087e-58 -1.03879860e-57]	1.834161145445301e-114	91392
714	[ 8.68941087e-58 -1.03879860e-57]	1.834161145445301e-114	91520
715	[ 8.68941087e-58 -1.03879860e-57]	1.834161145445301e-114	91648
716	[ 8.68941087e-58 -1.03879860e-57]	1.834161145445301e-114	91776
717	[ 8.68941087e-58 -1.03879860e-57]	1.834161145445301e-114	91904
718	[ 8.68941087e-58 -1.03879860e-57]	1.834161145445301e-114	92032
719	[ 8.68941087e-58 -1.03879860e-57]	1.834161145445301e-114	92160
720	[ 8.68941087e-58 -1.03879860e-57]	1.834161145445301e-114	92288
721	[ 8.68941087e-58 -1.03879860e-57]	1.834161145445301e-114	92416
722	[ 8.68941087e-58 -1.03879860e-57]	1.834161145445301e-114	92544
723	[1.20885579e-57 6.09971378e-58]	1.8333974076420736e-114	92672
724	[1.20885579e-57 6.09971378e-58]	1.8333974076420736e-114	92800
725	[-3.79260853e-58 -1.21358992e-57]	1.616639285512016e-114	92928
726	[ 3.18296664e-59 -4.14945738e-58]	1.7319309335887354e-115	93056
727	[ 3.18296664e-59 -4.14945738e-58]	1.7319309335887354e-115	93184
728	[ 3.18296664e-59 -4.14945738e-58]	1.7319309335887354e-115	93312
729	[ 3.18296664e-59 -4.14945738e-58]	1.7319309335887354e-115	93440
730	[ 3.18296664e-59 -4.14945738e-58]	1.7319309335887354e-115	93568
731	[2.08533370e-58 2.02724185e-58]	8.458326181443866e-116	93696
732	[ 1.17884483e-58 -1.19475019e-58]	2.8171031480210647e-116	93824
733	[ 4.31970918e-59 -7.22620447e-59]	7.087791842993659e-117	93952
734	[ 4.31970918e-59 -7.22620447e-59]	7.087791842993659e-117	94080
735	[7.02563599e-59 4.39633671e-59]	6.868733751084611e-117	94208
736	[7.02563599e-59 4.39633671e-59]	6.868733751084611e-117	94336
737	[-3.27793123e-59 -6.53004852e-59]	5.338636679663692e-117	94464
738	[-3.27793123e-59 -6.53004852e-59]	5.338636679663692e-117	94592
739	[-4.74045568e-60  3.60599864e-59]	1.3227945376895307e-117	94720
740	[-4.74045568e-60  3.60599864e-59]	1.3227945376895307e-117	94848
741	[-4.74045568e-60  3.60599864e-59]	1.3227945376895307e-117	94976
742	[-1.74175893e-59  2.71093219e-59]	1.0382877527828995e-117	95104
743	[-1.74175893e-59  2.71093219e-59]	1.0382877527828995e-117	95232
744	[-1.74175893e-59  2.71093219e-59]	1.0382877527828995e-117	95360
745	[6.48406515e-60 2.93924261e-60]	5.068224804016523e-119	95488
746	[6.48406515e-60 2.93924261e-60]	5.068224804016523e-119	95616
747	[4.07450905e-60 5.55761109e-60]	4.7488665048443604e-119	95744
748	[4.07450905e-60 5.55761109e-60]	4.7488665048443604e-119	95872
749	[4.07450905e-60 5.55761109e-60]	4.7488665048443604e-119	96000
750	[4.07450905e-60 5.55761109e-60]	4.7488665048443604e-119	96128
751	[-3.08048538e-60 -1.41864077e-60]	1.1501931828869206e-119	96256
752	[-3.08048538e-60 -1.41864077e-60]	1.1501931828869206e-119	96384
753	[ 9.65769185e-61 -4.51453592e-61]	1.1365204647464848e-120	96512
754	[ 9.65769185e-61 -4.51453592e-61]	1.1365204647464848e-120	96640
755	[ 9.65769185e-61 -4.51453592e-61]	1.1365204647464848e-120	96768
756	[ 9.65769185e-61 -4.51453592e-61]	1.1365204647464848e-120	96896
757	[ 9.65769185e-61 -4.51453592e-61]	1.1365204647464848e-120	97024
758	[ 9.65769185e-61 -4.51453592e-61]	1.1365204647464848e-120	97152
759	[-6.76331239e-61  7.66022068e-61]	1.044213753918834e-120	97280
760	[-6.76331239e-61  7.66022068e-61]	1.044213753918834e-120	97408
761	[-1.47000063e-61 -7.47310255e-61]	5.800816350895967e-121	97536
762	[-1.47000063e-61 -7.47310255e-61]	5.800816350895967e-121	97664
763	[-6.35494982e-61 -2.43738845e-61]	4.632624961837491e-121	97792
764	[-2.82352207e-61  4.18899185e-61]	2.551992961598135e-121	97920
765	[4.81361355e-61 1.37170992e-61]	2.5052463559052863e-121	98048
766	[1.14981501e-61 3.34078176e-61]	1.2482897324353076e-121	98176
767	[7.51912634e-62 2.94587792e-61]	9.243569350364699e-122	98304
768	[ 1.55912472e-62 -1.20705236e-61]	1.4812840889069101e-122	98432
769	[ 1.55912472e-62 -1.20705236e-61]	1.4812840889069101e-122	98560
770	[ 1.55912472e-62 -1.20705236e-61]	1.4812840889069101e-122	98688
771	[2.27275428e-62 1.21314869e-62]	6.637141757464209e-124	98816
772	[2.27275428e-62 1.21314869e-62]	6.637141757464209e-124	98944
773	[2.27275428e-62 1.21314869e-62]	6.637141757464209e-124	99072
774	[2.27275428e-62 1.21314869e-62]	6.637141757464209e-124	99200
775	[2.27275428e-62 1.21314869e-62]	6.637141757464209e-124	99328
776	[2.27275428e-62 1.21314869e-62]	6.637141757464209e-124	99456
777	[2.27275428e-62 1.21314869e-62]	6.637141757464209e-124	99584
778	[2.27275428e-62 1.21314869e-62]	6.637141757464209e-124	99712
779	[1.07969288e-62 4.68318685e-63]	1.38505909646234e-124	99840
780	[5.31103059e-63 1.02848648e-62]	1.3398548948543715e-124	99968
781	[5.31103059e-63 1.02848648e-62]	1.3398548948543715e-124	100096
#Result: mean = 0.0017213366363316863	std = 0.02328322773010145